#COM_Bin	Avg_cosine_squared
#Order is chain type
0	0	0	0	
1	0	0	0	
2	0	0	0	
3	0	0	0	
4	3.540444E-01	2.679327E-01	3.311114E-01	
5	3.344238E-01	2.452092E-01	3.313436E-01	
6	3.325649E-01	3.212877E-01	3.357719E-01	
7	0	0	0	
8	3.311695E-01	3.242529E-01	3.422181E-01	
9	3.308482E-01	3.662796E-01	3.425293E-01	
10	0	0	0	
11	3.333200E-01	3.026728E-01	3.391686E-01	
12	3.303383E-01	3.217348E-01	3.367288E-01	
13	3.278332E-01	3.777963E-01	3.334454E-01	
14	3.286383E-01	3.171025E-01	3.342562E-01	
15	0	0	0	
16	3.329269E-01	3.176524E-01	3.308592E-01	
17	3.378948E-01	3.574804E-01	3.269072E-01	
18	3.328898E-01	3.206858E-01	3.288299E-01	
19	3.292636E-01	3.096446E-01	3.207299E-01	
20	3.304020E-01	3.395928E-01	3.287859E-01	
21	3.298028E-01	3.339755E-01	3.313414E-01	
22	3.294841E-01	3.389661E-01	3.319551E-01	
23	3.330083E-01	3.346416E-01	3.321150E-01	
24	3.338987E-01	3.465618E-01	3.307226E-01	
25	3.306286E-01	3.571053E-01	3.330702E-01	
26	3.287720E-01	3.299080E-01	3.291125E-01	
27	3.376906E-01	2.854737E-01	3.308528E-01	
28	3.316366E-01	3.688879E-01	3.277560E-01	
29	3.337966E-01	3.424762E-01	3.250387E-01	
30	3.321087E-01	3.502265E-01	3.326484E-01	
31	3.289567E-01	3.641982E-01	3.219157E-01	
32	3.326925E-01	3.464778E-01	3.268634E-01	
33	3.371726E-01	3.332743E-01	3.263999E-01	
34	3.280570E-01	3.314247E-01	3.282553E-01	
35	3.265824E-01	3.404375E-01	3.284842E-01	
36	3.310082E-01	3.309279E-01	3.269972E-01	
37	3.320109E-01	3.369506E-01	3.240308E-01	
38	3.324314E-01	3.222328E-01	3.249907E-01	
39	3.266086E-01	3.298122E-01	3.249208E-01	
40	3.272214E-01	3.333668E-01	3.227960E-01	
41	3.257917E-01	3.295562E-01	3.190447E-01	
42	3.288543E-01	3.335133E-01	3.233340E-01	
43	3.270253E-01	3.320918E-01	3.192088E-01	
44	3.246621E-01	3.087302E-01	3.211962E-01	
45	3.278204E-01	3.410481E-01	3.191477E-01	
46	3.253785E-01	3.069566E-01	3.201560E-01	
47	3.238647E-01	3.379996E-01	3.206431E-01	
48	3.235177E-01	3.275121E-01	3.206997E-01	
49	3.236949E-01	3.243374E-01	3.211231E-01	
50	3.228156E-01	3.172835E-01	3.201289E-01	
51	3.279285E-01	3.324967E-01	3.206265E-01	
52	3.244716E-01	3.357462E-01	3.226385E-01	
53	3.220753E-01	3.165851E-01	3.227487E-01	
54	3.259869E-01	3.374859E-01	3.212615E-01	
55	3.203252E-01	3.252056E-01	3.235368E-01	
56	3.222812E-01	3.377616E-01	3.217956E-01	
57	3.218840E-01	3.374518E-01	3.229197E-01	
58	3.201609E-01	3.227828E-01	3.250133E-01	
59	3.210014E-01	3.241536E-01	3.232845E-01	
60	3.204380E-01	3.284954E-01	3.232523E-01	
61	3.214491E-01	3.156273E-01	3.224316E-01	
62	3.203437E-01	3.268460E-01	3.220596E-01	
63	3.185409E-01	3.187235E-01	3.226769E-01	
64	3.197583E-01	3.163531E-01	3.223002E-01	
65	3.208654E-01	3.290140E-01	3.188818E-01	
66	3.218970E-01	3.256095E-01	3.219952E-01	
67	3.173189E-01	3.232316E-01	3.196385E-01	
68	3.188127E-01	3.277785E-01	3.217017E-01	
69	3.178069E-01	3.296521E-01	3.211413E-01	
70	3.172417E-01	3.210649E-01	3.204098E-01	
71	3.176228E-01	3.377927E-01	3.196873E-01	
72	3.164505E-01	3.195101E-01	3.205460E-01	
73	3.159397E-01	3.167750E-01	3.181125E-01	
74	3.157245E-01	3.201655E-01	3.191843E-01	
75	3.147018E-01	3.276743E-01	3.176262E-01	
76	3.142283E-01	3.185160E-01	3.169095E-01	
77	3.131809E-01	3.101190E-01	3.156528E-01	
78	3.148034E-01	3.073573E-01	3.145031E-01	
79	3.120965E-01	3.207671E-01	3.141358E-01	
80	3.125247E-01	3.126393E-01	3.139673E-01	
81	3.117226E-01	2.990222E-01	3.118590E-01	
82	3.116361E-01	2.995261E-01	3.124610E-01	
83	3.106163E-01	3.074460E-01	3.126028E-01	
84	3.113284E-01	3.008121E-01	3.116839E-01	
85	3.090928E-01	2.914176E-01	3.118866E-01	
86	3.100393E-01	2.957266E-01	3.118751E-01	
87	3.087747E-01	2.995480E-01	3.108023E-01	
88	3.098725E-01	3.066775E-01	3.104896E-01	
89	3.092614E-01	2.995113E-01	3.093082E-01	
90	3.086222E-01	2.915932E-01	3.106229E-01	
91	3.084055E-01	3.009820E-01	3.109980E-01	
92	3.091897E-01	2.972682E-01	3.096849E-01	
93	3.083461E-01	2.865633E-01	3.101726E-01	
94	3.089546E-01	3.023098E-01	3.113770E-01	
95	3.072434E-01	2.965311E-01	3.085362E-01	
96	3.084639E-01	3.069378E-01	3.110774E-01	
97	3.078337E-01	3.051146E-01	3.104466E-01	
98	3.095682E-01	2.988001E-01	3.109420E-01	
99	3.080394E-01	3.000621E-01	3.128745E-01	
100	3.090321E-01	3.033558E-01	3.128238E-01	
101	3.102464E-01	3.045413E-01	3.122715E-01	
102	3.090087E-01	3.032506E-01	3.122878E-01	
103	3.104242E-01	3.057810E-01	3.140733E-01	
104	3.107894E-01	3.063833E-01	3.140744E-01	
105	3.114196E-01	3.052013E-01	3.133350E-01	
106	3.130757E-01	3.037940E-01	3.125170E-01	
107	3.129505E-01	3.096225E-01	3.139991E-01	
108	3.140418E-01	3.045721E-01	3.153498E-01	
109	3.140637E-01	3.106201E-01	3.156258E-01	
110	3.148496E-01	3.181249E-01	3.157323E-01	
111	3.168153E-01	3.115807E-01	3.177171E-01	
112	3.173813E-01	3.071569E-01	3.181429E-01	
113	3.190028E-01	3.135464E-01	3.186799E-01	
114	3.211752E-01	3.109041E-01	3.207044E-01	
115	3.219670E-01	3.080282E-01	3.212354E-01	
116	3.226690E-01	3.237689E-01	3.234059E-01	
117	3.260686E-01	3.175492E-01	3.251004E-01	
118	3.273357E-01	3.163683E-01	3.272687E-01	
119	3.304997E-01	3.145558E-01	3.273272E-01	
120	3.308235E-01	3.133714E-01	3.273425E-01	
121	3.329542E-01	3.171068E-01	3.303839E-01	
122	3.349396E-01	3.257751E-01	3.330717E-01	
123	3.366577E-01	3.178748E-01	3.332218E-01	
124	3.387194E-01	3.163483E-01	3.352720E-01	
125	3.412630E-01	3.216480E-01	3.374150E-01	
126	3.435172E-01	3.263166E-01	3.410875E-01	
127	3.457990E-01	3.268818E-01	3.424249E-01	
128	3.480944E-01	3.218801E-01	3.434796E-01	
129	3.493753E-01	3.311273E-01	3.465050E-01	
130	3.524773E-01	3.300417E-01	3.480060E-01	
131	3.565782E-01	3.397066E-01	3.519092E-01	
132	3.554471E-01	3.375301E-01	3.533731E-01	
133	3.600709E-01	3.388942E-01	3.552959E-01	
134	3.617188E-01	3.437641E-01	3.581408E-01	
135	3.646110E-01	3.453137E-01	3.605687E-01	
136	3.656221E-01	3.515906E-01	3.625368E-01	
137	3.684377E-01	3.474995E-01	3.687752E-01	
138	3.709958E-01	3.590456E-01	3.686876E-01	
139	3.726993E-01	3.700733E-01	3.704997E-01	
140	3.765945E-01	3.594722E-01	3.735736E-01	
141	3.783792E-01	3.624735E-01	3.760915E-01	
142	3.792814E-01	3.730996E-01	3.778703E-01	
143	3.811688E-01	3.606816E-01	3.798811E-01	
144	3.850360E-01	3.859226E-01	3.850953E-01	
145	3.888747E-01	3.792595E-01	3.876272E-01	
146	3.908201E-01	3.832924E-01	3.912215E-01	
147	3.955833E-01	3.759340E-01	3.955204E-01	
148	3.961762E-01	3.896661E-01	3.990524E-01	
149	4.010172E-01	3.907198E-01	4.015643E-01	
150	4.035982E-01	3.734800E-01	4.045879E-01	
151	4.074710E-01	3.855306E-01	4.098602E-01	
152	4.092459E-01	4.018016E-01	4.131603E-01	
153	4.130469E-01	4.001743E-01	4.176557E-01	
154	4.158274E-01	4.003493E-01	4.213421E-01	
155	4.192375E-01	4.051573E-01	4.248046E-01	
156	4.213418E-01	4.022143E-01	4.273850E-01	
157	4.248763E-01	4.139479E-01	4.305849E-01	
158	4.279772E-01	4.071999E-01	4.337797E-01	
159	4.326371E-01	4.156327E-01	4.369125E-01	
160	4.352393E-01	4.123271E-01	4.419326E-01	
161	4.350370E-01	4.255321E-01	4.434876E-01	
162	4.409335E-01	4.182641E-01	4.464282E-01	
163	4.415633E-01	4.289921E-01	4.502197E-01	
164	4.455040E-01	4.299777E-01	4.556854E-01	
165	4.503193E-01	4.368824E-01	4.584590E-01	
166	4.533058E-01	4.316855E-01	4.585198E-01	
167	4.536209E-01	4.261501E-01	4.644389E-01	
168	4.596411E-01	4.331732E-01	4.680576E-01	
169	4.591805E-01	4.360265E-01	4.715857E-01	
170	4.669228E-01	4.306741E-01	4.707645E-01	
171	4.692071E-01	4.475703E-01	4.777040E-01	
172	4.743515E-01	4.396709E-01	4.825475E-01	
173	4.765396E-01	4.352507E-01	4.848372E-01	
174	4.780366E-01	4.444628E-01	4.875077E-01	
175	4.812612E-01	4.787321E-01	4.909551E-01	
176	4.887782E-01	4.617682E-01	4.932653E-01	
177	4.887194E-01	4.626599E-01	4.973569E-01	
178	4.941155E-01	4.595379E-01	5.009621E-01	
179	4.926656E-01	4.460552E-01	4.983196E-01	
180	4.961496E-01	4.569101E-01	5.036106E-01	
181	4.991965E-01	4.475161E-01	4.999181E-01	
182	5.038378E-01	4.548567E-01	5.047090E-01	
183	5.062467E-01	4.570005E-01	5.078334E-01	
184	5.023645E-01	4.505986E-01	5.113193E-01	
185	5.103889E-01	4.425925E-01	5.114085E-01	
186	5.086502E-01	4.594495E-01	5.104849E-01	
187	5.145733E-01	4.516883E-01	5.121923E-01	
188	5.165620E-01	4.335686E-01	5.169362E-01	
189	5.123916E-01	4.499069E-01	5.169161E-01	
190	5.192493E-01	4.298313E-01	5.222517E-01	
191	5.222446E-01	4.548962E-01	5.229159E-01	
192	5.225399E-01	4.491073E-01	5.223625E-01	
193	5.194440E-01	4.372772E-01	5.221837E-01	
194	5.280389E-01	4.376768E-01	5.318922E-01	
195	5.229512E-01	4.403870E-01	5.328749E-01	
196	5.275955E-01	4.412822E-01	5.274383E-01	
197	5.260500E-01	4.534124E-01	5.309171E-01	
198	5.251890E-01	4.361457E-01	5.266527E-01	
199	5.303078E-01	4.387819E-01	5.487904E-01	
200	5.287580E-01	4.293346E-01	5.355596E-01	
201	5.286738E-01	4.379274E-01	5.422299E-01	
202	5.324761E-01	4.433994E-01	5.419976E-01	
203	5.345342E-01	4.136899E-01	5.496144E-01	
204	5.370466E-01	4.157792E-01	5.463064E-01	
205	5.258947E-01	4.079856E-01	5.486272E-01	
206	5.360136E-01	4.144316E-01	5.522441E-01	
207	5.329304E-01	4.124313E-01	5.548410E-01	
208	5.359136E-01	4.214259E-01	5.490334E-01	
209	5.334539E-01	4.128832E-01	5.573759E-01	
210	5.475226E-01	4.091564E-01	5.669955E-01	
211	5.427381E-01	4.015610E-01	5.605446E-01	
212	5.376018E-01	3.892991E-01	5.660519E-01	
213	5.258330E-01	4.070457E-01	5.679628E-01	
214	5.345762E-01	3.893883E-01	5.693615E-01	
215	5.365109E-01	4.048589E-01	5.771855E-01	
216	5.207471E-01	3.989427E-01	5.772459E-01	
217	5.253657E-01	3.944998E-01	5.760563E-01	
218	5.098691E-01	4.106915E-01	5.755071E-01	
219	5.192478E-01	3.901398E-01	5.777677E-01	
220	5.042707E-01	3.804621E-01	5.780057E-01	
221	5.084072E-01	3.866674E-01	5.804468E-01	
222	4.972977E-01	3.724120E-01	5.772330E-01	
223	4.839082E-01	3.681331E-01	5.856956E-01	
224	4.945162E-01	3.576876E-01	5.772581E-01	
225	4.915496E-01	3.758708E-01	5.745522E-01	
226	4.865351E-01	3.696801E-01	5.684772E-01	
227	4.797479E-01	3.641605E-01	5.754151E-01	
228	4.707037E-01	3.426430E-01	5.627416E-01	
229	4.780146E-01	3.578818E-01	5.625269E-01	
230	4.805570E-01	3.512609E-01	5.527631E-01	
231	4.669851E-01	3.749698E-01	5.634801E-01	
232	4.672778E-01	3.685085E-01	5.621157E-01	
233	4.677134E-01	3.643546E-01	5.712899E-01	
234	4.685519E-01	3.605672E-01	5.662114E-01	
235	4.497995E-01	3.426650E-01	5.717173E-01	
236	4.630086E-01	3.839550E-01	5.510380E-01	
237	4.619953E-01	3.422026E-01	5.711032E-01	
238	4.525902E-01	3.587699E-01	5.753502E-01	
239	4.469964E-01	3.606405E-01	5.498897E-01	
240	4.463978E-01	3.281830E-01	5.531466E-01	
241	4.194639E-01	3.535901E-01	5.556891E-01	
242	4.148901E-01	3.521348E-01	5.493802E-01	
243	4.092582E-01	3.359058E-01	5.574324E-01	
244	3.962776E-01	3.441825E-01	5.348690E-01	
245	4.096546E-01	3.431660E-01	5.628927E-01	
246	3.998411E-01	3.554229E-01	5.564751E-01	
247	3.938379E-01	3.540361E-01	5.519926E-01	
248	3.898614E-01	3.408658E-01	5.448115E-01	
249	4.010233E-01	3.496272E-01	5.354217E-01	
250	3.821079E-01	3.319728E-01	5.472981E-01	
251	4.002288E-01	3.415274E-01	5.339809E-01	
252	3.902502E-01	3.362974E-01	5.418537E-01	
253	3.861352E-01	3.529378E-01	5.381846E-01	
254	3.833003E-01	3.388237E-01	5.368402E-01	
255	3.940058E-01	3.514375E-01	5.282453E-01	
256	3.882220E-01	3.285451E-01	5.116765E-01	
257	3.858659E-01	3.125849E-01	5.047091E-01	
258	3.683344E-01	3.400243E-01	4.983447E-01	
259	3.717870E-01	3.334507E-01	4.936840E-01	
260	3.717234E-01	3.411534E-01	4.953833E-01	
261	3.570906E-01	3.054108E-01	5.136220E-01	
262	3.516870E-01	3.148215E-01	4.971942E-01	
263	3.653842E-01	3.180080E-01	4.742173E-01	
264	3.530809E-01	3.295088E-01	4.668353E-01	
265	3.443253E-01	3.110492E-01	4.715602E-01	
266	3.541709E-01	3.247068E-01	4.594539E-01	
267	3.558051E-01	3.119921E-01	4.740475E-01	
268	3.526656E-01	3.094521E-01	4.636677E-01	
269	3.490741E-01	3.071615E-01	4.481846E-01	
270	3.446033E-01	3.111086E-01	4.745713E-01	
271	3.475305E-01	3.047945E-01	4.684704E-01	
272	3.378553E-01	3.189674E-01	4.595427E-01	
273	3.448933E-01	2.915906E-01	4.593961E-01	
274	3.432387E-01	2.904384E-01	4.437007E-01	
275	3.503713E-01	3.048061E-01	4.508124E-01	
276	3.146990E-01	3.126829E-01	4.338794E-01	
277	3.494059E-01	3.043390E-01	4.491615E-01	
278	3.203184E-01	3.081148E-01	4.476215E-01	
279	3.290156E-01	3.035409E-01	4.532350E-01	
280	3.257654E-01	3.001231E-01	4.366890E-01	
281	3.011393E-01	2.953918E-01	4.178450E-01	
282	3.125489E-01	3.033931E-01	4.108785E-01	
283	3.244658E-01	2.887334E-01	4.384875E-01	
284	3.041957E-01	3.048492E-01	4.453457E-01	
285	3.090854E-01	2.893253E-01	4.259179E-01	
286	3.070984E-01	2.917979E-01	4.450609E-01	
287	3.060866E-01	3.049362E-01	4.498697E-01	
288	2.969675E-01	2.952983E-01	4.404465E-01	
289	3.136937E-01	2.845811E-01	4.410470E-01	
290	2.975031E-01	2.843500E-01	4.464477E-01	
291	3.065435E-01	2.985192E-01	4.509968E-01	
292	2.971118E-01	2.930682E-01	4.366496E-01	
293	2.866627E-01	2.851661E-01	4.291894E-01	
294	3.183106E-01	2.887953E-01	4.227632E-01	
295	3.030662E-01	2.928974E-01	4.250429E-01	
296	3.037957E-01	2.750372E-01	4.307045E-01	
297	3.085288E-01	2.898092E-01	4.188926E-01	
298	3.089815E-01	2.994089E-01	4.194444E-01	
299	3.029915E-01	2.928671E-01	4.189183E-01	
300	3.082758E-01	2.948517E-01	3.878670E-01	
301	3.043954E-01	3.041177E-01	3.848848E-01	
302	2.956090E-01	2.854945E-01	3.864799E-01	
303	3.036824E-01	2.783664E-01	3.738601E-01	
304	3.038923E-01	2.852910E-01	3.579698E-01	
305	3.014662E-01	2.944591E-01	3.491065E-01	
306	2.967712E-01	2.920023E-01	3.614195E-01	
307	2.957757E-01	3.151621E-01	3.523316E-01	
308	2.846146E-01	2.853059E-01	3.411712E-01	
309	2.833779E-01	3.017446E-01	3.288095E-01	
310	2.853790E-01	2.802430E-01	3.318949E-01	
311	2.870411E-01	2.796586E-01	3.205478E-01	
312	2.920459E-01	2.952749E-01	3.396465E-01	
313	2.901631E-01	2.985398E-01	3.270017E-01	
314	2.981406E-01	3.077642E-01	3.162147E-01	
315	2.966304E-01	2.876863E-01	3.176397E-01	
316	2.856357E-01	2.930283E-01	3.263393E-01	
317	2.990563E-01	2.942869E-01	3.121824E-01	
318	2.882362E-01	3.092263E-01	3.283566E-01	
319	2.863967E-01	2.922047E-01	3.367814E-01	
320	2.957247E-01	3.016825E-01	3.219706E-01	
321	2.862452E-01	2.932989E-01	3.319329E-01	
322	2.907300E-01	2.873466E-01	3.369208E-01	
323	2.812302E-01	2.937545E-01	3.309033E-01	
324	2.869151E-01	2.940871E-01	3.381992E-01	
325	2.989398E-01	3.028281E-01	3.423517E-01	
326	2.837781E-01	2.936710E-01	3.479390E-01	
327	2.891215E-01	2.885039E-01	3.242206E-01	
328	2.846661E-01	2.939988E-01	3.114753E-01	
329	2.871256E-01	2.930032E-01	3.143650E-01	
330	2.805692E-01	2.803980E-01	3.207057E-01	
331	2.876092E-01	2.831278E-01	2.974026E-01	
332	2.807326E-01	2.811051E-01	2.948661E-01	
333	2.831027E-01	2.871432E-01	2.894826E-01	
334	2.699672E-01	3.023432E-01	2.962863E-01	
335	2.812942E-01	3.213062E-01	2.968140E-01	
336	2.833344E-01	2.988187E-01	2.598629E-01	
337	2.809361E-01	2.883667E-01	2.935391E-01	
338	2.822260E-01	3.112801E-01	2.853268E-01	
339	2.872810E-01	2.895010E-01	2.676771E-01	
340	2.852392E-01	2.763491E-01	2.627563E-01	
341	2.832591E-01	2.985783E-01	2.658802E-01	
342	2.852606E-01	2.996414E-01	2.766493E-01	
343	2.765486E-01	2.833790E-01	2.617967E-01	
344	2.802775E-01	3.009481E-01	2.660223E-01	
345	2.870556E-01	2.963064E-01	2.725530E-01	
346	2.851437E-01	3.035623E-01	2.753001E-01	
347	2.742000E-01	2.809992E-01	2.822654E-01	
348	2.784701E-01	2.884198E-01	2.895876E-01	
349	2.805824E-01	3.039204E-01	2.777236E-01	
350	2.834047E-01	2.825473E-01	3.369142E-01	
351	2.821920E-01	2.898299E-01	3.128807E-01	
352	2.641851E-01	2.741356E-01	2.801599E-01	
353	2.625338E-01	2.989169E-01	2.877229E-01	
354	2.758682E-01	3.035087E-01	3.264432E-01	
355	2.667667E-01	2.874716E-01	3.245368E-01	
356	2.737244E-01	2.924687E-01	3.055107E-01	
357	2.760132E-01	2.679691E-01	2.902083E-01	
358	2.701714E-01	2.866949E-01	3.238017E-01	
359	2.623567E-01	2.994635E-01	3.049353E-01	
360	2.761740E-01	2.934306E-01	3.502397E-01	
361	2.752667E-01	3.014385E-01	3.370465E-01	
362	2.689241E-01	3.022739E-01	3.608501E-01	
363	2.767347E-01	2.775659E-01	3.252243E-01	
364	2.679204E-01	2.791078E-01	3.570700E-01	
365	2.660323E-01	2.947226E-01	3.498227E-01	
366	2.809735E-01	2.710723E-01	3.747403E-01	
367	2.657473E-01	2.827502E-01	3.771799E-01	
368	2.851351E-01	2.962911E-01	3.599019E-01	
369	2.744122E-01	2.742264E-01	3.410551E-01	
370	2.792275E-01	2.848302E-01	3.214527E-01	
371	2.892704E-01	2.855957E-01	2.959068E-01	
372	2.874464E-01	2.745578E-01	3.363107E-01	
373	2.853396E-01	2.820067E-01	3.114221E-01	
374	2.825000E-01	2.635316E-01	3.348621E-01	
375	2.916136E-01	2.957855E-01	3.435440E-01	
376	2.822856E-01	2.828953E-01	3.344318E-01	
377	2.797244E-01	2.756865E-01	2.957331E-01	
378	2.826826E-01	2.857838E-01	3.127392E-01	
379	2.738322E-01	2.733171E-01	3.211803E-01	
380	2.798224E-01	2.629974E-01	3.213090E-01	
381	2.901279E-01	2.901711E-01	3.373120E-01	
382	2.785990E-01	2.827304E-01	3.389177E-01	
383	2.775038E-01	2.727286E-01	3.622949E-01	
384	2.690467E-01	2.688173E-01	3.036863E-01	
385	2.744425E-01	2.569731E-01	3.482143E-01	
386	2.774759E-01	2.840183E-01	3.315338E-01	
387	2.636103E-01	2.654374E-01	2.990371E-01	
388	2.897870E-01	3.033524E-01	3.225879E-01	
389	3.040423E-01	2.831139E-01	3.169730E-01	
390	2.873898E-01	2.735260E-01	3.336841E-01	
391	2.741497E-01	2.771600E-01	3.298555E-01	
392	2.860565E-01	2.982248E-01	2.998261E-01	
393	2.953245E-01	2.721683E-01	3.106878E-01	
394	2.859046E-01	2.913976E-01	3.006985E-01	
395	2.823252E-01	2.910129E-01	2.909544E-01	
396	2.916527E-01	2.620515E-01	2.748568E-01	
397	2.958785E-01	2.955071E-01	2.977803E-01	
398	3.081770E-01	2.882390E-01	2.679272E-01	
399	2.957523E-01	2.801285E-01	2.840215E-01	
400	2.845090E-01	2.714933E-01	2.856958E-01	
401	2.919786E-01	2.575453E-01	2.807900E-01	
402	2.858516E-01	2.834554E-01	2.521760E-01	
403	2.751176E-01	2.669393E-01	2.366798E-01	
404	2.894125E-01	2.617566E-01	2.161623E-01	
405	2.808183E-01	2.686972E-01	2.239520E-01	
406	3.033753E-01	2.990133E-01	2.170226E-01	
407	3.055634E-01	3.045625E-01	2.458149E-01	
408	2.875298E-01	3.043472E-01	2.371466E-01	
409	2.759549E-01	2.823615E-01	2.399040E-01	
410	2.829055E-01	2.971084E-01	2.562844E-01	
411	2.940255E-01	2.558936E-01	2.293934E-01	
412	2.910301E-01	3.009216E-01	2.357563E-01	
413	3.021372E-01	2.914418E-01	2.322850E-01	
414	2.859587E-01	2.769233E-01	2.114549E-01	
415	3.022182E-01	3.009728E-01	2.743237E-01	
416	2.712007E-01	3.176050E-01	2.604793E-01	
417	2.755155E-01	2.856820E-01	2.779265E-01	
418	2.861091E-01	3.044968E-01	2.427486E-01	
419	2.854905E-01	2.968925E-01	2.961083E-01	
420	2.881333E-01	2.645730E-01	2.844733E-01	
421	2.899036E-01	3.137280E-01	2.935342E-01	
422	2.656981E-01	2.984942E-01	2.605419E-01	
423	2.537337E-01	2.792373E-01	2.982862E-01	
424	2.664244E-01	2.584677E-01	2.940952E-01	
425	2.457951E-01	3.152083E-01	2.931865E-01	
426	2.749805E-01	3.106346E-01	2.987722E-01	
427	2.546197E-01	2.916933E-01	2.819915E-01	
428	2.554251E-01	3.265360E-01	3.203713E-01	
429	2.748642E-01	3.180928E-01	3.306203E-01	
430	2.391150E-01	3.136691E-01	2.698374E-01	
431	2.785029E-01	2.926179E-01	3.309498E-01	
432	2.555044E-01	2.743811E-01	3.139433E-01	
433	2.841761E-01	3.188102E-01	3.210867E-01	
434	2.649355E-01	3.120094E-01	3.250744E-01	
435	2.395571E-01	2.715440E-01	2.601862E-01	
436	2.755757E-01	2.881793E-01	3.026864E-01	
437	2.633932E-01	2.860755E-01	2.815566E-01	
438	2.701835E-01	2.896490E-01	3.119306E-01	
439	2.514399E-01	2.764542E-01	3.288659E-01	
440	2.619894E-01	3.332829E-01	2.894185E-01	
441	2.810561E-01	2.909541E-01	3.783559E-01	
442	2.903077E-01	3.010631E-01	3.860913E-01	
443	2.223125E-01	3.031201E-01	3.657359E-01	
444	2.765376E-01	2.977887E-01	3.805540E-01	
445	2.989466E-01	3.310430E-01	4.285491E-01	
446	2.746475E-01	3.239260E-01	3.959095E-01	
447	2.906935E-01	2.859572E-01	4.500616E-01	
448	2.497725E-01	3.028078E-01	3.915894E-01	
449	2.970047E-01	2.778944E-01	4.370680E-01	
450	2.418766E-01	2.838953E-01	4.383308E-01	
451	2.660377E-01	2.742515E-01	4.446655E-01	
452	2.912252E-01	3.339825E-01	5.186077E-01	
453	2.601675E-01	2.966465E-01	4.468789E-01	
454	3.380099E-01	3.070625E-01	4.903902E-01	
455	2.701590E-01	3.052964E-01	4.573042E-01	
456	3.308254E-01	3.122381E-01	5.267005E-01	
457	2.685008E-01	3.140407E-01	4.911541E-01	
458	3.066816E-01	2.903896E-01	4.593411E-01	
459	3.470825E-01	2.484488E-01	5.478295E-01	
460	3.109616E-01	3.086373E-01	4.461224E-01	
461	3.939871E-01	2.469239E-01	6.035206E-01	
462	2.917535E-01	2.831240E-01	5.096958E-01	
463	3.887543E-01	3.173922E-01	5.704039E-01	
464	3.193694E-01	2.973264E-01	5.181767E-01	
465	3.871681E-01	2.475848E-01	4.713394E-01	
466	2.887530E-01	3.522442E-01	5.808278E-01	
467	3.876789E-01	2.756486E-01	4.866554E-01	
468	3.832895E-01	3.185082E-01	5.805958E-01	
469	3.061336E-01	3.123496E-01	6.106439E-01	
470	3.733181E-01	2.910617E-01	6.845080E-01	
471	3.247517E-01	2.638769E-01	5.797311E-01	
472	3.112433E-01	3.160091E-01	6.502565E-01	
473	3.538268E-01	2.550192E-01	6.551856E-01	
474	3.493114E-01	2.864851E-01	4.251886E-01	
475	3.979025E-01	3.372713E-01	0	
476	3.195544E-01	2.938744E-01	7.377800E-01	
477	5.371717E-01	3.240280E-01	0	
478	2.904148E-01	2.780103E-01	6.383167E-01	
479	4.698462E-01	3.898312E-01	0	
480	3.708717E-01	2.960196E-01	7.338290E-01	
481	3.244624E-01	2.574017E-01	0	
482	4.761654E-01	3.738342E-01	0	
483	2.875712E-01	3.529538E-01	0	
484	6.443478E-01	4.087021E-01	0	
485	4.002605E-01	3.484903E-01	0	
486	6.148103E-01	3.040058E-01	0	
487	4.421468E-01	2.669374E-01	0	
488	5.911368E-01	4.725854E-01	0	
489	4.752714E-01	3.565764E-01	0	
490	6.107674E-01	4.530593E-01	0	
491	6.288673E-01	3.040100E-01	0	
492	5.471203E-01	3.894683E-01	0	
493	0	6.375867E-01	0	
494	5.728441E-01	3.032164E-01	0	
495	5.493489E-01	8.435022E-01	0	
496	5.948204E-01	4.294285E-01	0	
497	3.875243E-01	8.789875E-01	0	
498	5.797355E-01	1.819226E-01	0	
499	6.021437E-01	4.218806E-01	0	
500	0	0	0	
501	5.846171E-01	4.731791E-01	0	
502	0	0	0	
503	6.106624E-01	3.714883E-01	0	
504	0	0	0	
505	7.113688E-01	5.394063E-01	0	
506	0	0	0	
507	0	0	0	
508	7.450621E-01	6.227909E-01	0	
509	0	0	0	
510	9.480253E-01	3.096269E-01	0	
511	0	0	0	
512	9.726862E-01	5.462496E-01	0	
513	0	0	0	
514	0	0	0	
515	9.531695E-01	0	0	
516	0	0	0	
517	9.536738E-01	0	0	
518	0	0	0	
519	0	0	0	
520	0	0	0	
521	0	0	0	
522	0	0	0	
523	0	0	0	
524	0	0	0	
525	0	0	0	
526	0	0	0	
527	0	0	0	
528	0	0	0	
529	0	0	0	
530	0	0	0	
531	0	0	0	
532	0	0	0	
533	0	0	0	
534	0	0	0	
535	0	0	0	
536	0	0	0	
537	0	0	0	
538	0	0	0	
539	0	0	0	
540	0	0	0	
541	0	0	0	
542	0	0	0	
543	0	0	0	
544	0	0	0	
545	0	0	0	
546	0	0	0	
547	0	0	0	
548	0	0	0	
549	0	0	0	
550	0	0	0	
551	0	0	0	
552	0	0	0	
553	0	0	0	
554	0	0	0	
555	0	0	0	
556	0	0	0	
557	0	0	0	
558	0	0	0	
559	0	0	0	
560	0	0	0	
561	0	0	0	
562	0	0	0	
563	0	0	0	
564	0	0	0	
565	0	0	0	
566	0	0	0	
567	0	0	0	
568	0	0	0	
569	0	0	0	
570	0	0	0	
571	0	0	0	
572	0	0	0	
573	0	0	0	
574	0	0	0	
575	0	0	0	
576	0	0	0	
577	0	0	0	
578	0	0	0	
579	0	0	0	
580	0	0	0	
581	0	0	0	
582	0	0	0	
583	0	0	0	
584	0	0	0	
585	0	0	0	
586	0	0	0	
587	0	0	0	
588	0	0	0	
589	0	0	0	
590	0	0	0	
591	0	0	0	
592	0	0	0	
593	0	0	0	
594	0	0	0	
595	0	0	0	
596	0	0	0	
597	0	0	0	
598	0	0	0	
599	0	0	0	
#NewRun
0	0	0	0	
1	0	0	0	
2	0	0	0	
3	0	0	0	
4	3.218187E-01	2.663842E-01	3.413469E-01	
5	3.271057E-01	3.865073E-01	3.292285E-01	
6	3.353820E-01	4.183817E-01	3.262251E-01	
7	0	0	0	
8	3.266396E-01	3.728894E-01	3.357725E-01	
9	3.288960E-01	3.391107E-01	3.377543E-01	
10	0	0	0	
11	3.332909E-01	3.368677E-01	3.210017E-01	
12	3.357249E-01	3.690694E-01	3.376598E-01	
13	3.348331E-01	3.487139E-01	3.292591E-01	
14	3.333625E-01	3.310610E-01	3.360541E-01	
15	0	0	0	
16	3.307144E-01	3.100880E-01	3.353126E-01	
17	3.306747E-01	3.374029E-01	3.360321E-01	
18	3.311609E-01	3.439634E-01	3.357513E-01	
19	3.340183E-01	3.301265E-01	3.429148E-01	
20	3.291287E-01	3.251716E-01	3.369599E-01	
21	3.261774E-01	3.473711E-01	3.408223E-01	
22	3.285439E-01	3.227345E-01	3.361302E-01	
23	3.291369E-01	3.373381E-01	3.384572E-01	
24	3.278656E-01	3.257657E-01	3.442070E-01	
25	3.274401E-01	3.365169E-01	3.367471E-01	
26	3.262308E-01	3.145096E-01	3.388070E-01	
27	3.256726E-01	3.289568E-01	3.370184E-01	
28	3.300185E-01	3.220539E-01	3.372005E-01	
29	3.278168E-01	3.217686E-01	3.364001E-01	
30	3.304623E-01	3.045431E-01	3.406267E-01	
31	3.243753E-01	3.281864E-01	3.331494E-01	
32	3.298797E-01	3.252462E-01	3.377862E-01	
33	3.265917E-01	3.114065E-01	3.367680E-01	
34	3.262882E-01	3.027072E-01	3.308163E-01	
35	3.265198E-01	3.142752E-01	3.339857E-01	
36	3.301933E-01	3.113097E-01	3.339435E-01	
37	3.266466E-01	3.041940E-01	3.305777E-01	
38	3.251667E-01	3.186846E-01	3.325886E-01	
39	3.260599E-01	2.999418E-01	3.295389E-01	
40	3.257669E-01	3.292702E-01	3.270642E-01	
41	3.251739E-01	3.263388E-01	3.265885E-01	
42	3.250069E-01	3.234703E-01	3.272859E-01	
43	3.278035E-01	3.387262E-01	3.292127E-01	
44	3.276835E-01	3.168195E-01	3.238432E-01	
45	3.262117E-01	3.192359E-01	3.251032E-01	
46	3.261219E-01	3.168566E-01	3.236794E-01	
47	3.249360E-01	3.188791E-01	3.256741E-01	
48	3.273711E-01	3.169167E-01	3.243709E-01	
49	3.277540E-01	3.166426E-01	3.248163E-01	
50	3.284655E-01	3.215687E-01	3.258892E-01	
51	3.298779E-01	3.039762E-01	3.243759E-01	
52	3.258062E-01	3.123936E-01	3.234565E-01	
53	3.276457E-01	3.027666E-01	3.226755E-01	
54	3.269460E-01	3.059719E-01	3.228301E-01	
55	3.256124E-01	3.037673E-01	3.224811E-01	
56	3.255897E-01	3.008847E-01	3.235683E-01	
57	3.257514E-01	3.049131E-01	3.236104E-01	
58	3.259809E-01	2.911150E-01	3.218419E-01	
59	3.240271E-01	3.089154E-01	3.219002E-01	
60	3.241182E-01	3.041714E-01	3.222383E-01	
61	3.248995E-01	2.977881E-01	3.214331E-01	
62	3.253398E-01	3.082410E-01	3.213653E-01	
63	3.262151E-01	3.091708E-01	3.199977E-01	
64	3.234502E-01	3.057149E-01	3.185378E-01	
65	3.240114E-01	3.120499E-01	3.212263E-01	
66	3.233507E-01	3.291946E-01	3.188027E-01	
67	3.211300E-01	3.217687E-01	3.196933E-01	
68	3.227204E-01	3.227531E-01	3.165917E-01	
69	3.218636E-01	3.235247E-01	3.166676E-01	
70	3.182979E-01	3.258394E-01	3.165152E-01	
71	3.215065E-01	3.353132E-01	3.176089E-01	
72	3.197597E-01	3.226041E-01	3.156168E-01	
73	3.202614E-01	3.306025E-01	3.156307E-01	
74	3.216055E-01	3.315554E-01	3.173626E-01	
75	3.189562E-01	3.309719E-01	3.148200E-01	
76	3.186132E-01	3.230127E-01	3.148310E-01	
77	3.192985E-01	3.358562E-01	3.152383E-01	
78	3.188562E-01	3.346146E-01	3.146340E-01	
79	3.177859E-01	3.373158E-01	3.166063E-01	
80	3.160763E-01	3.210584E-01	3.152411E-01	
81	3.174002E-01	3.293779E-01	3.163568E-01	
82	3.171532E-01	3.472006E-01	3.174823E-01	
83	3.170018E-01	3.470804E-01	3.166978E-01	
84	3.168351E-01	3.339130E-01	3.172608E-01	
85	3.143437E-01	3.469940E-01	3.175381E-01	
86	3.133729E-01	3.374635E-01	3.183101E-01	
87	3.145857E-01	3.386396E-01	3.191741E-01	
88	3.146845E-01	3.383700E-01	3.184392E-01	
89	3.157856E-01	3.416523E-01	3.193805E-01	
90	3.163707E-01	3.400711E-01	3.188049E-01	
91	3.136300E-01	3.465708E-01	3.181675E-01	
92	3.133496E-01	3.420271E-01	3.188396E-01	
93	3.140655E-01	3.387925E-01	3.182398E-01	
94	3.148369E-01	3.436296E-01	3.173063E-01	
95	3.135194E-01	3.458739E-01	3.179019E-01	
96	3.151789E-01	3.450228E-01	3.171493E-01	
97	3.151253E-01	3.392491E-01	3.166689E-01	
98	3.155124E-01	3.513018E-01	3.158103E-01	
99	3.163360E-01	3.421490E-01	3.159561E-01	
100	3.157970E-01	3.417963E-01	3.176799E-01	
101	3.174333E-01	3.425057E-01	3.151779E-01	
102	3.174993E-01	3.494427E-01	3.150862E-01	
103	3.166192E-01	3.514811E-01	3.156170E-01	
104	3.195716E-01	3.428694E-01	3.174734E-01	
105	3.200080E-01	3.467189E-01	3.148915E-01	
106	3.207205E-01	3.541553E-01	3.155793E-01	
107	3.209068E-01	3.494274E-01	3.155886E-01	
108	3.212370E-01	3.429847E-01	3.179608E-01	
109	3.219679E-01	3.520914E-01	3.160655E-01	
110	3.238871E-01	3.478157E-01	3.160687E-01	
111	3.241441E-01	3.438183E-01	3.168611E-01	
112	3.247766E-01	3.399827E-01	3.181717E-01	
113	3.253243E-01	3.478159E-01	3.190749E-01	
114	3.266289E-01	3.428153E-01	3.196861E-01	
115	3.271092E-01	3.465224E-01	3.204068E-01	
116	3.282246E-01	3.385130E-01	3.217970E-01	
117	3.305097E-01	3.352067E-01	3.220323E-01	
118	3.322688E-01	3.358516E-01	3.242697E-01	
119	3.339195E-01	3.411453E-01	3.256438E-01	
120	3.334827E-01	3.291507E-01	3.290497E-01	
121	3.362593E-01	3.337319E-01	3.295661E-01	
122	3.388544E-01	3.329179E-01	3.311916E-01	
123	3.392138E-01	3.315305E-01	3.315658E-01	
124	3.420317E-01	3.284039E-01	3.350812E-01	
125	3.433836E-01	3.306261E-01	3.372804E-01	
126	3.445765E-01	3.281587E-01	3.376276E-01	
127	3.453347E-01	3.317348E-01	3.397678E-01	
128	3.475831E-01	3.345229E-01	3.428096E-01	
129	3.499285E-01	3.269212E-01	3.426941E-01	
130	3.499778E-01	3.334137E-01	3.463965E-01	
131	3.550896E-01	3.360844E-01	3.488727E-01	
132	3.545160E-01	3.409962E-01	3.492105E-01	
133	3.572788E-01	3.437475E-01	3.533417E-01	
134	3.580879E-01	3.445446E-01	3.537958E-01	
135	3.595852E-01	3.348342E-01	3.559047E-01	
136	3.619597E-01	3.378707E-01	3.588922E-01	
137	3.633438E-01	3.460428E-01	3.613149E-01	
138	3.656216E-01	3.402652E-01	3.636954E-01	
139	3.686032E-01	3.434357E-01	3.638587E-01	
140	3.702634E-01	3.458940E-01	3.691958E-01	
141	3.729356E-01	3.568090E-01	3.698728E-01	
142	3.751107E-01	3.512479E-01	3.723883E-01	
143	3.769264E-01	3.668779E-01	3.736869E-01	
144	3.791428E-01	3.538051E-01	3.783485E-01	
145	3.811170E-01	3.558561E-01	3.777605E-01	
146	3.829819E-01	3.563604E-01	3.813531E-01	
147	3.860259E-01	3.602045E-01	3.851362E-01	
148	3.870137E-01	3.697035E-01	3.850124E-01	
149	3.901949E-01	3.816860E-01	3.901622E-01	
150	3.937138E-01	3.766303E-01	3.909780E-01	
151	3.947907E-01	3.728521E-01	3.922870E-01	
152	3.962731E-01	3.805521E-01	3.942686E-01	
153	3.990203E-01	3.881392E-01	3.971465E-01	
154	4.039785E-01	3.869195E-01	3.973076E-01	
155	4.057768E-01	3.969928E-01	4.014551E-01	
156	4.070614E-01	4.024864E-01	4.039889E-01	
157	4.111281E-01	4.045700E-01	4.045453E-01	
158	4.118178E-01	4.055538E-01	4.059771E-01	
159	4.135192E-01	4.090985E-01	4.086650E-01	
160	4.170117E-01	4.245914E-01	4.117445E-01	
161	4.198609E-01	4.195399E-01	4.116689E-01	
162	4.230486E-01	4.253641E-01	4.117374E-01	
163	4.250843E-01	4.221095E-01	4.158310E-01	
164	4.299084E-01	4.236319E-01	4.174357E-01	
165	4.300277E-01	4.207790E-01	4.175853E-01	
166	4.368125E-01	4.162063E-01	4.211728E-01	
167	4.355392E-01	4.235705E-01	4.236631E-01	
168	4.375474E-01	4.236603E-01	4.264586E-01	
169	4.410749E-01	4.327046E-01	4.276402E-01	
170	4.425947E-01	4.248656E-01	4.273210E-01	
171	4.452541E-01	4.339216E-01	4.310691E-01	
172	4.484231E-01	4.179262E-01	4.336238E-01	
173	4.509102E-01	4.205899E-01	4.374307E-01	
174	4.529495E-01	4.200432E-01	4.375959E-01	
175	4.582797E-01	4.300696E-01	4.381316E-01	
176	4.586115E-01	4.275549E-01	4.442949E-01	
177	4.654475E-01	4.206501E-01	4.465562E-01	
178	4.645337E-01	4.303421E-01	4.526884E-01	
179	4.647256E-01	4.278957E-01	4.525256E-01	
180	4.685256E-01	4.271193E-01	4.556393E-01	
181	4.709702E-01	4.170548E-01	4.608822E-01	
182	4.779220E-01	4.287511E-01	4.623950E-01	
183	4.793904E-01	4.235725E-01	4.660622E-01	
184	4.774107E-01	4.304587E-01	4.669900E-01	
185	4.812832E-01	4.531382E-01	4.706188E-01	
186	4.844026E-01	4.251418E-01	4.699643E-01	
187	4.855421E-01	4.447447E-01	4.774055E-01	
188	4.900463E-01	4.378822E-01	4.774872E-01	
189	4.936281E-01	4.115848E-01	4.786318E-01	
190	4.918359E-01	4.183377E-01	4.848626E-01	
191	4.967459E-01	4.257321E-01	4.809699E-01	
192	4.952982E-01	4.038543E-01	4.906887E-01	
193	4.994067E-01	4.087026E-01	4.893159E-01	
194	4.979567E-01	3.972664E-01	4.869723E-01	
195	4.985987E-01	4.289090E-01	4.956905E-01	
196	4.997546E-01	4.045254E-01	4.961615E-01	
197	5.035662E-01	4.197638E-01	4.979504E-01	
198	5.026716E-01	4.172545E-01	5.004028E-01	
199	5.052507E-01	3.807090E-01	5.016491E-01	
200	5.050111E-01	3.817289E-01	5.098051E-01	
201	5.102035E-01	3.986830E-01	5.121008E-01	
202	5.138185E-01	4.079428E-01	5.032739E-01	
203	5.131194E-01	4.153106E-01	5.127725E-01	
204	5.137831E-01	4.007900E-01	5.118005E-01	
205	5.131783E-01	3.958035E-01	5.073081E-01	
206	5.152310E-01	4.020322E-01	5.169397E-01	
207	5.116870E-01	3.915716E-01	5.147188E-01	
208	5.112755E-01	3.940685E-01	5.197682E-01	
209	5.175312E-01	3.943941E-01	5.215630E-01	
210	5.167133E-01	3.807963E-01	5.160481E-01	
211	5.205800E-01	4.066779E-01	5.180074E-01	
212	5.100172E-01	3.856339E-01	5.354056E-01	
213	5.142477E-01	4.014874E-01	5.234513E-01	
214	5.141320E-01	3.923296E-01	5.257542E-01	
215	5.106511E-01	3.929410E-01	5.220261E-01	
216	5.082731E-01	4.003101E-01	5.271820E-01	
217	5.207740E-01	3.715673E-01	5.361359E-01	
218	5.150695E-01	3.744585E-01	5.302097E-01	
219	5.061583E-01	4.023559E-01	5.295993E-01	
220	5.151723E-01	3.893170E-01	5.378814E-01	
221	5.058755E-01	3.539867E-01	5.279209E-01	
222	5.101402E-01	3.734254E-01	5.380463E-01	
223	5.142117E-01	3.717996E-01	5.322505E-01	
224	5.059239E-01	3.495315E-01	5.373090E-01	
225	4.985022E-01	3.588313E-01	5.322097E-01	
226	5.096211E-01	3.450805E-01	5.266601E-01	
227	5.057269E-01	3.562294E-01	5.301337E-01	
228	4.954713E-01	3.550618E-01	5.338287E-01	
229	5.017176E-01	3.645265E-01	5.264086E-01	
230	4.882201E-01	3.466886E-01	5.420801E-01	
231	4.855171E-01	3.548255E-01	5.211078E-01	
232	4.891392E-01	3.481939E-01	5.195971E-01	
233	4.848018E-01	3.543126E-01	5.245060E-01	
234	4.796164E-01	3.619174E-01	5.267456E-01	
235	4.805571E-01	3.460182E-01	5.244934E-01	
236	4.757426E-01	3.464399E-01	5.233711E-01	
237	4.667920E-01	3.269942E-01	5.287485E-01	
238	4.675379E-01	3.522877E-01	5.278201E-01	
239	4.728265E-01	3.603371E-01	5.325876E-01	
240	4.668465E-01	3.484639E-01	5.172704E-01	
241	4.519563E-01	3.582332E-01	5.145648E-01	
242	4.465744E-01	3.610044E-01	5.187598E-01	
243	4.500507E-01	3.576840E-01	5.136491E-01	
244	4.493135E-01	3.426399E-01	5.178375E-01	
245	4.476941E-01	3.386595E-01	5.096624E-01	
246	4.395281E-01	3.266231E-01	5.124838E-01	
247	4.458463E-01	3.227195E-01	5.040017E-01	
248	4.381827E-01	3.362423E-01	4.991231E-01	
249	4.341853E-01	3.429230E-01	4.996921E-01	
250	4.284298E-01	3.663411E-01	4.865988E-01	
251	4.248987E-01	3.568464E-01	4.780913E-01	
252	4.238465E-01	3.492222E-01	4.957307E-01	
253	4.249457E-01	3.383631E-01	4.794154E-01	
254	4.018382E-01	3.468116E-01	4.845195E-01	
255	4.058771E-01	3.454492E-01	4.654524E-01	
256	4.082649E-01	3.230570E-01	4.698806E-01	
257	4.012039E-01	3.403561E-01	4.689455E-01	
258	3.864727E-01	3.246606E-01	4.617286E-01	
259	3.962001E-01	3.427133E-01	4.563844E-01	
260	3.912316E-01	3.222362E-01	4.568401E-01	
261	3.788502E-01	3.314466E-01	4.661495E-01	
262	3.798393E-01	3.192712E-01	4.414702E-01	
263	3.809213E-01	3.351675E-01	4.523846E-01	
264	3.648300E-01	3.034764E-01	4.675935E-01	
265	3.622859E-01	3.463628E-01	4.335367E-01	
266	3.640952E-01	3.091286E-01	4.632442E-01	
267	3.730160E-01	3.348737E-01	4.479553E-01	
268	3.550589E-01	3.211590E-01	4.462026E-01	
269	3.455355E-01	3.282414E-01	4.472162E-01	
270	3.460894E-01	3.207536E-01	4.276399E-01	
271	3.578119E-01	3.225210E-01	4.548126E-01	
272	3.452621E-01	3.041771E-01	4.495378E-01	
273	3.501849E-01	3.362502E-01	4.334440E-01	
274	3.518698E-01	3.093419E-01	4.481393E-01	
275	3.434728E-01	3.058692E-01	4.218808E-01	
276	3.263783E-01	3.034941E-01	4.345550E-01	
277	3.310516E-01	3.011415E-01	4.290679E-01	
278	3.313090E-01	2.940744E-01	4.141836E-01	
279	3.361775E-01	3.159644E-01	4.127262E-01	
280	3.428240E-01	3.076184E-01	3.938765E-01	
281	3.263377E-01	2.997005E-01	3.761387E-01	
282	3.203612E-01	2.935609E-01	3.901845E-01	
283	3.319476E-01	3.103766E-01	3.709022E-01	
284	3.252683E-01	2.955515E-01	3.725715E-01	
285	3.155815E-01	2.918806E-01	3.618400E-01	
286	3.244460E-01	3.074177E-01	3.771156E-01	
287	3.154759E-01	3.091758E-01	3.434121E-01	
288	3.089543E-01	2.904958E-01	3.506302E-01	
289	3.072621E-01	2.898821E-01	3.722763E-01	
290	3.128326E-01	2.988320E-01	3.516045E-01	
291	3.058136E-01	3.083696E-01	3.471403E-01	
292	3.110441E-01	2.923114E-01	3.262069E-01	
293	2.944692E-01	2.978977E-01	3.277091E-01	
294	2.989763E-01	2.907387E-01	3.347319E-01	
295	2.984365E-01	3.077973E-01	3.056945E-01	
296	2.896925E-01	2.907071E-01	3.056305E-01	
297	2.871237E-01	2.958319E-01	3.067912E-01	
298	2.835726E-01	2.964308E-01	3.002347E-01	
299	2.779440E-01	2.987117E-01	2.856560E-01	
300	2.938172E-01	2.866098E-01	3.023100E-01	
301	2.835353E-01	2.990400E-01	2.988399E-01	
302	2.809867E-01	2.969626E-01	2.927771E-01	
303	2.811204E-01	2.903671E-01	2.923678E-01	
304	2.813702E-01	3.017409E-01	2.838826E-01	
305	2.734280E-01	2.935168E-01	2.814647E-01	
306	2.718760E-01	2.863041E-01	2.854103E-01	
307	2.799323E-01	2.950024E-01	2.834630E-01	
308	2.706108E-01	3.052183E-01	2.815264E-01	
309	2.750688E-01	2.923019E-01	2.778593E-01	
310	2.769881E-01	2.884294E-01	2.822854E-01	
311	2.778064E-01	2.859832E-01	3.016738E-01	
312	2.892637E-01	2.932712E-01	2.793083E-01	
313	2.739609E-01	3.026313E-01	2.782081E-01	
314	2.771723E-01	2.844666E-01	2.953977E-01	
315	2.839651E-01	2.819876E-01	2.990486E-01	
316	2.843505E-01	3.012813E-01	2.981661E-01	
317	2.774429E-01	2.905342E-01	3.157619E-01	
318	2.851120E-01	2.972780E-01	3.065797E-01	
319	2.827204E-01	2.972062E-01	3.389936E-01	
320	2.750299E-01	3.057107E-01	3.211371E-01	
321	2.870836E-01	2.727952E-01	3.295922E-01	
322	2.741176E-01	2.838459E-01	3.433934E-01	
323	2.915656E-01	2.935387E-01	3.268470E-01	
324	2.784638E-01	3.068957E-01	3.239567E-01	
325	2.722475E-01	2.869352E-01	3.481452E-01	
326	2.751167E-01	2.804873E-01	3.277216E-01	
327	2.682628E-01	3.008701E-01	3.330314E-01	
328	2.791565E-01	2.972931E-01	3.227612E-01	
329	2.692838E-01	3.027212E-01	3.122632E-01	
330	2.808720E-01	2.892082E-01	3.168573E-01	
331	2.754820E-01	3.012927E-01	3.117930E-01	
332	2.796154E-01	2.842200E-01	2.949903E-01	
333	2.790113E-01	2.997726E-01	3.019267E-01	
334	2.788688E-01	2.866784E-01	3.007122E-01	
335	2.791012E-01	3.026264E-01	3.019334E-01	
336	2.916213E-01	2.837428E-01	3.024809E-01	
337	2.764809E-01	3.041277E-01	2.837594E-01	
338	2.794245E-01	3.014942E-01	2.839670E-01	
339	2.694771E-01	2.921616E-01	2.937969E-01	
340	2.763043E-01	2.982241E-01	2.863108E-01	
341	2.724918E-01	2.830142E-01	2.623541E-01	
342	2.767705E-01	3.071376E-01	2.890098E-01	
343	2.733563E-01	2.850619E-01	2.744216E-01	
344	2.811367E-01	3.124187E-01	2.801628E-01	
345	2.737480E-01	2.892945E-01	2.674840E-01	
346	2.845220E-01	2.980929E-01	2.799733E-01	
347	2.862576E-01	3.040716E-01	2.700817E-01	
348	2.792697E-01	2.726388E-01	2.580294E-01	
349	2.883247E-01	2.843803E-01	2.611427E-01	
350	2.865564E-01	2.974965E-01	2.903618E-01	
351	2.839908E-01	2.995027E-01	2.810046E-01	
352	2.900108E-01	3.061360E-01	2.618045E-01	
353	2.870913E-01	2.738654E-01	2.778351E-01	
354	2.842693E-01	2.711496E-01	2.774028E-01	
355	2.827992E-01	2.876076E-01	2.835730E-01	
356	2.878099E-01	2.900654E-01	3.090816E-01	
357	2.780467E-01	2.677632E-01	2.786700E-01	
358	2.828232E-01	2.694999E-01	2.853363E-01	
359	2.773324E-01	2.938636E-01	3.161215E-01	
360	2.770329E-01	2.748176E-01	3.116580E-01	
361	2.843462E-01	2.916588E-01	3.106361E-01	
362	2.762356E-01	2.983157E-01	3.155866E-01	
363	2.945880E-01	2.836139E-01	3.167871E-01	
364	2.751583E-01	2.768597E-01	3.075510E-01	
365	3.031206E-01	2.861469E-01	3.214518E-01	
366	2.894533E-01	2.841469E-01	2.999130E-01	
367	2.860524E-01	2.865346E-01	3.195336E-01	
368	2.907460E-01	3.032564E-01	3.085903E-01	
369	3.024525E-01	2.917608E-01	3.044369E-01	
370	2.908395E-01	2.867302E-01	2.806662E-01	
371	2.976995E-01	2.798925E-01	2.998080E-01	
372	3.043106E-01	2.898508E-01	2.732480E-01	
373	2.885211E-01	2.794605E-01	2.759136E-01	
374	2.956014E-01	2.785611E-01	3.124012E-01	
375	2.836149E-01	2.760695E-01	2.946139E-01	
376	2.785457E-01	2.498692E-01	2.939411E-01	
377	2.810781E-01	2.750582E-01	2.705303E-01	
378	2.743204E-01	2.727133E-01	2.814015E-01	
379	2.842760E-01	2.583998E-01	2.804200E-01	
380	2.755273E-01	2.930144E-01	2.921754E-01	
381	2.627809E-01	3.009849E-01	2.797085E-01	
382	2.671833E-01	2.871971E-01	2.761474E-01	
383	2.826229E-01	2.596937E-01	2.592550E-01	
384	2.759460E-01	2.873379E-01	2.734109E-01	
385	2.699320E-01	2.883972E-01	2.504686E-01	
386	2.834655E-01	2.723716E-01	2.551308E-01	
387	2.798551E-01	2.848595E-01	2.647712E-01	
388	2.903526E-01	2.746383E-01	2.463799E-01	
389	2.768285E-01	3.005924E-01	2.637649E-01	
390	2.880384E-01	2.710525E-01	2.714006E-01	
391	3.060794E-01	2.995012E-01	2.868278E-01	
392	2.715778E-01	2.967406E-01	2.652298E-01	
393	3.061842E-01	2.791914E-01	2.774339E-01	
394	2.956260E-01	2.814675E-01	2.620385E-01	
395	3.025108E-01	3.004395E-01	2.584691E-01	
396	2.968680E-01	2.785976E-01	2.395740E-01	
397	3.056036E-01	3.026909E-01	2.475273E-01	
398	2.929859E-01	2.797877E-01	2.474497E-01	
399	2.947031E-01	2.842503E-01	2.243025E-01	
400	3.007042E-01	2.860834E-01	2.500092E-01	
401	2.948754E-01	2.840662E-01	2.388006E-01	
402	2.786879E-01	2.945429E-01	2.520306E-01	
403	2.988296E-01	2.758964E-01	2.512646E-01	
404	2.770312E-01	2.838147E-01	2.599508E-01	
405	3.203142E-01	3.008174E-01	2.483632E-01	
406	2.787210E-01	2.976738E-01	2.895422E-01	
407	2.905716E-01	2.940376E-01	2.499782E-01	
408	2.826745E-01	2.706805E-01	2.827428E-01	
409	2.860192E-01	2.967783E-01	2.781852E-01	
410	2.986231E-01	2.883320E-01	2.710950E-01	
411	2.931961E-01	2.785296E-01	3.004828E-01	
412	2.792850E-01	2.883649E-01	2.605147E-01	
413	2.931035E-01	2.787738E-01	2.902651E-01	
414	2.825042E-01	3.097634E-01	2.880679E-01	
415	3.097293E-01	2.656050E-01	2.677393E-01	
416	2.876810E-01	2.934739E-01	2.812730E-01	
417	2.879162E-01	2.585761E-01	3.235625E-01	
418	3.068098E-01	3.063346E-01	2.838864E-01	
419	2.891490E-01	2.849465E-01	2.928720E-01	
420	2.971975E-01	2.713537E-01	3.005355E-01	
421	2.991335E-01	3.223142E-01	3.001821E-01	
422	2.885349E-01	2.881224E-01	2.926972E-01	
423	3.168823E-01	3.123575E-01	2.390311E-01	
424	3.163390E-01	2.867264E-01	3.173728E-01	
425	3.235631E-01	2.746293E-01	2.938414E-01	
426	3.052894E-01	3.222082E-01	2.566559E-01	
427	3.057993E-01	2.823980E-01	3.130920E-01	
428	3.122383E-01	3.192477E-01	2.949777E-01	
429	3.051789E-01	2.860147E-01	2.885942E-01	
430	2.805328E-01	2.583514E-01	2.745772E-01	
431	2.869553E-01	2.955290E-01	2.839450E-01	
432	3.064570E-01	2.980368E-01	2.418227E-01	
433	2.946099E-01	3.070425E-01	2.790978E-01	
434	3.032246E-01	3.020269E-01	2.693788E-01	
435	3.033464E-01	2.701816E-01	2.687537E-01	
436	2.913133E-01	2.974880E-01	2.710300E-01	
437	2.955665E-01	2.813575E-01	2.534280E-01	
438	3.107331E-01	3.185620E-01	2.708812E-01	
439	2.899087E-01	2.615674E-01	2.591593E-01	
440	2.905721E-01	2.737460E-01	2.645626E-01	
441	3.111787E-01	2.816676E-01	2.689754E-01	
442	2.879921E-01	2.600711E-01	3.140130E-01	
443	2.873850E-01	2.689066E-01	2.675319E-01	
444	3.138260E-01	3.241175E-01	3.453425E-01	
445	3.027594E-01	2.543029E-01	3.190580E-01	
446	3.026630E-01	3.281239E-01	3.290235E-01	
447	3.061162E-01	2.991153E-01	3.124765E-01	
448	2.917327E-01	2.832892E-01	3.070090E-01	
449	3.082333E-01	3.178574E-01	3.161886E-01	
450	3.057025E-01	3.004004E-01	3.574857E-01	
451	3.230912E-01	2.914386E-01	3.066418E-01	
452	3.138900E-01	2.956214E-01	3.785803E-01	
453	2.922390E-01	2.729062E-01	2.746479E-01	
454	3.141157E-01	3.156323E-01	3.249936E-01	
455	2.877893E-01	3.030763E-01	2.965087E-01	
456	3.107276E-01	2.794265E-01	3.236029E-01	
457	2.999515E-01	2.971207E-01	2.692373E-01	
458	3.118864E-01	2.878342E-01	3.080450E-01	
459	2.889186E-01	2.979309E-01	2.853737E-01	
460	2.567207E-01	2.780562E-01	2.943902E-01	
461	3.065874E-01	3.460908E-01	3.109086E-01	
462	2.887786E-01	3.320833E-01	3.187655E-01	
463	2.958908E-01	3.144760E-01	2.875045E-01	
464	3.082036E-01	3.287594E-01	3.124198E-01	
465	3.532903E-01	3.367081E-01	3.378403E-01	
466	2.963346E-01	2.916575E-01	3.527386E-01	
467	3.336117E-01	3.034652E-01	3.714257E-01	
468	3.078490E-01	3.093532E-01	3.529858E-01	
469	3.457341E-01	2.893022E-01	3.850967E-01	
470	3.439322E-01	3.576189E-01	2.561277E-01	
471	2.934575E-01	3.022181E-01	3.518323E-01	
472	3.753677E-01	3.106926E-01	4.191009E-01	
473	2.683667E-01	2.445217E-01	4.121489E-01	
474	3.371882E-01	3.297992E-01	4.402966E-01	
475	2.721287E-01	2.522117E-01	3.182051E-01	
476	3.017518E-01	2.750872E-01	4.602094E-01	
477	3.773290E-01	4.317906E-01	2.612504E-01	
478	2.785983E-01	2.986101E-01	4.787316E-01	
479	3.705644E-01	3.640534E-01	3.861541E-01	
480	2.426596E-01	3.230792E-01	4.765966E-01	
481	2.692197E-01	3.366476E-01	4.574364E-01	
482	2.333147E-01	3.688217E-01	4.821110E-01	
483	2.708527E-01	2.892341E-01	5.134533E-01	
484	3.687062E-01	3.168622E-01	2.356192E-01	
485	2.368135E-01	3.199470E-01	5.256803E-01	
486	3.705227E-01	4.732383E-01	2.335520E-01	
487	2.328026E-01	2.577995E-01	5.698042E-01	
488	3.259942E-01	3.370075E-01	3.816011E-01	
489	2.501873E-01	3.159445E-01	4.854174E-01	
490	2.966467E-01	3.635872E-01	5.079448E-01	
491	3.811238E-01	3.380603E-01	4.135227E-01	
492	3.132577E-01	3.793876E-01	6.082372E-01	
493	3.313897E-01	6.147574E-01	5.232742E-01	
494	3.656915E-01	2.638630E-01	6.531846E-01	
495	4.765059E-01	4.075801E-01	5.875899E-01	
496	3.348145E-01	3.953050E-01	6.767613E-01	
497	5.644659E-01	6.867045E-01	6.462430E-01	
498	2.655436E-01	3.152832E-01	8.091077E-01	
499	3.377033E-01	4.732167E-01	6.880933E-01	
500	0	0	0	
501	3.914256E-01	3.472691E-01	6.893534E-01	
502	0	0	0	
503	3.632449E-01	3.288448E-01	6.511537E-01	
504	0	0	0	
505	3.956150E-01	4.003222E-01	5.071830E-01	
506	6.787953E-01	0	0	
507	0	0	0	
508	4.503735E-01	6.139491E-01	6.590205E-01	
509	0	0	0	
510	4.468585E-01	6.431000E-01	6.299675E-01	
511	0	0	0	
512	5.302130E-01	2.680144E-01	7.362636E-01	
513	0	0	0	
514	0	0	0	
515	5.323850E-01	6.747052E-01	0	
516	0	0	0	
517	0	0	9.757272E-01	
518	0	0	0	
519	0	0	0	
520	0	0	0	
521	0	0	0	
522	0	0	0	
523	0	0	0	
524	0	0	0	
525	0	0	0	
526	0	0	0	
527	0	0	0	
528	0	0	0	
529	0	0	0	
530	0	0	0	
531	0	0	0	
532	0	0	0	
533	0	0	0	
534	0	0	0	
535	0	0	0	
536	0	0	0	
537	0	0	0	
538	0	0	0	
539	0	0	0	
540	0	0	0	
541	0	0	0	
542	0	0	0	
543	0	0	0	
544	0	0	0	
545	0	0	0	
546	0	0	0	
547	0	0	0	
548	0	0	0	
549	0	0	0	
550	0	0	0	
551	0	0	0	
552	0	0	0	
553	0	0	0	
554	0	0	0	
555	0	0	0	
556	0	0	0	
557	0	0	0	
558	0	0	0	
559	0	0	0	
560	0	0	0	
561	0	0	0	
562	0	0	0	
563	0	0	0	
564	0	0	0	
565	0	0	0	
566	0	0	0	
567	0	0	0	
568	0	0	0	
569	0	0	0	
570	0	0	0	
571	0	0	0	
572	0	0	0	
573	0	0	0	
574	0	0	0	
575	0	0	0	
576	0	0	0	
577	0	0	0	
578	0	0	0	
579	0	0	0	
580	0	0	0	
581	0	0	0	
582	0	0	0	
583	0	0	0	
584	0	0	0	
585	0	0	0	
586	0	0	0	
587	0	0	0	
588	0	0	0	
589	0	0	0	
590	0	0	0	
591	0	0	0	
592	0	0	0	
593	0	0	0	
594	0	0	0	
595	0	0	0	
596	0	0	0	
597	0	0	0	
598	0	0	0	
599	0	0	0	
#NewRun
0	0	0	0	
1	0	0	0	
2	0	0	0	
3	0	0	0	
4	3.152477E-01	3.442646E-01	3.251578E-01	
5	3.438321E-01	3.341229E-01	3.377065E-01	
6	3.272412E-01	2.290551E-01	3.324438E-01	
7	0	0	0	
8	3.282116E-01	3.189328E-01	3.345050E-01	
9	3.320482E-01	3.537080E-01	3.305243E-01	
10	0	0	0	
11	3.392557E-01	3.021058E-01	3.340229E-01	
12	3.353836E-01	3.405197E-01	3.365319E-01	
13	3.184939E-01	3.323119E-01	3.345249E-01	
14	3.270666E-01	3.387799E-01	3.295161E-01	
15	0	0	0	
16	3.236896E-01	2.994464E-01	3.298589E-01	
17	3.185688E-01	2.979604E-01	3.339461E-01	
18	3.279602E-01	3.066990E-01	3.284553E-01	
19	3.184937E-01	3.359939E-01	3.346512E-01	
20	3.262595E-01	3.040012E-01	3.307086E-01	
21	3.300331E-01	3.445269E-01	3.303875E-01	
22	3.256928E-01	2.983763E-01	3.335950E-01	
23	3.245387E-01	3.212449E-01	3.320014E-01	
24	3.311869E-01	3.489077E-01	3.325464E-01	
25	3.216572E-01	3.294540E-01	3.313638E-01	
26	3.320884E-01	3.246531E-01	3.329094E-01	
27	3.327934E-01	3.037273E-01	3.383955E-01	
28	3.255010E-01	3.328447E-01	3.340171E-01	
29	3.242511E-01	3.421404E-01	3.367724E-01	
30	3.258505E-01	3.202029E-01	3.383178E-01	
31	3.251319E-01	3.405378E-01	3.302379E-01	
32	3.264290E-01	3.445369E-01	3.377326E-01	
33	3.208895E-01	3.459011E-01	3.369049E-01	
34	3.224658E-01	3.374648E-01	3.346932E-01	
35	3.225750E-01	3.370704E-01	3.381093E-01	
36	3.230834E-01	3.455320E-01	3.342840E-01	
37	3.247211E-01	3.575242E-01	3.359382E-01	
38	3.276635E-01	3.516358E-01	3.340409E-01	
39	3.279845E-01	3.536808E-01	3.326116E-01	
40	3.274783E-01	3.420438E-01	3.315909E-01	
41	3.300637E-01	3.449826E-01	3.316784E-01	
42	3.278918E-01	3.494601E-01	3.318611E-01	
43	3.289304E-01	3.658058E-01	3.300552E-01	
44	3.265983E-01	3.433100E-01	3.341312E-01	
45	3.267999E-01	3.674182E-01	3.293089E-01	
46	3.269892E-01	3.586483E-01	3.267153E-01	
47	3.257908E-01	3.759068E-01	3.299769E-01	
48	3.283181E-01	3.569524E-01	3.285842E-01	
49	3.276953E-01	3.377689E-01	3.244006E-01	
50	3.262403E-01	3.512852E-01	3.270448E-01	
51	3.226831E-01	3.675275E-01	3.234440E-01	
52	3.261289E-01	3.577129E-01	3.259970E-01	
53	3.253822E-01	3.537473E-01	3.223332E-01	
54	3.240177E-01	3.484678E-01	3.229818E-01	
55	3.268834E-01	3.651624E-01	3.203976E-01	
56	3.258857E-01	3.493781E-01	3.231489E-01	
57	3.233218E-01	3.581145E-01	3.218624E-01	
58	3.231057E-01	3.620957E-01	3.209760E-01	
59	3.241185E-01	3.550118E-01	3.168595E-01	
60	3.226801E-01	3.441626E-01	3.211552E-01	
61	3.223058E-01	3.411923E-01	3.186942E-01	
62	3.231691E-01	3.408796E-01	3.181663E-01	
63	3.201060E-01	3.504776E-01	3.180033E-01	
64	3.211419E-01	3.451474E-01	3.168496E-01	
65	3.207533E-01	3.342759E-01	3.159374E-01	
66	3.208174E-01	3.378435E-01	3.166822E-01	
67	3.183867E-01	3.388713E-01	3.134258E-01	
68	3.179757E-01	3.340399E-01	3.149228E-01	
69	3.192757E-01	3.350696E-01	3.114250E-01	
70	3.173575E-01	3.314956E-01	3.129162E-01	
71	3.159805E-01	3.247510E-01	3.127591E-01	
72	3.162461E-01	3.248348E-01	3.108371E-01	
73	3.141709E-01	3.291979E-01	3.111086E-01	
74	3.127571E-01	3.130946E-01	3.114906E-01	
75	3.139592E-01	3.196112E-01	3.118441E-01	
76	3.114521E-01	3.096636E-01	3.105511E-01	
77	3.133918E-01	3.117815E-01	3.109855E-01	
78	3.118359E-01	3.150202E-01	3.097111E-01	
79	3.130398E-01	3.131802E-01	3.093598E-01	
80	3.120525E-01	3.088503E-01	3.090510E-01	
81	3.110511E-01	3.197963E-01	3.091904E-01	
82	3.116502E-01	3.133037E-01	3.106048E-01	
83	3.113133E-01	3.280232E-01	3.096531E-01	
84	3.103716E-01	3.194765E-01	3.094439E-01	
85	3.099767E-01	3.219740E-01	3.106031E-01	
86	3.090521E-01	3.286116E-01	3.099378E-01	
87	3.101895E-01	3.201829E-01	3.108919E-01	
88	3.097684E-01	3.223881E-01	3.092084E-01	
89	3.093788E-01	3.230290E-01	3.101697E-01	
90	3.096467E-01	3.241909E-01	3.097749E-01	
91	3.097346E-01	3.236373E-01	3.104414E-01	
92	3.089324E-01	3.365760E-01	3.095851E-01	
93	3.099154E-01	3.294577E-01	3.097994E-01	
94	3.099977E-01	3.328351E-01	3.107898E-01	
95	3.104010E-01	3.309409E-01	3.110500E-01	
96	3.088248E-01	3.254867E-01	3.107218E-01	
97	3.106275E-01	3.202792E-01	3.111860E-01	
98	3.104692E-01	3.325225E-01	3.120224E-01	
99	3.120874E-01	3.256781E-01	3.137999E-01	
100	3.117231E-01	3.324886E-01	3.129588E-01	
101	3.132357E-01	3.231068E-01	3.123710E-01	
102	3.127605E-01	3.297032E-01	3.156626E-01	
103	3.138265E-01	3.190172E-01	3.152745E-01	
104	3.133475E-01	3.283345E-01	3.150803E-01	
105	3.146659E-01	3.358761E-01	3.170043E-01	
106	3.151462E-01	3.267385E-01	3.163856E-01	
107	3.157865E-01	3.284920E-01	3.164884E-01	
108	3.156046E-01	3.278235E-01	3.171292E-01	
109	3.170939E-01	3.280505E-01	3.175385E-01	
110	3.175978E-01	3.201106E-01	3.197071E-01	
111	3.200169E-01	3.169043E-01	3.196896E-01	
112	3.208877E-01	3.242402E-01	3.188950E-01	
113	3.228724E-01	3.244285E-01	3.229439E-01	
114	3.222645E-01	3.317657E-01	3.220825E-01	
115	3.238941E-01	3.194447E-01	3.244703E-01	
116	3.256284E-01	3.390220E-01	3.243487E-01	
117	3.277932E-01	3.297208E-01	3.266770E-01	
118	3.291218E-01	3.322243E-01	3.277515E-01	
119	3.289233E-01	3.417265E-01	3.310434E-01	
120	3.320290E-01	3.488907E-01	3.300276E-01	
121	3.326020E-01	3.410196E-01	3.315112E-01	
122	3.346624E-01	3.427199E-01	3.333738E-01	
123	3.360803E-01	3.514568E-01	3.345852E-01	
124	3.391761E-01	3.500554E-01	3.363560E-01	
125	3.397239E-01	3.562462E-01	3.372441E-01	
126	3.423880E-01	3.621611E-01	3.398311E-01	
127	3.424909E-01	3.597448E-01	3.429747E-01	
128	3.463093E-01	3.717993E-01	3.423360E-01	
129	3.478284E-01	3.736705E-01	3.437153E-01	
130	3.527378E-01	3.711202E-01	3.471395E-01	
131	3.526649E-01	3.934656E-01	3.503307E-01	
132	3.547251E-01	3.865447E-01	3.506403E-01	
133	3.572128E-01	3.825647E-01	3.535195E-01	
134	3.608955E-01	3.723040E-01	3.541416E-01	
135	3.631471E-01	3.979728E-01	3.570885E-01	
136	3.663962E-01	4.019999E-01	3.580344E-01	
137	3.680824E-01	3.986721E-01	3.628611E-01	
138	3.721055E-01	4.023578E-01	3.637806E-01	
139	3.736691E-01	3.987202E-01	3.651160E-01	
140	3.772184E-01	4.049000E-01	3.677032E-01	
141	3.805351E-01	4.144638E-01	3.711147E-01	
142	3.829030E-01	4.058547E-01	3.731883E-01	
143	3.833499E-01	4.068138E-01	3.752647E-01	
144	3.891325E-01	4.213901E-01	3.773552E-01	
145	3.919369E-01	4.259192E-01	3.806432E-01	
146	3.943074E-01	4.102266E-01	3.828516E-01	
147	3.964194E-01	4.218405E-01	3.914720E-01	
148	4.010917E-01	4.228829E-01	3.905503E-01	
149	4.035310E-01	4.276276E-01	3.912174E-01	
150	4.058766E-01	4.407131E-01	3.971410E-01	
151	4.091790E-01	4.299275E-01	3.966057E-01	
152	4.134092E-01	4.382821E-01	4.002809E-01	
153	4.184909E-01	4.365995E-01	4.036401E-01	
154	4.186217E-01	4.410404E-01	4.081176E-01	
155	4.201721E-01	4.351326E-01	4.090915E-01	
156	4.227811E-01	4.395241E-01	4.135713E-01	
157	4.277153E-01	4.337967E-01	4.134043E-01	
158	4.298152E-01	4.483973E-01	4.203521E-01	
159	4.317185E-01	4.302895E-01	4.233513E-01	
160	4.342543E-01	4.311310E-01	4.253514E-01	
161	4.384551E-01	4.423320E-01	4.280898E-01	
162	4.421967E-01	4.259002E-01	4.328688E-01	
163	4.451388E-01	4.249035E-01	4.385440E-01	
164	4.457973E-01	4.369275E-01	4.386325E-01	
165	4.502035E-01	4.357560E-01	4.420821E-01	
166	4.510895E-01	4.391845E-01	4.444739E-01	
167	4.562300E-01	4.325829E-01	4.490882E-01	
168	4.569602E-01	4.306825E-01	4.511918E-01	
169	4.607412E-01	4.398211E-01	4.525705E-01	
170	4.616499E-01	4.450279E-01	4.594891E-01	
171	4.652369E-01	4.318182E-01	4.641631E-01	
172	4.688642E-01	4.394579E-01	4.659274E-01	
173	4.679339E-01	4.421783E-01	4.730945E-01	
174	4.739255E-01	4.364631E-01	4.743657E-01	
175	4.739479E-01	4.237494E-01	4.794164E-01	
176	4.790179E-01	4.397374E-01	4.843178E-01	
177	4.848729E-01	4.351566E-01	4.886670E-01	
178	4.854719E-01	4.350626E-01	4.905021E-01	
179	4.836183E-01	4.151430E-01	4.957908E-01	
180	4.918302E-01	4.351425E-01	4.950946E-01	
181	4.938166E-01	4.204942E-01	5.022806E-01	
182	4.994966E-01	4.181235E-01	5.060972E-01	
183	5.005253E-01	4.265083E-01	5.069589E-01	
184	5.060949E-01	4.264005E-01	5.172777E-01	
185	5.061925E-01	4.201015E-01	5.148125E-01	
186	5.095039E-01	4.302414E-01	5.200968E-01	
187	5.114621E-01	4.296178E-01	5.222440E-01	
188	5.185892E-01	4.388996E-01	5.293143E-01	
189	5.221785E-01	4.044642E-01	5.272370E-01	
190	5.172724E-01	4.181724E-01	5.329949E-01	
191	5.248180E-01	4.005707E-01	5.282816E-01	
192	5.254894E-01	4.175318E-01	5.356718E-01	
193	5.264043E-01	4.100137E-01	5.397237E-01	
194	5.273012E-01	4.021830E-01	5.418344E-01	
195	5.243809E-01	4.126018E-01	5.429747E-01	
196	5.322825E-01	3.986439E-01	5.522952E-01	
197	5.340386E-01	4.077093E-01	5.486436E-01	
198	5.274421E-01	3.862650E-01	5.548475E-01	
199	5.352443E-01	3.903298E-01	5.529609E-01	
200	5.368852E-01	4.016769E-01	5.602055E-01	
201	5.351521E-01	3.838037E-01	5.625842E-01	
202	5.285558E-01	3.996943E-01	5.649050E-01	
203	5.350004E-01	3.778008E-01	5.619379E-01	
204	5.448202E-01	3.956504E-01	5.704984E-01	
205	5.413065E-01	3.902674E-01	5.710004E-01	
206	5.377997E-01	4.042515E-01	5.623176E-01	
207	5.404943E-01	3.729690E-01	5.725661E-01	
208	5.436898E-01	3.819785E-01	5.671194E-01	
209	5.455325E-01	3.897796E-01	5.749876E-01	
210	5.348093E-01	3.999255E-01	5.759911E-01	
211	5.434161E-01	3.728679E-01	5.764318E-01	
212	5.328602E-01	3.900653E-01	5.787580E-01	
213	5.448914E-01	3.812255E-01	5.855806E-01	
214	5.324237E-01	3.880266E-01	5.868754E-01	
215	5.369507E-01	3.489112E-01	5.874732E-01	
216	5.362825E-01	3.581492E-01	5.868546E-01	
217	5.262765E-01	3.538031E-01	5.933019E-01	
218	5.271570E-01	3.711418E-01	5.897619E-01	
219	5.341802E-01	3.749389E-01	5.943738E-01	
220	5.244565E-01	3.750526E-01	5.886049E-01	
221	5.118621E-01	3.813070E-01	5.920543E-01	
222	5.208492E-01	3.635824E-01	5.961040E-01	
223	5.210997E-01	3.666898E-01	5.872237E-01	
224	4.996822E-01	3.663176E-01	5.847300E-01	
225	4.983409E-01	3.660661E-01	5.882012E-01	
226	5.061734E-01	3.756326E-01	5.972272E-01	
227	5.056702E-01	3.649816E-01	5.830247E-01	
228	4.872456E-01	3.899421E-01	5.910570E-01	
229	4.885149E-01	3.726230E-01	5.917833E-01	
230	4.864117E-01	3.542837E-01	6.008756E-01	
231	4.810604E-01	3.718565E-01	6.022448E-01	
232	4.869366E-01	3.533530E-01	5.876690E-01	
233	4.717221E-01	3.295287E-01	6.030855E-01	
234	4.868845E-01	3.439251E-01	6.040211E-01	
235	4.842373E-01	3.612174E-01	5.935534E-01	
236	4.654419E-01	3.462457E-01	6.157525E-01	
237	4.711278E-01	3.444746E-01	6.011191E-01	
238	4.762950E-01	3.466987E-01	6.119314E-01	
239	4.553446E-01	3.445005E-01	6.009750E-01	
240	4.638848E-01	3.420147E-01	6.074254E-01	
241	4.582537E-01	3.410684E-01	5.982207E-01	
242	4.474288E-01	3.296605E-01	6.062778E-01	
243	4.486041E-01	3.376225E-01	5.902897E-01	
244	4.569406E-01	3.597282E-01	5.989982E-01	
245	4.208108E-01	3.397687E-01	5.998825E-01	
246	4.387129E-01	3.437387E-01	5.963475E-01	
247	4.251615E-01	3.552978E-01	5.901482E-01	
248	4.180455E-01	3.561735E-01	5.802880E-01	
249	4.155444E-01	3.445782E-01	5.787207E-01	
250	4.098209E-01	3.552041E-01	5.718975E-01	
251	4.133099E-01	3.190332E-01	5.845820E-01	
252	4.215342E-01	3.314976E-01	5.726361E-01	
253	4.134167E-01	3.181086E-01	5.405395E-01	
254	4.012949E-01	3.317198E-01	5.626088E-01	
255	4.072567E-01	3.332088E-01	5.664333E-01	
256	4.012872E-01	3.532978E-01	5.541303E-01	
257	4.010959E-01	3.210243E-01	5.603654E-01	
258	3.755300E-01	3.321662E-01	5.616154E-01	
259	3.920885E-01	3.226882E-01	5.705717E-01	
260	4.072773E-01	3.152758E-01	5.430812E-01	
261	3.939749E-01	3.172040E-01	5.542652E-01	
262	3.901880E-01	3.529028E-01	5.476635E-01	
263	3.751274E-01	3.169643E-01	5.654882E-01	
264	3.748601E-01	3.202401E-01	5.315977E-01	
265	3.660460E-01	3.307394E-01	5.240859E-01	
266	3.736567E-01	3.355785E-01	5.663017E-01	
267	3.776367E-01	3.284907E-01	5.280421E-01	
268	3.462039E-01	3.169654E-01	5.135567E-01	
269	3.634524E-01	3.287057E-01	5.196894E-01	
270	3.403668E-01	3.047171E-01	5.123293E-01	
271	3.663453E-01	3.130155E-01	5.252210E-01	
272	3.658420E-01	3.253187E-01	4.699961E-01	
273	3.528214E-01	3.137695E-01	4.984424E-01	
274	3.491140E-01	3.163544E-01	5.054794E-01	
275	3.485132E-01	3.021111E-01	4.927386E-01	
276	3.415209E-01	3.043488E-01	4.661994E-01	
277	3.375938E-01	3.310142E-01	4.692535E-01	
278	3.223970E-01	2.999491E-01	4.587804E-01	
279	3.200131E-01	3.089565E-01	4.719577E-01	
280	3.217456E-01	2.853374E-01	4.517222E-01	
281	3.118781E-01	2.940925E-01	4.646450E-01	
282	3.250350E-01	3.132002E-01	4.886804E-01	
283	3.160644E-01	2.934042E-01	4.363145E-01	
284	3.036082E-01	3.097537E-01	4.595233E-01	
285	3.290896E-01	3.120060E-01	4.126913E-01	
286	3.039354E-01	3.001625E-01	4.389866E-01	
287	3.099150E-01	3.012496E-01	4.676480E-01	
288	3.045086E-01	2.929895E-01	4.134152E-01	
289	3.145410E-01	3.138841E-01	4.241369E-01	
290	3.006735E-01	2.872830E-01	4.201504E-01	
291	3.109942E-01	2.893100E-01	4.358399E-01	
292	2.867615E-01	2.846025E-01	4.072183E-01	
293	3.074072E-01	3.042565E-01	4.106069E-01	
294	2.975123E-01	3.079821E-01	3.989594E-01	
295	3.099188E-01	2.877631E-01	4.089328E-01	
296	3.048458E-01	2.981781E-01	4.005318E-01	
297	3.050491E-01	2.987847E-01	3.814086E-01	
298	3.099590E-01	2.907440E-01	3.745141E-01	
299	2.962835E-01	2.950259E-01	4.002200E-01	
300	3.010104E-01	3.015496E-01	3.670983E-01	
301	3.144433E-01	2.878613E-01	3.749487E-01	
302	2.944466E-01	2.910136E-01	3.531936E-01	
303	3.029552E-01	3.003547E-01	3.433156E-01	
304	3.048720E-01	3.002102E-01	3.758096E-01	
305	2.932182E-01	3.059334E-01	3.585732E-01	
306	3.089153E-01	2.916104E-01	3.660933E-01	
307	3.095899E-01	3.043561E-01	3.619910E-01	
308	3.079280E-01	2.874840E-01	3.885109E-01	
309	3.021391E-01	3.048878E-01	3.457267E-01	
310	2.977875E-01	2.866056E-01	3.699279E-01	
311	3.051984E-01	2.833792E-01	3.781512E-01	
312	3.065214E-01	2.990023E-01	3.696077E-01	
313	2.973646E-01	2.933851E-01	3.652105E-01	
314	2.967304E-01	2.948841E-01	3.497668E-01	
315	2.966861E-01	3.074623E-01	3.294600E-01	
316	2.951856E-01	3.002191E-01	3.533594E-01	
317	2.813913E-01	2.698698E-01	3.339265E-01	
318	2.958471E-01	2.984360E-01	3.446798E-01	
319	2.781932E-01	3.076312E-01	3.563335E-01	
320	2.939799E-01	2.897365E-01	3.158817E-01	
321	3.023891E-01	3.093658E-01	3.535632E-01	
322	2.871784E-01	2.919132E-01	3.169659E-01	
323	2.928466E-01	3.007105E-01	3.319733E-01	
324	2.817048E-01	3.008211E-01	3.912800E-01	
325	2.835950E-01	2.947686E-01	3.365005E-01	
326	2.736165E-01	2.852272E-01	3.667133E-01	
327	3.026576E-01	2.896933E-01	3.097790E-01	
328	2.806162E-01	2.810794E-01	3.543668E-01	
329	3.002198E-01	2.980831E-01	3.321215E-01	
330	2.889224E-01	2.845835E-01	3.715586E-01	
331	2.977829E-01	2.916956E-01	3.288462E-01	
332	3.023958E-01	3.057119E-01	3.621354E-01	
333	2.950428E-01	3.022920E-01	3.189507E-01	
334	3.033617E-01	3.004786E-01	3.331731E-01	
335	2.950965E-01	2.985807E-01	3.811941E-01	
336	3.030858E-01	2.879111E-01	2.995504E-01	
337	3.151698E-01	2.962218E-01	3.212104E-01	
338	3.125774E-01	2.869002E-01	3.218546E-01	
339	3.160789E-01	2.983844E-01	3.753359E-01	
340	2.943641E-01	2.861752E-01	2.904232E-01	
341	3.133648E-01	2.945230E-01	3.171575E-01	
342	3.179410E-01	2.919689E-01	2.828426E-01	
343	2.956162E-01	2.887461E-01	2.787030E-01	
344	3.114495E-01	2.781384E-01	3.027303E-01	
345	3.179277E-01	3.078031E-01	2.497043E-01	
346	3.089190E-01	2.966369E-01	2.745631E-01	
347	3.198870E-01	2.898729E-01	3.239795E-01	
348	3.295995E-01	2.929409E-01	3.008351E-01	
349	3.157327E-01	2.823459E-01	2.968539E-01	
350	3.200402E-01	2.868515E-01	2.815317E-01	
351	3.183260E-01	2.851591E-01	3.035217E-01	
352	3.003101E-01	3.018278E-01	2.901358E-01	
353	3.235442E-01	2.700587E-01	2.891602E-01	
354	3.160576E-01	2.842719E-01	2.527554E-01	
355	3.049793E-01	2.728767E-01	2.810083E-01	
356	3.090067E-01	2.974042E-01	2.779401E-01	
357	3.177141E-01	2.769321E-01	3.153334E-01	
358	3.189914E-01	2.802084E-01	2.483327E-01	
359	3.149433E-01	2.828377E-01	2.924276E-01	
360	2.894378E-01	2.790621E-01	3.117387E-01	
361	2.887595E-01	2.891627E-01	2.979505E-01	
362	2.800990E-01	2.914519E-01	3.098848E-01	
363	2.665844E-01	2.808979E-01	3.284374E-01	
364	2.807974E-01	2.875066E-01	3.152162E-01	
365	2.865878E-01	2.759924E-01	3.266609E-01	
366	2.755027E-01	3.001332E-01	3.591417E-01	
367	2.790052E-01	2.893322E-01	3.010540E-01	
368	2.873006E-01	2.860112E-01	3.149589E-01	
369	2.736462E-01	2.783189E-01	3.236879E-01	
370	2.893992E-01	2.543958E-01	3.573990E-01	
371	2.847520E-01	2.870894E-01	3.756521E-01	
372	2.785136E-01	2.751631E-01	3.682914E-01	
373	2.753872E-01	2.764124E-01	3.121950E-01	
374	2.584161E-01	2.850688E-01	3.864333E-01	
375	2.645887E-01	2.832117E-01	4.075343E-01	
376	2.672398E-01	2.856911E-01	3.506079E-01	
377	2.572748E-01	2.690843E-01	3.813061E-01	
378	2.706639E-01	2.866546E-01	4.166455E-01	
379	2.695890E-01	2.877957E-01	4.062899E-01	
380	2.677400E-01	2.979720E-01	3.822340E-01	
381	2.677586E-01	2.858333E-01	3.865046E-01	
382	2.707776E-01	2.692254E-01	3.653616E-01	
383	2.735115E-01	2.606465E-01	3.771909E-01	
384	2.794751E-01	2.939910E-01	3.753986E-01	
385	2.713405E-01	2.839589E-01	4.148649E-01	
386	2.686963E-01	2.757882E-01	4.163657E-01	
387	2.779747E-01	2.795831E-01	4.179749E-01	
388	2.757521E-01	2.833372E-01	3.852590E-01	
389	2.783135E-01	2.766242E-01	3.622363E-01	
390	2.925051E-01	2.684215E-01	3.234191E-01	
391	2.888376E-01	2.815782E-01	2.917878E-01	
392	2.829927E-01	2.918459E-01	3.247531E-01	
393	3.030634E-01	2.859987E-01	3.291234E-01	
394	2.773720E-01	3.033310E-01	2.489469E-01	
395	2.748254E-01	2.647338E-01	2.454287E-01	
396	3.146461E-01	2.653220E-01	2.548350E-01	
397	2.961424E-01	2.886506E-01	2.340408E-01	
398	2.926948E-01	2.640993E-01	2.958918E-01	
399	2.991325E-01	2.675956E-01	2.737951E-01	
400	3.035738E-01	2.761520E-01	2.642967E-01	
401	2.989803E-01	3.029960E-01	2.852618E-01	
402	2.878376E-01	2.831070E-01	2.461918E-01	
403	2.981668E-01	2.785682E-01	3.524947E-01	
404	2.820350E-01	2.707504E-01	2.652851E-01	
405	3.051059E-01	2.864606E-01	3.263426E-01	
406	2.886898E-01	2.939004E-01	3.275417E-01	
407	2.852788E-01	2.818148E-01	3.047288E-01	
408	2.997242E-01	2.843915E-01	3.633553E-01	
409	2.887436E-01	2.759605E-01	3.289444E-01	
410	3.182710E-01	2.600587E-01	3.796881E-01	
411	2.962926E-01	3.014412E-01	2.807582E-01	
412	2.823142E-01	2.749826E-01	3.571489E-01	
413	2.910102E-01	2.726932E-01	3.802008E-01	
414	2.978243E-01	3.061048E-01	3.349237E-01	
415	3.206501E-01	3.393135E-01	3.937080E-01	
416	2.838797E-01	3.057693E-01	3.134216E-01	
417	3.048237E-01	2.784349E-01	4.051518E-01	
418	3.023096E-01	3.255569E-01	3.636787E-01	
419	2.801525E-01	2.605505E-01	3.992962E-01	
420	2.818036E-01	2.740668E-01	3.478604E-01	
421	2.877650E-01	2.816893E-01	3.364696E-01	
422	2.756947E-01	2.869719E-01	4.251423E-01	
423	2.866729E-01	3.228381E-01	3.211190E-01	
424	2.848077E-01	3.034377E-01	3.110322E-01	
425	2.621609E-01	2.534231E-01	3.424146E-01	
426	2.824076E-01	2.902750E-01	3.165715E-01	
427	2.931890E-01	2.875742E-01	3.157130E-01	
428	2.634664E-01	2.819382E-01	3.440052E-01	
429	2.819656E-01	3.084046E-01	3.143714E-01	
430	2.872332E-01	3.009946E-01	3.120116E-01	
431	2.582977E-01	2.844559E-01	2.420044E-01	
432	2.693594E-01	2.999684E-01	3.366525E-01	
433	2.931182E-01	3.482775E-01	3.511521E-01	
434	2.792724E-01	2.932516E-01	3.181721E-01	
435	2.700087E-01	2.523299E-01	2.878596E-01	
436	2.719082E-01	3.037092E-01	2.709411E-01	
437	2.548967E-01	2.921714E-01	3.125941E-01	
438	3.231624E-01	3.049442E-01	3.265366E-01	
439	2.791877E-01	2.851150E-01	2.198291E-01	
440	2.758881E-01	3.138582E-01	2.857648E-01	
441	2.547245E-01	2.948612E-01	2.094058E-01	
442	2.869011E-01	3.045311E-01	3.783845E-01	
443	2.449732E-01	2.885844E-01	1.436654E-01	
444	2.673449E-01	2.800455E-01	3.278952E-01	
445	2.633617E-01	3.204625E-01	2.375402E-01	
446	2.658933E-01	3.020988E-01	2.987172E-01	
447	2.929181E-01	2.566852E-01	2.790766E-01	
448	2.309442E-01	2.840412E-01	2.566882E-01	
449	3.339969E-01	3.155028E-01	1.625010E-01	
450	2.834607E-01	2.922137E-01	2.137869E-01	
451	2.673969E-01	3.326158E-01	1.576911E-01	
452	2.611329E-01	2.707519E-01	1.743756E-01	
453	2.344143E-01	2.765695E-01	1.476291E-01	
454	2.856686E-01	3.388481E-01	1.361902E-01	
455	1.978868E-01	2.986192E-01	9.742426E-02	
456	2.769608E-01	2.819097E-01	1.116523E-01	
457	2.363623E-01	3.349836E-01	1.665982E-01	
458	2.116420E-01	2.799314E-01	1.850697E-01	
459	1.949868E-01	3.288711E-01	1.815231E-01	
460	1.981038E-01	3.171344E-01	1.138515E-01	
461	2.495570E-01	3.199156E-01	1.708831E-01	
462	2.253501E-01	2.996591E-01	1.582811E-01	
463	2.552054E-01	3.215934E-01	1.874456E-01	
464	2.089161E-01	3.024685E-01	1.325112E-01	
465	2.053371E-01	3.116987E-01	1.491189E-01	
466	2.681937E-01	2.905380E-01	1.883521E-01	
467	2.019960E-01	3.347890E-01	1.605110E-01	
468	2.914167E-01	3.493909E-01	1.484324E-01	
469	2.298053E-01	2.378206E-01	1.638977E-01	
470	2.535256E-01	3.087890E-01	1.800468E-01	
471	2.551360E-01	2.463386E-01	1.158250E-01	
472	3.006612E-01	2.580350E-01	2.294646E-01	
473	2.070689E-01	2.337173E-01	1.376370E-01	
474	2.663727E-01	3.272438E-01	1.992295E-01	
475	2.708962E-01	2.455529E-01	1.136805E-01	
476	2.158790E-01	4.632732E-01	2.624693E-01	
477	3.697481E-01	5.245199E-01	1.144818E-01	
478	2.179199E-01	3.009795E-01	1.904946E-01	
479	2.805206E-01	2.908528E-01	2.438269E-01	
480	1.563993E-01	3.419655E-01	1.441698E-01	
481	2.227501E-01	3.193946E-01	2.661075E-01	
482	2.261060E-01	3.516304E-01	1.583920E-01	
483	2.549924E-01	3.485293E-01	1.881608E-01	
484	3.133816E-01	4.079331E-01	1.458432E-01	
485	2.348512E-01	3.389871E-01	1.838280E-01	
486	4.076833E-01	6.614982E-01	1.906664E-01	
487	2.169011E-01	3.628022E-01	4.011032E-01	
488	2.358343E-01	3.419544E-01	3.091426E-01	
489	2.465493E-01	3.499732E-01	3.522531E-01	
490	1.878941E-01	5.159366E-01	3.949512E-01	
491	6.017552E-02	1.485521E-01	2.926428E-01	
492	3.112101E-01	4.797071E-01	5.187148E-01	
493	1.759345E-01	4.695875E-01	0	
494	1.778159E-01	3.333094E-01	6.112972E-01	
495	2.556559E-01	8.692759E-01	0	
496	2.531500E-01	2.564664E-01	5.022757E-01	
497	1.968684E-01	6.991942E-01	0	
498	3.645497E-01	5.150707E-01	4.984099E-01	
499	2.294960E-01	3.034516E-01	0	
500	0	0	0	
501	3.289373E-01	4.501331E-01	5.126205E-01	
502	0	0	0	
503	3.900400E-01	6.135050E-01	0	
504	0	0	0	
505	4.520089E-01	4.712432E-01	0	
506	0	0	0	
507	0	0	0	
508	4.500979E-01	5.834985E-01	0	
509	0	0	0	
510	6.085824E-01	5.246364E-01	0	
511	0	0	0	
512	4.741634E-01	7.328606E-01	0	
513	0	0	0	
514	0	0	0	
515	6.706213E-01	0	0	
516	0	0	0	
517	0	0	0	
518	0	0	0	
519	7.664399E-01	0	0	
520	0	0	0	
521	0	0	0	
522	0	0	0	
523	0	0	0	
524	0	0	0	
525	0	0	0	
526	0	0	0	
527	0	0	0	
528	0	0	0	
529	0	0	0	
530	0	0	0	
531	0	0	0	
532	0	0	0	
533	0	0	0	
534	0	0	0	
535	0	0	0	
536	0	0	0	
537	0	0	0	
538	0	0	0	
539	0	0	0	
540	0	0	0	
541	0	0	0	
542	0	0	0	
543	0	0	0	
544	0	0	0	
545	0	0	0	
546	0	0	0	
547	0	0	0	
548	0	0	0	
549	0	0	0	
550	0	0	0	
551	0	0	0	
552	0	0	0	
553	0	0	0	
554	0	0	0	
555	0	0	0	
556	0	0	0	
557	0	0	0	
558	0	0	0	
559	0	0	0	
560	0	0	0	
561	0	0	0	
562	0	0	0	
563	0	0	0	
564	0	0	0	
565	0	0	0	
566	0	0	0	
567	0	0	0	
568	0	0	0	
569	0	0	0	
570	0	0	0	
571	0	0	0	
572	0	0	0	
573	0	0	0	
574	0	0	0	
575	0	0	0	
576	0	0	0	
577	0	0	0	
578	0	0	0	
579	0	0	0	
580	0	0	0	
581	0	0	0	
582	0	0	0	
583	0	0	0	
584	0	0	0	
585	0	0	0	
586	0	0	0	
587	0	0	0	
588	0	0	0	
589	0	0	0	
590	0	0	0	
591	0	0	0	
592	0	0	0	
593	0	0	0	
594	0	0	0	
595	0	0	0	
596	0	0	0	
597	0	0	0	
598	0	0	0	
599	0	0	0	
#NewRun
