#COM_Bin	Avg_cosine_squared
#Order is chain type
0	0	0	0	
1	0	0	0	
2	0	0	0	
3	0	0	0	
4	3.358822E-01	3.356048E-01	3.362548E-01	
5	3.175118E-01	3.207674E-01	3.213320E-01	
6	3.300454E-01	3.407103E-01	3.330199E-01	
7	0	0	0	
8	3.389660E-01	3.445139E-01	3.277370E-01	
9	3.356726E-01	3.335604E-01	3.375055E-01	
10	0	0	0	
11	3.296848E-01	3.364924E-01	3.376964E-01	
12	3.332591E-01	3.276426E-01	3.305023E-01	
13	3.373996E-01	3.479093E-01	3.298454E-01	
14	3.428589E-01	3.288415E-01	3.264240E-01	
15	0	0	0	
16	3.369429E-01	3.331785E-01	3.253200E-01	
17	3.417367E-01	3.286103E-01	3.216240E-01	
18	3.300166E-01	3.311460E-01	3.274765E-01	
19	3.369612E-01	3.324045E-01	3.267583E-01	
20	3.371287E-01	3.332547E-01	3.285679E-01	
21	3.347904E-01	3.276051E-01	3.249249E-01	
22	3.328149E-01	3.283862E-01	3.251411E-01	
23	3.296030E-01	3.237939E-01	3.261046E-01	
24	3.314607E-01	3.233079E-01	3.232482E-01	
25	3.343065E-01	3.301582E-01	3.256253E-01	
26	3.282694E-01	3.280298E-01	3.215110E-01	
27	3.276560E-01	3.234516E-01	3.291555E-01	
28	3.271886E-01	3.325818E-01	3.221122E-01	
29	3.271622E-01	3.317409E-01	3.254317E-01	
30	3.288078E-01	3.351747E-01	3.238830E-01	
31	3.261877E-01	3.298752E-01	3.211259E-01	
32	3.314924E-01	3.301397E-01	3.231429E-01	
33	3.303464E-01	3.433348E-01	3.225290E-01	
34	3.298129E-01	3.327686E-01	3.241073E-01	
35	3.274342E-01	3.332233E-01	3.197881E-01	
36	3.280233E-01	3.347339E-01	3.222142E-01	
37	3.274428E-01	3.326953E-01	3.223513E-01	
38	3.299346E-01	3.344695E-01	3.186006E-01	
39	3.273908E-01	3.323827E-01	3.250563E-01	
40	3.275508E-01	3.363964E-01	3.186553E-01	
41	3.273175E-01	3.349631E-01	3.193506E-01	
42	3.259433E-01	3.384485E-01	3.214423E-01	
43	3.260029E-01	3.371990E-01	3.219262E-01	
44	3.275270E-01	3.353242E-01	3.193331E-01	
45	3.214205E-01	3.384968E-01	3.206046E-01	
46	3.246376E-01	3.349145E-01	3.255904E-01	
47	3.288923E-01	3.360703E-01	3.235077E-01	
48	3.260907E-01	3.358800E-01	3.243519E-01	
49	3.257240E-01	3.366718E-01	3.239830E-01	
50	3.278367E-01	3.329722E-01	3.262834E-01	
51	3.305746E-01	3.380248E-01	3.263757E-01	
52	3.266787E-01	3.327638E-01	3.251086E-01	
53	3.284974E-01	3.318936E-01	3.264833E-01	
54	3.284405E-01	3.355268E-01	3.264536E-01	
55	3.279227E-01	3.335283E-01	3.282780E-01	
56	3.280629E-01	3.324769E-01	3.251262E-01	
57	3.286154E-01	3.322917E-01	3.269992E-01	
58	3.276196E-01	3.250858E-01	3.303606E-01	
59	3.268968E-01	3.275531E-01	3.285208E-01	
60	3.274297E-01	3.269727E-01	3.278046E-01	
61	3.286058E-01	3.250784E-01	3.265845E-01	
62	3.260387E-01	3.239364E-01	3.278734E-01	
63	3.255447E-01	3.234780E-01	3.295127E-01	
64	3.260688E-01	3.241095E-01	3.267422E-01	
65	3.258343E-01	3.204685E-01	3.253642E-01	
66	3.250895E-01	3.192787E-01	3.277937E-01	
67	3.234775E-01	3.222591E-01	3.277300E-01	
68	3.233234E-01	3.204754E-01	3.266456E-01	
69	3.240550E-01	3.210639E-01	3.262289E-01	
70	3.239149E-01	3.190022E-01	3.259054E-01	
71	3.217857E-01	3.189910E-01	3.280068E-01	
72	3.209552E-01	3.194558E-01	3.236470E-01	
73	3.207183E-01	3.188764E-01	3.255462E-01	
74	3.210173E-01	3.162592E-01	3.261581E-01	
75	3.195983E-01	3.147066E-01	3.269390E-01	
76	3.195940E-01	3.147765E-01	3.232476E-01	
77	3.188235E-01	3.139351E-01	3.249346E-01	
78	3.166200E-01	3.145911E-01	3.253329E-01	
79	3.195493E-01	3.160082E-01	3.235211E-01	
80	3.164083E-01	3.137734E-01	3.241990E-01	
81	3.170230E-01	3.131831E-01	3.221817E-01	
82	3.167962E-01	3.142258E-01	3.239640E-01	
83	3.163577E-01	3.105161E-01	3.248178E-01	
84	3.149786E-01	3.122644E-01	3.223285E-01	
85	3.151982E-01	3.155394E-01	3.226647E-01	
86	3.161074E-01	3.142117E-01	3.218195E-01	
87	3.129647E-01	3.165397E-01	3.217575E-01	
88	3.137351E-01	3.123540E-01	3.220684E-01	
89	3.131846E-01	3.150491E-01	3.208827E-01	
90	3.127696E-01	3.130724E-01	3.208070E-01	
91	3.123208E-01	3.104644E-01	3.218063E-01	
92	3.148995E-01	3.103345E-01	3.206149E-01	
93	3.134088E-01	3.123466E-01	3.217446E-01	
94	3.125614E-01	3.114113E-01	3.214146E-01	
95	3.123003E-01	3.107368E-01	3.188647E-01	
96	3.116737E-01	3.100140E-01	3.227361E-01	
97	3.124776E-01	3.098753E-01	3.207171E-01	
98	3.111078E-01	3.112619E-01	3.196289E-01	
99	3.118050E-01	3.133896E-01	3.216286E-01	
100	3.118585E-01	3.093627E-01	3.209351E-01	
101	3.104510E-01	3.096768E-01	3.211354E-01	
102	3.125048E-01	3.127240E-01	3.218921E-01	
103	3.117999E-01	3.126807E-01	3.215249E-01	
104	3.116668E-01	3.102229E-01	3.201039E-01	
105	3.122383E-01	3.122062E-01	3.229458E-01	
106	3.112445E-01	3.096840E-01	3.210214E-01	
107	3.114385E-01	3.150696E-01	3.216154E-01	
108	3.136031E-01	3.107915E-01	3.230788E-01	
109	3.123349E-01	3.100945E-01	3.225823E-01	
110	3.141180E-01	3.140286E-01	3.230466E-01	
111	3.134358E-01	3.097976E-01	3.220701E-01	
112	3.165246E-01	3.113382E-01	3.241344E-01	
113	3.166504E-01	3.127545E-01	3.236246E-01	
114	3.166306E-01	3.119041E-01	3.233856E-01	
115	3.195078E-01	3.105139E-01	3.241700E-01	
116	3.189738E-01	3.124061E-01	3.244069E-01	
117	3.202656E-01	3.138286E-01	3.252711E-01	
118	3.208447E-01	3.144454E-01	3.251425E-01	
119	3.215631E-01	3.156146E-01	3.252242E-01	
120	3.236655E-01	3.147607E-01	3.269650E-01	
121	3.244741E-01	3.155665E-01	3.276295E-01	
122	3.251524E-01	3.180658E-01	3.266799E-01	
123	3.272620E-01	3.182116E-01	3.299264E-01	
124	3.272829E-01	3.175625E-01	3.306677E-01	
125	3.298275E-01	3.183323E-01	3.312309E-01	
126	3.307640E-01	3.184797E-01	3.329784E-01	
127	3.318079E-01	3.205991E-01	3.324249E-01	
128	3.339069E-01	3.204374E-01	3.350806E-01	
129	3.358418E-01	3.186959E-01	3.356121E-01	
130	3.375964E-01	3.217178E-01	3.371129E-01	
131	3.396042E-01	3.228210E-01	3.389211E-01	
132	3.424328E-01	3.219865E-01	3.393598E-01	
133	3.431457E-01	3.252240E-01	3.406289E-01	
134	3.450938E-01	3.247637E-01	3.426145E-01	
135	3.488033E-01	3.263165E-01	3.445715E-01	
136	3.496230E-01	3.280359E-01	3.456082E-01	
137	3.535198E-01	3.289099E-01	3.468660E-01	
138	3.538992E-01	3.288550E-01	3.487278E-01	
139	3.576405E-01	3.315148E-01	3.503605E-01	
140	3.592729E-01	3.338663E-01	3.521489E-01	
141	3.611022E-01	3.321951E-01	3.534816E-01	
142	3.628261E-01	3.366983E-01	3.539596E-01	
143	3.669955E-01	3.363382E-01	3.564799E-01	
144	3.694730E-01	3.371402E-01	3.594573E-01	
145	3.723076E-01	3.400792E-01	3.605581E-01	
146	3.746982E-01	3.405601E-01	3.640032E-01	
147	3.791958E-01	3.424114E-01	3.662910E-01	
148	3.799855E-01	3.439173E-01	3.681829E-01	
149	3.845857E-01	3.460684E-01	3.712280E-01	
150	3.845646E-01	3.451516E-01	3.736347E-01	
151	3.889957E-01	3.479604E-01	3.741266E-01	
152	3.936862E-01	3.491579E-01	3.754633E-01	
153	3.962935E-01	3.511656E-01	3.798519E-01	
154	3.985778E-01	3.521052E-01	3.812308E-01	
155	4.010482E-01	3.508307E-01	3.869772E-01	
156	4.042852E-01	3.571375E-01	3.858226E-01	
157	4.057684E-01	3.558647E-01	3.893886E-01	
158	4.096937E-01	3.576106E-01	3.941735E-01	
159	4.114380E-01	3.596728E-01	3.943098E-01	
160	4.139745E-01	3.637811E-01	3.968938E-01	
161	4.189352E-01	3.620142E-01	4.017862E-01	
162	4.215972E-01	3.642310E-01	4.037639E-01	
163	4.234526E-01	3.662021E-01	4.056889E-01	
164	4.268744E-01	3.680170E-01	4.090729E-01	
165	4.305566E-01	3.705882E-01	4.105889E-01	
166	4.330468E-01	3.718773E-01	4.158004E-01	
167	4.347845E-01	3.720738E-01	4.158056E-01	
168	4.374521E-01	3.745388E-01	4.190773E-01	
169	4.409838E-01	3.756860E-01	4.197282E-01	
170	4.467598E-01	3.804486E-01	4.239548E-01	
171	4.484343E-01	3.820283E-01	4.258764E-01	
172	4.491696E-01	3.819029E-01	4.264851E-01	
173	4.537832E-01	3.826009E-01	4.297684E-01	
174	4.544366E-01	3.872250E-01	4.329749E-01	
175	4.595763E-01	3.888956E-01	4.340879E-01	
176	4.604708E-01	3.880543E-01	4.386789E-01	
177	4.641802E-01	3.911744E-01	4.408249E-01	
178	4.653197E-01	3.922302E-01	4.429674E-01	
179	4.712265E-01	3.921554E-01	4.456684E-01	
180	4.734749E-01	3.917151E-01	4.484449E-01	
181	4.754925E-01	3.964722E-01	4.496326E-01	
182	4.802943E-01	3.946505E-01	4.502325E-01	
183	4.840342E-01	3.974325E-01	4.520912E-01	
184	4.861260E-01	3.983309E-01	4.570111E-01	
185	4.917578E-01	4.003543E-01	4.535084E-01	
186	4.956688E-01	4.034596E-01	4.576722E-01	
187	5.035716E-01	4.029555E-01	4.592000E-01	
188	4.999938E-01	4.026770E-01	4.596721E-01	
189	5.073893E-01	4.040107E-01	4.636105E-01	
190	5.146935E-01	4.058213E-01	4.655009E-01	
191	5.122659E-01	4.076846E-01	4.671954E-01	
192	5.180785E-01	4.068840E-01	4.664098E-01	
193	5.233839E-01	4.069516E-01	4.702514E-01	
194	5.316270E-01	4.069412E-01	4.686506E-01	
195	5.331266E-01	4.086338E-01	4.723665E-01	
196	5.316064E-01	4.071546E-01	4.733628E-01	
197	5.401802E-01	4.071597E-01	4.790622E-01	
198	5.457710E-01	4.103501E-01	4.786892E-01	
199	5.503320E-01	4.080208E-01	4.796869E-01	
200	5.488991E-01	4.096842E-01	4.799221E-01	
201	5.500468E-01	4.026579E-01	4.847429E-01	
202	5.609022E-01	4.062798E-01	4.871529E-01	
203	5.622948E-01	4.073148E-01	4.887273E-01	
204	5.569130E-01	4.028570E-01	4.828136E-01	
205	5.728422E-01	4.027738E-01	4.898114E-01	
206	5.717208E-01	4.055946E-01	4.860918E-01	
207	5.785282E-01	4.029554E-01	4.885207E-01	
208	5.841911E-01	4.030735E-01	4.911960E-01	
209	5.829161E-01	4.002404E-01	4.889766E-01	
210	5.904507E-01	3.960767E-01	4.889975E-01	
211	5.854305E-01	4.009255E-01	4.930304E-01	
212	5.958804E-01	3.972252E-01	4.925500E-01	
213	5.909914E-01	3.959146E-01	4.905630E-01	
214	5.842618E-01	3.941703E-01	4.944692E-01	
215	5.944490E-01	3.910296E-01	4.931951E-01	
216	5.877971E-01	3.930111E-01	4.905261E-01	
217	5.880678E-01	3.887722E-01	4.864664E-01	
218	5.953225E-01	3.896815E-01	4.898665E-01	
219	5.868556E-01	3.850014E-01	4.863230E-01	
220	5.944599E-01	3.810280E-01	4.854665E-01	
221	5.983650E-01	3.834903E-01	4.827717E-01	
222	5.956511E-01	3.820668E-01	4.820294E-01	
223	5.950643E-01	3.800964E-01	4.787309E-01	
224	6.068625E-01	3.770759E-01	4.802213E-01	
225	5.892543E-01	3.753914E-01	4.855560E-01	
226	6.011293E-01	3.740590E-01	4.803449E-01	
227	5.808441E-01	3.744849E-01	4.794699E-01	
228	5.882527E-01	3.765735E-01	4.847137E-01	
229	5.871024E-01	3.745030E-01	4.833922E-01	
230	5.820395E-01	3.712715E-01	4.811728E-01	
231	5.663037E-01	3.741869E-01	4.804213E-01	
232	5.764582E-01	3.714265E-01	4.762188E-01	
233	5.791916E-01	3.728733E-01	4.817467E-01	
234	5.731428E-01	3.723551E-01	4.743821E-01	
235	5.545418E-01	3.701649E-01	4.746426E-01	
236	5.596837E-01	3.681119E-01	4.819916E-01	
237	5.528347E-01	3.682631E-01	4.700165E-01	
238	5.445914E-01	3.694846E-01	4.769578E-01	
239	5.461893E-01	3.666356E-01	4.646668E-01	
240	5.489094E-01	3.651332E-01	4.616043E-01	
241	5.223828E-01	3.639839E-01	4.607526E-01	
242	5.030157E-01	3.612892E-01	4.614947E-01	
243	5.196914E-01	3.632199E-01	4.598572E-01	
244	5.184850E-01	3.576623E-01	4.509251E-01	
245	4.919095E-01	3.564648E-01	4.589977E-01	
246	4.912992E-01	3.560331E-01	4.507486E-01	
247	5.108420E-01	3.525916E-01	4.468757E-01	
248	4.758175E-01	3.502550E-01	4.457288E-01	
249	4.915436E-01	3.497932E-01	4.420683E-01	
250	4.710789E-01	3.503752E-01	4.418355E-01	
251	4.602275E-01	3.453881E-01	4.346740E-01	
252	4.562719E-01	3.428412E-01	4.283307E-01	
253	4.562419E-01	3.419631E-01	4.242487E-01	
254	4.398040E-01	3.395080E-01	4.146888E-01	
255	4.272733E-01	3.396577E-01	4.181911E-01	
256	4.719628E-01	3.368544E-01	4.032498E-01	
257	4.549198E-01	3.335535E-01	4.098080E-01	
258	4.452712E-01	3.354959E-01	4.042354E-01	
259	4.168673E-01	3.304317E-01	3.962823E-01	
260	4.133326E-01	3.308763E-01	3.951990E-01	
261	4.347308E-01	3.296287E-01	3.902697E-01	
262	4.177236E-01	3.238445E-01	3.889027E-01	
263	4.056044E-01	3.274061E-01	3.884965E-01	
264	4.114999E-01	3.232287E-01	3.885682E-01	
265	4.075386E-01	3.193928E-01	3.765637E-01	
266	4.023245E-01	3.222553E-01	3.769209E-01	
267	4.037049E-01	3.185380E-01	3.839422E-01	
268	4.042726E-01	3.188015E-01	3.748897E-01	
269	3.969753E-01	3.192440E-01	3.671898E-01	
270	3.980846E-01	3.167796E-01	3.673445E-01	
271	3.774692E-01	3.166056E-01	3.748164E-01	
272	3.794591E-01	3.163622E-01	3.651902E-01	
273	3.684929E-01	3.147408E-01	3.623982E-01	
274	3.934183E-01	3.136942E-01	3.577953E-01	
275	3.934870E-01	3.103487E-01	3.640829E-01	
276	3.557463E-01	3.045408E-01	3.552080E-01	
277	3.631080E-01	3.096306E-01	3.552909E-01	
278	3.569340E-01	3.089996E-01	3.433082E-01	
279	3.659021E-01	3.066941E-01	3.457494E-01	
280	3.295297E-01	3.062542E-01	3.509277E-01	
281	3.561697E-01	3.054406E-01	3.354000E-01	
282	3.716316E-01	2.998407E-01	3.415269E-01	
283	3.335771E-01	3.067999E-01	3.296241E-01	
284	3.206077E-01	3.015537E-01	3.339170E-01	
285	3.248773E-01	2.985910E-01	3.306767E-01	
286	2.978540E-01	3.046487E-01	3.280031E-01	
287	3.230578E-01	2.988140E-01	3.269238E-01	
288	3.216917E-01	2.975062E-01	3.333251E-01	
289	2.839895E-01	3.008536E-01	3.255998E-01	
290	2.954322E-01	2.985415E-01	3.193208E-01	
291	2.889309E-01	2.995356E-01	3.256489E-01	
292	3.031505E-01	2.935136E-01	3.301812E-01	
293	2.805352E-01	2.953700E-01	3.191782E-01	
294	2.807326E-01	2.947371E-01	3.185185E-01	
295	3.003291E-01	2.940985E-01	3.171109E-01	
296	3.170258E-01	2.905635E-01	3.226951E-01	
297	2.956502E-01	2.949474E-01	3.195538E-01	
298	3.008789E-01	2.948098E-01	3.221928E-01	
299	2.924029E-01	2.913674E-01	3.113334E-01	
300	3.015224E-01	2.932507E-01	3.226637E-01	
301	2.957708E-01	2.935258E-01	3.172119E-01	
302	2.715344E-01	2.934403E-01	3.220430E-01	
303	2.993458E-01	2.968842E-01	3.139822E-01	
304	2.630772E-01	2.934190E-01	3.149211E-01	
305	2.963956E-01	2.944508E-01	3.151510E-01	
306	3.037732E-01	2.921862E-01	3.180098E-01	
307	3.063622E-01	2.964242E-01	3.227717E-01	
308	2.875023E-01	2.940114E-01	3.220427E-01	
309	3.110732E-01	2.950248E-01	3.058656E-01	
310	2.903990E-01	2.920916E-01	3.123758E-01	
311	3.088337E-01	2.990885E-01	3.106352E-01	
312	3.345216E-01	2.962204E-01	3.191450E-01	
313	3.153567E-01	2.950892E-01	3.103966E-01	
314	3.095515E-01	2.999640E-01	3.173325E-01	
315	3.133006E-01	2.938743E-01	3.174380E-01	
316	3.194930E-01	2.919825E-01	3.107191E-01	
317	2.888924E-01	2.929203E-01	3.099735E-01	
318	3.040985E-01	2.926383E-01	3.116545E-01	
319	2.896480E-01	2.939702E-01	3.082214E-01	
320	2.900827E-01	2.927567E-01	3.082255E-01	
321	2.778310E-01	2.936573E-01	3.120677E-01	
322	2.854908E-01	2.926289E-01	3.060527E-01	
323	2.846493E-01	2.918120E-01	3.052970E-01	
324	2.772605E-01	2.926270E-01	3.080086E-01	
325	2.949733E-01	2.931586E-01	3.059718E-01	
326	3.181684E-01	2.898644E-01	3.032931E-01	
327	3.072698E-01	2.888627E-01	2.929230E-01	
328	3.115155E-01	2.958013E-01	3.080479E-01	
329	3.113238E-01	2.919899E-01	3.013412E-01	
330	3.311465E-01	2.906752E-01	3.043080E-01	
331	2.982038E-01	2.945488E-01	3.057400E-01	
332	3.183257E-01	2.921519E-01	2.983915E-01	
333	3.022480E-01	2.899686E-01	2.935750E-01	
334	3.170587E-01	2.911812E-01	2.967970E-01	
335	3.329126E-01	2.940976E-01	2.866860E-01	
336	3.076301E-01	2.909968E-01	2.895219E-01	
337	3.078790E-01	2.927012E-01	2.881894E-01	
338	3.418585E-01	2.889362E-01	2.858521E-01	
339	3.046952E-01	2.915332E-01	2.849448E-01	
340	3.335659E-01	2.910721E-01	2.901012E-01	
341	3.405610E-01	2.914090E-01	2.881919E-01	
342	3.209834E-01	2.888838E-01	2.858080E-01	
343	3.409302E-01	2.867808E-01	2.905980E-01	
344	3.377344E-01	2.870533E-01	2.852105E-01	
345	3.168258E-01	2.885560E-01	2.842567E-01	
346	3.431285E-01	2.840973E-01	2.928541E-01	
347	2.974109E-01	2.901333E-01	2.915343E-01	
348	2.901581E-01	2.885844E-01	2.828974E-01	
349	2.921726E-01	2.889149E-01	2.914409E-01	
350	3.116852E-01	2.871399E-01	2.856522E-01	
351	2.935814E-01	2.896933E-01	2.814548E-01	
352	2.879623E-01	2.874318E-01	2.904485E-01	
353	2.645520E-01	2.850344E-01	2.814570E-01	
354	2.907678E-01	2.844748E-01	2.881593E-01	
355	3.007248E-01	2.885299E-01	2.886355E-01	
356	3.121028E-01	2.874711E-01	2.926253E-01	
357	3.072452E-01	2.906048E-01	2.922388E-01	
358	2.837011E-01	2.830837E-01	2.945821E-01	
359	3.068938E-01	2.885364E-01	2.846219E-01	
360	3.078842E-01	2.849198E-01	2.798799E-01	
361	2.834684E-01	2.839899E-01	2.864681E-01	
362	2.996304E-01	2.832619E-01	2.679258E-01	
363	3.225695E-01	2.825054E-01	2.830971E-01	
364	3.302003E-01	2.861146E-01	2.823781E-01	
365	3.272557E-01	2.830112E-01	2.744583E-01	
366	3.487523E-01	2.780623E-01	2.870237E-01	
367	3.173285E-01	2.809604E-01	2.851900E-01	
368	3.359215E-01	2.809453E-01	2.866407E-01	
369	2.887201E-01	2.797641E-01	2.801104E-01	
370	3.262744E-01	2.766807E-01	2.757123E-01	
371	3.231430E-01	2.766376E-01	2.849452E-01	
372	3.371627E-01	2.765906E-01	2.817443E-01	
373	3.296414E-01	2.743674E-01	2.854569E-01	
374	3.151549E-01	2.738549E-01	2.862806E-01	
375	3.251926E-01	2.725667E-01	2.834053E-01	
376	3.408188E-01	2.763372E-01	2.922420E-01	
377	3.103664E-01	2.730016E-01	2.835783E-01	
378	3.236194E-01	2.757214E-01	2.795623E-01	
379	3.415358E-01	2.716333E-01	2.894525E-01	
380	3.080047E-01	2.733141E-01	2.758386E-01	
381	3.201178E-01	2.742312E-01	2.892243E-01	
382	3.271856E-01	2.700112E-01	2.759721E-01	
383	3.024582E-01	2.747843E-01	2.920315E-01	
384	3.075148E-01	2.737606E-01	2.871510E-01	
385	3.003860E-01	2.715814E-01	2.748032E-01	
386	3.107797E-01	2.761045E-01	2.939462E-01	
387	3.101945E-01	2.673131E-01	2.760090E-01	
388	2.864635E-01	2.737459E-01	2.913747E-01	
389	2.870271E-01	2.753964E-01	2.842572E-01	
390	3.212855E-01	2.723938E-01	2.770130E-01	
391	2.999426E-01	2.751092E-01	2.837883E-01	
392	2.879302E-01	2.761781E-01	2.787241E-01	
393	2.691390E-01	2.729244E-01	2.808888E-01	
394	2.697346E-01	2.768303E-01	2.788198E-01	
395	3.079859E-01	2.786019E-01	2.715483E-01	
396	2.831151E-01	2.723002E-01	2.768055E-01	
397	2.832392E-01	2.761390E-01	2.706781E-01	
398	3.418904E-01	2.745691E-01	2.757156E-01	
399	3.028341E-01	2.791352E-01	2.731406E-01	
400	3.175332E-01	2.800562E-01	2.951461E-01	
401	3.233838E-01	2.747209E-01	2.816505E-01	
402	3.515720E-01	2.785671E-01	2.804650E-01	
403	2.931250E-01	2.776173E-01	2.892406E-01	
404	3.163007E-01	2.800858E-01	2.844310E-01	
405	3.469936E-01	2.847007E-01	2.792610E-01	
406	3.646409E-01	2.812551E-01	2.774006E-01	
407	3.700465E-01	2.820395E-01	2.860199E-01	
408	3.419406E-01	2.811509E-01	2.766921E-01	
409	4.078587E-01	2.793734E-01	2.796494E-01	
410	3.593583E-01	2.897620E-01	2.900798E-01	
411	3.892210E-01	2.850692E-01	2.728483E-01	
412	3.514723E-01	2.848705E-01	2.867853E-01	
413	3.671849E-01	2.913792E-01	2.819718E-01	
414	3.702144E-01	2.863211E-01	2.882253E-01	
415	3.527730E-01	2.924799E-01	2.970767E-01	
416	3.518877E-01	2.928714E-01	2.822846E-01	
417	3.795634E-01	2.924423E-01	2.935020E-01	
418	3.945590E-01	2.981175E-01	2.918976E-01	
419	3.563583E-01	2.970227E-01	2.899473E-01	
420	3.478132E-01	2.973846E-01	2.969480E-01	
421	3.537137E-01	2.989309E-01	2.922926E-01	
422	3.353154E-01	3.035048E-01	2.988690E-01	
423	3.063864E-01	2.899820E-01	3.067682E-01	
424	3.094058E-01	2.979175E-01	2.955980E-01	
425	2.981855E-01	3.003025E-01	3.115774E-01	
426	2.905879E-01	2.890633E-01	3.063697E-01	
427	2.400523E-01	2.911865E-01	2.970454E-01	
428	2.795194E-01	2.944409E-01	2.987077E-01	
429	2.932726E-01	2.924464E-01	3.016688E-01	
430	2.969407E-01	2.920047E-01	3.108754E-01	
431	2.951172E-01	2.967530E-01	3.253285E-01	
432	2.909908E-01	2.929318E-01	3.201491E-01	
433	3.373786E-01	2.956418E-01	3.447486E-01	
434	2.924949E-01	2.864235E-01	3.117769E-01	
435	2.925679E-01	2.904140E-01	3.150740E-01	
436	2.624028E-01	2.945721E-01	3.350147E-01	
437	2.952408E-01	2.954553E-01	3.126286E-01	
438	2.769746E-01	3.024760E-01	3.168129E-01	
439	2.733998E-01	2.840797E-01	3.074508E-01	
440	3.562437E-01	3.021700E-01	3.270597E-01	
441	3.377525E-01	3.056711E-01	3.118007E-01	
442	3.681735E-01	2.994235E-01	3.216029E-01	
443	3.486305E-01	2.898905E-01	3.205088E-01	
444	3.763122E-01	3.025837E-01	3.202925E-01	
445	3.496827E-01	3.030833E-01	3.463266E-01	
446	3.722929E-01	2.923614E-01	3.157224E-01	
447	3.964435E-01	2.984812E-01	3.350174E-01	
448	3.371304E-01	2.925585E-01	3.317497E-01	
449	3.347524E-01	2.958296E-01	3.085572E-01	
450	4.053906E-01	2.958904E-01	3.089554E-01	
451	4.511433E-01	2.944415E-01	3.175215E-01	
452	3.363288E-01	3.061145E-01	3.171426E-01	
453	4.530980E-01	2.888273E-01	3.149539E-01	
454	4.790205E-01	3.050535E-01	3.146068E-01	
455	3.787823E-01	2.987594E-01	2.953457E-01	
456	4.908377E-01	2.963200E-01	2.964529E-01	
457	4.576820E-01	2.977486E-01	3.015995E-01	
458	5.610610E-01	2.994406E-01	3.209909E-01	
459	4.507655E-01	3.101254E-01	2.886236E-01	
460	4.977640E-01	2.934679E-01	3.131710E-01	
461	5.792783E-01	3.053872E-01	3.324918E-01	
462	5.058008E-01	2.942198E-01	3.085825E-01	
463	5.041062E-01	3.100143E-01	3.237310E-01	
464	5.132534E-01	2.955010E-01	3.199619E-01	
465	4.915906E-01	3.071982E-01	3.503487E-01	
466	5.042686E-01	2.977770E-01	3.142987E-01	
467	4.943226E-01	2.960691E-01	3.463939E-01	
468	5.540076E-01	3.013277E-01	3.479149E-01	
469	5.507427E-01	2.918424E-01	3.308806E-01	
470	5.074487E-01	3.101160E-01	3.541525E-01	
471	5.662030E-01	2.978047E-01	3.181143E-01	
472	5.057004E-01	3.093020E-01	3.450231E-01	
473	6.507823E-01	3.056714E-01	3.228701E-01	
474	5.178147E-01	3.131297E-01	3.430745E-01	
475	4.387170E-01	3.169109E-01	3.718610E-01	
476	5.936572E-01	3.123533E-01	3.670194E-01	
477	5.393246E-01	3.467166E-01	3.859681E-01	
478	5.977880E-01	3.267292E-01	3.696689E-01	
479	4.620206E-01	3.394854E-01	3.625235E-01	
480	7.555726E-01	3.246875E-01	4.073959E-01	
481	4.050183E-01	3.551250E-01	3.944359E-01	
482	3.383307E-01	3.245468E-01	4.712606E-01	
483	4.800441E-01	3.516353E-01	4.193483E-01	
484	1.559786E-01	3.690207E-01	4.563790E-01	
485	6.065602E-01	3.316194E-01	4.468547E-01	
486	4.910801E-01	3.802106E-01	3.890633E-01	
487	6.376255E-01	3.203523E-01	4.676815E-01	
488	5.628758E-01	3.807629E-01	4.889393E-01	
489	6.922353E-01	3.118315E-01	4.789671E-01	
490	7.058179E-01	3.712605E-01	5.732260E-01	
491	6.813644E-01	3.797955E-01	4.063613E-01	
492	6.540924E-01	3.315800E-01	5.171829E-01	
493	7.389157E-01	3.872945E-01	5.885858E-01	
494	7.174305E-01	3.454440E-01	4.945729E-01	
495	0	4.090403E-01	6.208511E-01	
496	6.542869E-01	3.339964E-01	4.514887E-01	
497	0	4.316226E-01	5.016785E-01	
498	5.993038E-01	3.513717E-01	4.365045E-01	
499	8.740508E-01	3.854810E-01	5.238345E-01	
500	0	0	0	
501	7.029707E-01	3.957936E-01	4.760775E-01	
502	0	0	0	
503	4.180598E-01	4.238239E-01	4.515202E-01	
504	0	0	0	
505	5.271404E-01	4.606339E-01	4.352368E-01	
506	0	3.737020E-01	6.338972E-01	
507	0	0	0	
508	7.347543E-01	5.034937E-01	5.539174E-01	
509	0	0	0	
510	4.843030E-01	5.199782E-01	5.437973E-01	
511	0	0	0	
512	6.004699E-01	6.531937E-01	5.716688E-01	
513	0	0	0	
514	0	0	0	
515	0	6.560868E-01	8.007052E-01	
516	0	0	0	
517	0	7.682802E-01	7.929473E-01	
518	0	0	0	
519	0	0	0	
520	0	0	0	
521	0	0	0	
522	0	0	0	
523	0	0	0	
524	0	0	0	
525	0	0	0	
526	0	0	0	
527	0	0	0	
528	0	0	0	
529	0	0	0	
530	0	0	0	
531	0	0	0	
532	0	0	0	
533	0	0	0	
534	0	0	0	
535	0	0	0	
536	0	0	0	
537	0	0	0	
538	0	0	0	
539	0	0	0	
540	0	0	0	
541	0	0	0	
542	0	0	0	
543	0	0	0	
544	0	0	0	
545	0	0	0	
546	0	0	0	
547	0	0	0	
548	0	0	0	
549	0	0	0	
550	0	0	0	
551	0	0	0	
552	0	0	0	
553	0	0	0	
554	0	0	0	
555	0	0	0	
556	0	0	0	
557	0	0	0	
558	0	0	0	
559	0	0	0	
560	0	0	0	
561	0	0	0	
562	0	0	0	
563	0	0	0	
564	0	0	0	
565	0	0	0	
566	0	0	0	
567	0	0	0	
568	0	0	0	
569	0	0	0	
570	0	0	0	
571	0	0	0	
572	0	0	0	
573	0	0	0	
574	0	0	0	
575	0	0	0	
576	0	0	0	
577	0	0	0	
578	0	0	0	
579	0	0	0	
580	0	0	0	
581	0	0	0	
582	0	0	0	
583	0	0	0	
584	0	0	0	
585	0	0	0	
586	0	0	0	
587	0	0	0	
588	0	0	0	
589	0	0	0	
590	0	0	0	
591	0	0	0	
592	0	0	0	
593	0	0	0	
594	0	0	0	
595	0	0	0	
596	0	0	0	
597	0	0	0	
598	0	0	0	
599	0	0	0	
#NewRun
0	0	0	0	
1	0	0	0	
2	0	0	0	
3	0	0	0	
4	3.496165E-01	3.299026E-01	3.273021E-01	
5	3.399963E-01	3.302302E-01	3.331489E-01	
6	3.183140E-01	3.147868E-01	3.358584E-01	
7	0	0	0	
8	3.314707E-01	3.522046E-01	3.309899E-01	
9	3.362190E-01	3.439025E-01	3.362786E-01	
10	0	0	0	
11	3.339451E-01	3.413600E-01	3.393643E-01	
12	3.340410E-01	3.318383E-01	3.354838E-01	
13	3.318776E-01	3.435472E-01	3.260951E-01	
14	3.360983E-01	3.420592E-01	3.302795E-01	
15	0	0	0	
16	3.329990E-01	3.368676E-01	3.275604E-01	
17	3.417976E-01	3.384443E-01	3.263884E-01	
18	3.390070E-01	3.246295E-01	3.282583E-01	
19	3.306117E-01	3.156189E-01	3.140238E-01	
20	3.417557E-01	3.350984E-01	3.293764E-01	
21	3.366491E-01	3.260637E-01	3.311610E-01	
22	3.421010E-01	3.415968E-01	3.249827E-01	
23	3.386497E-01	3.345050E-01	3.249540E-01	
24	3.393637E-01	3.262594E-01	3.254741E-01	
25	3.426746E-01	3.382816E-01	3.315344E-01	
26	3.361090E-01	3.391202E-01	3.292473E-01	
27	3.296535E-01	3.368515E-01	3.249440E-01	
28	3.329311E-01	3.318402E-01	3.312400E-01	
29	3.370384E-01	3.326984E-01	3.259569E-01	
30	3.375743E-01	3.237655E-01	3.284117E-01	
31	3.348378E-01	3.340841E-01	3.256876E-01	
32	3.316207E-01	3.341177E-01	3.251940E-01	
33	3.297695E-01	3.313535E-01	3.257203E-01	
34	3.302703E-01	3.318363E-01	3.242762E-01	
35	3.322965E-01	3.308206E-01	3.273697E-01	
36	3.324311E-01	3.314405E-01	3.214516E-01	
37	3.303998E-01	3.299547E-01	3.222323E-01	
38	3.306699E-01	3.248342E-01	3.252172E-01	
39	3.323948E-01	3.340179E-01	3.259101E-01	
40	3.285955E-01	3.309037E-01	3.243774E-01	
41	3.282651E-01	3.311919E-01	3.270880E-01	
42	3.291408E-01	3.327860E-01	3.256009E-01	
43	3.271987E-01	3.389405E-01	3.276956E-01	
44	3.268957E-01	3.347826E-01	3.253935E-01	
45	3.283498E-01	3.378195E-01	3.253863E-01	
46	3.234951E-01	3.362697E-01	3.265756E-01	
47	3.293294E-01	3.391293E-01	3.290908E-01	
48	3.252067E-01	3.394445E-01	3.250424E-01	
49	3.261300E-01	3.368704E-01	3.263857E-01	
50	3.275672E-01	3.337541E-01	3.282401E-01	
51	3.258190E-01	3.368117E-01	3.281767E-01	
52	3.251222E-01	3.358847E-01	3.268097E-01	
53	3.234751E-01	3.343697E-01	3.268991E-01	
54	3.256717E-01	3.329301E-01	3.280945E-01	
55	3.261643E-01	3.310867E-01	3.293845E-01	
56	3.255748E-01	3.322164E-01	3.251714E-01	
57	3.254128E-01	3.297177E-01	3.269524E-01	
58	3.256100E-01	3.311381E-01	3.243245E-01	
59	3.238332E-01	3.322042E-01	3.271859E-01	
60	3.252970E-01	3.290875E-01	3.233197E-01	
61	3.255711E-01	3.274936E-01	3.240357E-01	
62	3.223936E-01	3.291569E-01	3.246766E-01	
63	3.206693E-01	3.271070E-01	3.250299E-01	
64	3.223224E-01	3.333740E-01	3.230723E-01	
65	3.210838E-01	3.337969E-01	3.257452E-01	
66	3.207950E-01	3.275103E-01	3.231716E-01	
67	3.204364E-01	3.345505E-01	3.244353E-01	
68	3.193360E-01	3.322869E-01	3.231769E-01	
69	3.203080E-01	3.294083E-01	3.255417E-01	
70	3.213954E-01	3.317963E-01	3.257421E-01	
71	3.164817E-01	3.301986E-01	3.230306E-01	
72	3.194892E-01	3.307300E-01	3.256489E-01	
73	3.181694E-01	3.272530E-01	3.247650E-01	
74	3.176335E-01	3.273206E-01	3.233655E-01	
75	3.152046E-01	3.249966E-01	3.249174E-01	
76	3.157828E-01	3.250245E-01	3.260795E-01	
77	3.165384E-01	3.229137E-01	3.231213E-01	
78	3.168152E-01	3.216248E-01	3.240887E-01	
79	3.151225E-01	3.220733E-01	3.238172E-01	
80	3.138943E-01	3.203866E-01	3.237954E-01	
81	3.145350E-01	3.168270E-01	3.228721E-01	
82	3.133413E-01	3.170897E-01	3.229318E-01	
83	3.127784E-01	3.194859E-01	3.229430E-01	
84	3.129807E-01	3.181212E-01	3.227625E-01	
85	3.119345E-01	3.195317E-01	3.216559E-01	
86	3.102354E-01	3.170051E-01	3.199742E-01	
87	3.098441E-01	3.157246E-01	3.216001E-01	
88	3.109683E-01	3.164185E-01	3.205238E-01	
89	3.087818E-01	3.189809E-01	3.199393E-01	
90	3.083688E-01	3.175859E-01	3.196076E-01	
91	3.092914E-01	3.158248E-01	3.182539E-01	
92	3.098106E-01	3.176031E-01	3.189159E-01	
93	3.081121E-01	3.138478E-01	3.184900E-01	
94	3.092147E-01	3.163540E-01	3.175142E-01	
95	3.093866E-01	3.149407E-01	3.180256E-01	
96	3.093686E-01	3.132228E-01	3.175561E-01	
97	3.091150E-01	3.123465E-01	3.188782E-01	
98	3.077850E-01	3.135621E-01	3.174654E-01	
99	3.076728E-01	3.116862E-01	3.174021E-01	
100	3.084120E-01	3.132270E-01	3.180895E-01	
101	3.089375E-01	3.116748E-01	3.176915E-01	
102	3.074309E-01	3.113709E-01	3.193804E-01	
103	3.121444E-01	3.137023E-01	3.182107E-01	
104	3.098665E-01	3.118128E-01	3.195828E-01	
105	3.106907E-01	3.122293E-01	3.189608E-01	
106	3.110620E-01	3.115781E-01	3.205339E-01	
107	3.114444E-01	3.129981E-01	3.193426E-01	
108	3.123615E-01	3.107854E-01	3.209446E-01	
109	3.121290E-01	3.116420E-01	3.203154E-01	
110	3.129580E-01	3.126577E-01	3.211899E-01	
111	3.139510E-01	3.102178E-01	3.221414E-01	
112	3.136799E-01	3.112350E-01	3.230615E-01	
113	3.151573E-01	3.123278E-01	3.225479E-01	
114	3.159273E-01	3.130552E-01	3.249372E-01	
115	3.170343E-01	3.145222E-01	3.255629E-01	
116	3.186292E-01	3.140572E-01	3.250590E-01	
117	3.195281E-01	3.119165E-01	3.272743E-01	
118	3.205756E-01	3.148418E-01	3.298901E-01	
119	3.210414E-01	3.166234E-01	3.291441E-01	
120	3.226655E-01	3.162905E-01	3.305122E-01	
121	3.242547E-01	3.151237E-01	3.300280E-01	
122	3.246754E-01	3.179697E-01	3.320916E-01	
123	3.262158E-01	3.183947E-01	3.337627E-01	
124	3.283409E-01	3.186117E-01	3.340524E-01	
125	3.297973E-01	3.197975E-01	3.345864E-01	
126	3.314459E-01	3.208781E-01	3.359955E-01	
127	3.319330E-01	3.216054E-01	3.383217E-01	
128	3.337174E-01	3.206450E-01	3.390421E-01	
129	3.354773E-01	3.239189E-01	3.400876E-01	
130	3.386851E-01	3.246402E-01	3.411786E-01	
131	3.390956E-01	3.247510E-01	3.437405E-01	
132	3.418550E-01	3.259059E-01	3.435292E-01	
133	3.438488E-01	3.272941E-01	3.447487E-01	
134	3.465758E-01	3.293941E-01	3.473902E-01	
135	3.464448E-01	3.309106E-01	3.484988E-01	
136	3.500560E-01	3.313530E-01	3.493751E-01	
137	3.520178E-01	3.319495E-01	3.502987E-01	
138	3.522607E-01	3.339968E-01	3.519602E-01	
139	3.548878E-01	3.354922E-01	3.525676E-01	
140	3.585462E-01	3.358907E-01	3.525673E-01	
141	3.602993E-01	3.374233E-01	3.564770E-01	
142	3.634258E-01	3.390140E-01	3.572869E-01	
143	3.651866E-01	3.402423E-01	3.600574E-01	
144	3.659485E-01	3.410113E-01	3.595623E-01	
145	3.699220E-01	3.441773E-01	3.626338E-01	
146	3.735570E-01	3.441256E-01	3.646400E-01	
147	3.744323E-01	3.474589E-01	3.673052E-01	
148	3.770147E-01	3.473750E-01	3.675160E-01	
149	3.796321E-01	3.485997E-01	3.691395E-01	
150	3.834618E-01	3.484824E-01	3.736438E-01	
151	3.838529E-01	3.518160E-01	3.747236E-01	
152	3.858343E-01	3.509253E-01	3.754867E-01	
153	3.897882E-01	3.537000E-01	3.780514E-01	
154	3.920123E-01	3.526976E-01	3.820635E-01	
155	3.966522E-01	3.544230E-01	3.819431E-01	
156	3.979388E-01	3.546607E-01	3.838311E-01	
157	3.991843E-01	3.585394E-01	3.893780E-01	
158	4.020639E-01	3.601976E-01	3.909007E-01	
159	4.056043E-01	3.591025E-01	3.921969E-01	
160	4.074464E-01	3.596904E-01	3.940470E-01	
161	4.110451E-01	3.637865E-01	3.969447E-01	
162	4.127957E-01	3.641639E-01	3.983990E-01	
163	4.160614E-01	3.653123E-01	4.002400E-01	
164	4.174406E-01	3.679148E-01	4.039848E-01	
165	4.203617E-01	3.711628E-01	4.043952E-01	
166	4.219276E-01	3.717045E-01	4.079373E-01	
167	4.264273E-01	3.713879E-01	4.102041E-01	
168	4.265915E-01	3.735437E-01	4.130614E-01	
169	4.280599E-01	3.758056E-01	4.142232E-01	
170	4.325820E-01	3.761711E-01	4.147844E-01	
171	4.337557E-01	3.777918E-01	4.165750E-01	
172	4.377168E-01	3.792827E-01	4.199026E-01	
173	4.365381E-01	3.807427E-01	4.212792E-01	
174	4.415188E-01	3.827562E-01	4.229650E-01	
175	4.452948E-01	3.813522E-01	4.249747E-01	
176	4.463193E-01	3.853715E-01	4.269002E-01	
177	4.526004E-01	3.852478E-01	4.304230E-01	
178	4.547848E-01	3.864398E-01	4.316266E-01	
179	4.542851E-01	3.868154E-01	4.326800E-01	
180	4.586522E-01	3.877049E-01	4.366892E-01	
181	4.643653E-01	3.873507E-01	4.393769E-01	
182	4.621197E-01	3.892740E-01	4.413157E-01	
183	4.724088E-01	3.915987E-01	4.409789E-01	
184	4.715351E-01	3.892486E-01	4.450272E-01	
185	4.744296E-01	3.905828E-01	4.435489E-01	
186	4.804998E-01	3.921956E-01	4.466605E-01	
187	4.821866E-01	3.924755E-01	4.482874E-01	
188	4.904469E-01	3.935721E-01	4.499399E-01	
189	4.900795E-01	3.916588E-01	4.521743E-01	
190	4.886819E-01	3.920597E-01	4.563955E-01	
191	4.917137E-01	3.949779E-01	4.530645E-01	
192	4.951679E-01	3.920978E-01	4.588027E-01	
193	5.011502E-01	3.916482E-01	4.611657E-01	
194	5.002689E-01	3.968916E-01	4.647016E-01	
195	5.010681E-01	3.922670E-01	4.652028E-01	
196	5.040594E-01	3.969546E-01	4.667174E-01	
197	5.147308E-01	3.957668E-01	4.698145E-01	
198	5.088758E-01	3.969639E-01	4.750824E-01	
199	5.168567E-01	3.948064E-01	4.731434E-01	
200	5.174472E-01	3.991509E-01	4.749128E-01	
201	5.162196E-01	3.990783E-01	4.745052E-01	
202	5.246035E-01	4.003263E-01	4.764951E-01	
203	5.183332E-01	3.993603E-01	4.763567E-01	
204	5.266396E-01	3.986538E-01	4.779989E-01	
205	5.303594E-01	4.006138E-01	4.807791E-01	
206	5.285313E-01	3.978353E-01	4.787049E-01	
207	5.286339E-01	3.962241E-01	4.806283E-01	
208	5.319538E-01	3.967046E-01	4.831115E-01	
209	5.366457E-01	4.005249E-01	4.815238E-01	
210	5.419267E-01	3.956704E-01	4.824428E-01	
211	5.344206E-01	3.981232E-01	4.816800E-01	
212	5.352598E-01	3.949375E-01	4.797738E-01	
213	5.385781E-01	3.946863E-01	4.861604E-01	
214	5.508380E-01	3.944784E-01	4.827156E-01	
215	5.389964E-01	3.931826E-01	4.787746E-01	
216	5.434006E-01	3.946954E-01	4.811065E-01	
217	5.445125E-01	3.899460E-01	4.751592E-01	
218	5.405719E-01	3.889386E-01	4.787172E-01	
219	5.566189E-01	3.895688E-01	4.799995E-01	
220	5.373048E-01	3.846469E-01	4.712337E-01	
221	5.418858E-01	3.822943E-01	4.754577E-01	
222	5.430047E-01	3.825028E-01	4.779374E-01	
223	5.393769E-01	3.839371E-01	4.797165E-01	
224	5.269226E-01	3.798820E-01	4.698446E-01	
225	5.281332E-01	3.778465E-01	4.706195E-01	
226	5.342951E-01	3.747876E-01	4.650304E-01	
227	5.383564E-01	3.787943E-01	4.632658E-01	
228	5.235673E-01	3.749377E-01	4.659094E-01	
229	5.261268E-01	3.714863E-01	4.671147E-01	
230	5.166381E-01	3.723093E-01	4.620096E-01	
231	5.226808E-01	3.716497E-01	4.649221E-01	
232	5.216911E-01	3.695394E-01	4.543934E-01	
233	5.214213E-01	3.699564E-01	4.553053E-01	
234	5.138736E-01	3.697105E-01	4.569719E-01	
235	5.185249E-01	3.666539E-01	4.516071E-01	
236	4.975725E-01	3.668936E-01	4.493032E-01	
237	5.217579E-01	3.615807E-01	4.473557E-01	
238	5.135439E-01	3.638715E-01	4.388792E-01	
239	4.999736E-01	3.607320E-01	4.542527E-01	
240	4.840460E-01	3.603796E-01	4.408041E-01	
241	4.832493E-01	3.572745E-01	4.434811E-01	
242	5.138264E-01	3.564666E-01	4.517098E-01	
243	4.891607E-01	3.569411E-01	4.447459E-01	
244	4.939636E-01	3.544268E-01	4.372837E-01	
245	4.893943E-01	3.519655E-01	4.389837E-01	
246	4.926602E-01	3.480849E-01	4.385595E-01	
247	4.976463E-01	3.465938E-01	4.354214E-01	
248	4.853693E-01	3.442988E-01	4.303735E-01	
249	4.735180E-01	3.438846E-01	4.224759E-01	
250	4.778468E-01	3.468661E-01	4.306978E-01	
251	4.728017E-01	3.440236E-01	4.275917E-01	
252	4.807916E-01	3.425101E-01	4.184222E-01	
253	4.693862E-01	3.413919E-01	4.099922E-01	
254	4.652050E-01	3.421581E-01	4.144927E-01	
255	4.812289E-01	3.413415E-01	4.205692E-01	
256	4.666299E-01	3.346175E-01	4.096470E-01	
257	4.606207E-01	3.364401E-01	4.047772E-01	
258	4.586921E-01	3.372382E-01	4.059177E-01	
259	4.543978E-01	3.317932E-01	4.002612E-01	
260	4.635420E-01	3.286450E-01	3.991606E-01	
261	4.820506E-01	3.292396E-01	3.931004E-01	
262	4.643886E-01	3.248888E-01	3.970081E-01	
263	4.644851E-01	3.233315E-01	3.926934E-01	
264	4.410604E-01	3.183408E-01	3.888821E-01	
265	4.419202E-01	3.207654E-01	3.823663E-01	
266	4.405488E-01	3.185888E-01	3.773856E-01	
267	4.267921E-01	3.190583E-01	3.740203E-01	
268	4.564647E-01	3.137150E-01	3.798620E-01	
269	4.043668E-01	3.167801E-01	3.682237E-01	
270	4.148239E-01	3.118552E-01	3.741631E-01	
271	4.474285E-01	3.133523E-01	3.769186E-01	
272	4.129241E-01	3.091853E-01	3.644049E-01	
273	4.044635E-01	3.114992E-01	3.648123E-01	
274	4.152280E-01	3.110737E-01	3.560777E-01	
275	4.100529E-01	3.097687E-01	3.577787E-01	
276	3.839059E-01	3.090254E-01	3.567091E-01	
277	3.834603E-01	3.076860E-01	3.497230E-01	
278	4.091004E-01	3.042939E-01	3.474886E-01	
279	3.713146E-01	3.069085E-01	3.464803E-01	
280	3.718771E-01	3.052206E-01	3.481306E-01	
281	3.730028E-01	3.040448E-01	3.401330E-01	
282	3.632905E-01	3.031730E-01	3.446008E-01	
283	3.664877E-01	3.012057E-01	3.432368E-01	
284	3.542396E-01	3.032311E-01	3.426157E-01	
285	3.682732E-01	2.985822E-01	3.385303E-01	
286	3.499794E-01	2.966751E-01	3.434196E-01	
287	3.428682E-01	2.980677E-01	3.405709E-01	
288	3.549596E-01	2.935482E-01	3.283589E-01	
289	3.282917E-01	2.949966E-01	3.371451E-01	
290	3.504141E-01	2.900864E-01	3.254841E-01	
291	3.281233E-01	2.948305E-01	3.369717E-01	
292	3.428860E-01	2.919251E-01	3.295264E-01	
293	3.320678E-01	2.915413E-01	3.326249E-01	
294	3.398057E-01	2.921840E-01	3.322777E-01	
295	3.524386E-01	2.898634E-01	3.221354E-01	
296	3.440533E-01	2.928612E-01	3.288644E-01	
297	3.332910E-01	2.897614E-01	3.248436E-01	
298	3.245601E-01	2.915991E-01	3.199682E-01	
299	3.314103E-01	2.912029E-01	3.192501E-01	
300	3.412026E-01	2.929118E-01	3.163840E-01	
301	3.222592E-01	2.940856E-01	3.137197E-01	
302	3.340171E-01	2.935755E-01	3.169255E-01	
303	3.143586E-01	2.918829E-01	3.208497E-01	
304	3.322991E-01	2.899241E-01	3.181698E-01	
305	3.400737E-01	2.920276E-01	3.160190E-01	
306	3.141856E-01	2.897886E-01	3.189022E-01	
307	3.299387E-01	2.895431E-01	3.147905E-01	
308	3.111401E-01	2.898489E-01	3.156251E-01	
309	3.008233E-01	2.877940E-01	3.130026E-01	
310	3.263782E-01	2.879952E-01	3.132257E-01	
311	2.962663E-01	2.856884E-01	3.046425E-01	
312	3.095070E-01	2.887461E-01	3.098396E-01	
313	3.068716E-01	2.849523E-01	3.063750E-01	
314	2.991810E-01	2.886929E-01	3.072544E-01	
315	2.920404E-01	2.841303E-01	3.065184E-01	
316	2.978984E-01	2.876040E-01	3.029418E-01	
317	3.040178E-01	2.868186E-01	3.108331E-01	
318	3.175351E-01	2.859205E-01	3.046155E-01	
319	2.960483E-01	2.889851E-01	2.978795E-01	
320	2.958804E-01	2.827766E-01	3.059941E-01	
321	3.210191E-01	2.880257E-01	3.075542E-01	
322	3.039783E-01	2.851390E-01	3.047795E-01	
323	2.982701E-01	2.862360E-01	3.093513E-01	
324	3.122377E-01	2.855083E-01	2.982828E-01	
325	3.116501E-01	2.869045E-01	2.941530E-01	
326	2.769198E-01	2.856773E-01	2.971038E-01	
327	2.887269E-01	2.869368E-01	3.017550E-01	
328	3.138471E-01	2.904535E-01	2.983103E-01	
329	2.840868E-01	2.871364E-01	2.986136E-01	
330	3.001527E-01	2.871197E-01	2.874255E-01	
331	2.963495E-01	2.889272E-01	2.848393E-01	
332	2.757369E-01	2.915837E-01	2.882777E-01	
333	2.852840E-01	2.919047E-01	2.916782E-01	
334	3.178053E-01	2.913581E-01	2.928453E-01	
335	2.607212E-01	2.917396E-01	2.932996E-01	
336	2.991678E-01	2.894664E-01	2.928357E-01	
337	2.868101E-01	2.930494E-01	2.922654E-01	
338	2.743988E-01	2.923495E-01	2.937316E-01	
339	3.181011E-01	2.919161E-01	2.983459E-01	
340	2.655725E-01	2.908715E-01	2.896142E-01	
341	2.839919E-01	2.906065E-01	2.928516E-01	
342	2.873678E-01	2.932418E-01	2.943887E-01	
343	2.861255E-01	2.870922E-01	2.877156E-01	
344	2.988781E-01	2.912335E-01	2.977900E-01	
345	2.759433E-01	2.877066E-01	2.883399E-01	
346	2.648824E-01	2.882330E-01	2.847963E-01	
347	2.686337E-01	2.842624E-01	2.810457E-01	
348	2.879920E-01	2.900311E-01	2.889828E-01	
349	2.678120E-01	2.851821E-01	2.823768E-01	
350	2.883600E-01	2.879061E-01	2.847092E-01	
351	2.979907E-01	2.858902E-01	2.804389E-01	
352	2.925234E-01	2.909495E-01	2.790279E-01	
353	3.031407E-01	2.880513E-01	2.738936E-01	
354	2.726886E-01	2.865275E-01	2.759167E-01	
355	3.048566E-01	2.852173E-01	2.750113E-01	
356	3.067614E-01	2.880855E-01	2.753085E-01	
357	2.885165E-01	2.888075E-01	2.735353E-01	
358	2.909152E-01	2.920675E-01	2.809702E-01	
359	2.677304E-01	2.862553E-01	2.759320E-01	
360	2.775404E-01	2.866225E-01	2.821347E-01	
361	2.875293E-01	2.881036E-01	2.742305E-01	
362	2.779312E-01	2.854531E-01	2.703708E-01	
363	2.914771E-01	2.889344E-01	2.711457E-01	
364	2.573947E-01	2.863368E-01	2.780775E-01	
365	2.464189E-01	2.869571E-01	2.720178E-01	
366	2.487982E-01	2.886164E-01	2.796412E-01	
367	2.389339E-01	2.883263E-01	2.753829E-01	
368	2.839324E-01	2.836987E-01	2.756188E-01	
369	2.588233E-01	2.837101E-01	2.799108E-01	
370	2.662254E-01	2.814566E-01	2.801660E-01	
371	2.942839E-01	2.808214E-01	2.763103E-01	
372	2.665777E-01	2.818431E-01	2.801260E-01	
373	3.011809E-01	2.797097E-01	2.789779E-01	
374	2.981902E-01	2.798432E-01	2.837432E-01	
375	2.982442E-01	2.807081E-01	2.876721E-01	
376	3.100196E-01	2.807814E-01	2.776884E-01	
377	2.879727E-01	2.799878E-01	2.861554E-01	
378	2.637918E-01	2.804284E-01	2.802047E-01	
379	3.103595E-01	2.809024E-01	2.729326E-01	
380	2.976825E-01	2.789117E-01	2.863996E-01	
381	3.228166E-01	2.785575E-01	2.811885E-01	
382	2.981434E-01	2.770447E-01	2.824527E-01	
383	3.057817E-01	2.787555E-01	2.756692E-01	
384	3.029549E-01	2.789829E-01	2.728614E-01	
385	2.885782E-01	2.725398E-01	2.708814E-01	
386	2.846223E-01	2.774912E-01	2.768444E-01	
387	3.174753E-01	2.761472E-01	2.639659E-01	
388	3.163873E-01	2.764928E-01	2.897675E-01	
389	3.016444E-01	2.743044E-01	2.762865E-01	
390	3.001317E-01	2.709917E-01	2.775069E-01	
391	3.364316E-01	2.745956E-01	2.865746E-01	
392	2.916853E-01	2.717133E-01	2.817143E-01	
393	3.183301E-01	2.710497E-01	2.874748E-01	
394	2.965092E-01	2.711355E-01	2.830455E-01	
395	3.040066E-01	2.759263E-01	2.831447E-01	
396	2.847949E-01	2.732599E-01	2.785202E-01	
397	2.882132E-01	2.754161E-01	2.763046E-01	
398	2.935431E-01	2.724549E-01	2.788203E-01	
399	3.003940E-01	2.710213E-01	2.870479E-01	
400	2.967305E-01	2.742591E-01	2.804443E-01	
401	2.896873E-01	2.764017E-01	2.744276E-01	
402	3.024055E-01	2.745858E-01	2.875698E-01	
403	2.882867E-01	2.779826E-01	2.940955E-01	
404	2.859387E-01	2.804548E-01	2.926599E-01	
405	3.009050E-01	2.813218E-01	2.907799E-01	
406	3.243871E-01	2.802829E-01	2.917252E-01	
407	3.074699E-01	2.855686E-01	2.993725E-01	
408	3.207896E-01	2.850181E-01	3.018561E-01	
409	3.078629E-01	2.804650E-01	3.034119E-01	
410	3.180095E-01	2.916952E-01	3.098906E-01	
411	3.681738E-01	2.906004E-01	3.072059E-01	
412	3.610646E-01	2.891522E-01	3.019467E-01	
413	3.439965E-01	2.941743E-01	3.209309E-01	
414	3.402525E-01	2.884993E-01	3.089292E-01	
415	3.434010E-01	2.934131E-01	3.063890E-01	
416	3.689057E-01	2.885724E-01	3.041748E-01	
417	3.859342E-01	2.965764E-01	3.111116E-01	
418	3.393161E-01	2.969768E-01	2.994293E-01	
419	3.988312E-01	2.953929E-01	3.041784E-01	
420	4.383068E-01	2.923080E-01	3.028358E-01	
421	3.833914E-01	2.945748E-01	2.966655E-01	
422	4.187508E-01	2.960014E-01	2.990512E-01	
423	3.968393E-01	2.983805E-01	2.938581E-01	
424	4.154342E-01	3.007265E-01	3.032668E-01	
425	3.920313E-01	2.966115E-01	3.001772E-01	
426	5.261290E-01	2.989681E-01	3.086956E-01	
427	4.349212E-01	2.925849E-01	3.073122E-01	
428	4.192981E-01	2.989642E-01	3.190958E-01	
429	4.185554E-01	2.931548E-01	3.119530E-01	
430	4.174395E-01	3.007745E-01	3.054806E-01	
431	4.270966E-01	2.947473E-01	2.925800E-01	
432	3.509299E-01	2.976443E-01	2.911016E-01	
433	3.958645E-01	2.960772E-01	3.148210E-01	
434	3.519787E-01	2.877971E-01	3.021779E-01	
435	4.148375E-01	2.983182E-01	3.165906E-01	
436	3.604893E-01	2.928753E-01	3.077636E-01	
437	3.715435E-01	2.999307E-01	2.947539E-01	
438	2.946073E-01	3.051859E-01	3.118341E-01	
439	4.311916E-01	2.944151E-01	3.085493E-01	
440	2.445173E-01	3.052873E-01	3.008091E-01	
441	2.496301E-01	2.952828E-01	2.849979E-01	
442	2.167723E-01	3.016331E-01	3.126884E-01	
443	2.484381E-01	2.890631E-01	2.943078E-01	
444	2.984263E-01	2.995808E-01	3.094407E-01	
445	2.249934E-01	3.004914E-01	2.955859E-01	
446	2.689413E-01	2.973869E-01	3.121052E-01	
447	2.096947E-01	2.928825E-01	2.931598E-01	
448	1.835093E-01	2.955950E-01	3.119828E-01	
449	2.878843E-01	3.002395E-01	2.961766E-01	
450	2.150999E-01	2.887340E-01	3.014939E-01	
451	2.140545E-01	2.824607E-01	3.038566E-01	
452	3.037775E-01	2.845866E-01	3.213379E-01	
453	2.111232E-01	2.908753E-01	3.378787E-01	
454	3.023684E-01	2.867260E-01	3.315080E-01	
455	1.838332E-01	2.885341E-01	3.431497E-01	
456	2.527736E-01	2.864823E-01	3.460203E-01	
457	2.040978E-01	2.842530E-01	3.352662E-01	
458	2.477162E-01	3.008260E-01	3.567353E-01	
459	1.548579E-01	2.946494E-01	3.167154E-01	
460	2.461035E-01	2.877025E-01	3.433228E-01	
461	3.189305E-01	2.915231E-01	3.718653E-01	
462	1.410483E-01	2.910694E-01	3.080155E-01	
463	2.072815E-01	2.965806E-01	3.511445E-01	
464	1.972033E-01	2.842052E-01	3.058463E-01	
465	2.350266E-01	2.814887E-01	3.202457E-01	
466	1.662839E-01	2.924044E-01	3.122527E-01	
467	2.184314E-01	2.964773E-01	3.028291E-01	
468	2.122929E-01	2.934762E-01	3.344436E-01	
469	1.550258E-01	2.843083E-01	3.343863E-01	
470	3.083181E-01	3.028894E-01	3.446980E-01	
471	1.752498E-01	2.950508E-01	3.280867E-01	
472	2.058815E-01	3.152150E-01	3.456820E-01	
473	2.035945E-01	2.858605E-01	3.221934E-01	
474	1.343818E-01	3.133628E-01	3.184504E-01	
475	1.362513E-01	2.934798E-01	3.656320E-01	
476	1.979368E-01	3.139339E-01	3.258876E-01	
477	2.522127E-01	3.582622E-01	3.788564E-01	
478	1.841169E-01	3.026906E-01	3.627877E-01	
479	2.683096E-01	3.356454E-01	3.198334E-01	
480	1.948280E-01	3.046632E-01	3.352026E-01	
481	2.152686E-01	3.645623E-01	3.461122E-01	
482	3.580914E-01	3.075411E-01	3.037028E-01	
483	2.304215E-01	3.382670E-01	3.515610E-01	
484	5.204303E-01	3.931955E-01	3.417487E-01	
485	2.568741E-01	3.252079E-01	3.486143E-01	
486	3.980457E-01	3.749271E-01	3.811731E-01	
487	2.186888E-01	3.306752E-01	3.345034E-01	
488	4.455025E-01	3.546623E-01	3.422646E-01	
489	3.669149E-01	3.405162E-01	3.020513E-01	
490	3.966654E-01	3.811703E-01	3.527066E-01	
491	7.200000E-01	3.678885E-01	3.040609E-01	
492	3.730253E-01	3.892914E-01	3.489168E-01	
493	7.873001E-01	4.574512E-01	4.849815E-01	
494	4.222795E-01	4.198604E-01	2.934014E-01	
495	5.621304E-01	4.920013E-01	4.986221E-01	
496	9.383679E-02	4.212813E-01	3.379459E-01	
497	3.889881E-01	4.567215E-01	5.701470E-01	
498	4.146098E-01	4.012535E-01	1.897371E-01	
499	1.401643E-01	4.923418E-01	4.394114E-01	
500	0	0	0	
501	2.503346E-01	4.532255E-01	3.270508E-01	
502	0	0	0	
503	3.600036E-01	4.849700E-01	3.018472E-01	
504	0	0	0	
505	2.626398E-01	4.630104E-01	3.812477E-01	
506	0	5.441924E-01	0	
507	0	0	0	
508	0	5.306296E-01	4.099675E-01	
509	0	0	0	
510	0	5.628363E-01	4.380555E-01	
511	0	0	0	
512	0	6.329755E-01	6.403410E-01	
513	0	0	0	
514	0	0	0	
515	0	6.918870E-01	5.525235E-01	
516	0	0	0	
517	0	7.706785E-01	7.244293E-01	
518	0	0	0	
519	0	6.878256E-01	0	
520	0	0	0	
521	0	0	0	
522	0	0	0	
523	0	0	0	
524	0	0	0	
525	0	0	0	
526	0	0	0	
527	0	0	0	
528	0	0	0	
529	0	0	0	
530	0	0	0	
531	0	0	0	
532	0	0	0	
533	0	0	0	
534	0	0	0	
535	0	0	0	
536	0	0	0	
537	0	0	0	
538	0	0	0	
539	0	0	0	
540	0	0	0	
541	0	0	0	
542	0	0	0	
543	0	0	0	
544	0	0	0	
545	0	0	0	
546	0	0	0	
547	0	0	0	
548	0	0	0	
549	0	0	0	
550	0	0	0	
551	0	0	0	
552	0	0	0	
553	0	0	0	
554	0	0	0	
555	0	0	0	
556	0	0	0	
557	0	0	0	
558	0	0	0	
559	0	0	0	
560	0	0	0	
561	0	0	0	
562	0	0	0	
563	0	0	0	
564	0	0	0	
565	0	0	0	
566	0	0	0	
567	0	0	0	
568	0	0	0	
569	0	0	0	
570	0	0	0	
571	0	0	0	
572	0	0	0	
573	0	0	0	
574	0	0	0	
575	0	0	0	
576	0	0	0	
577	0	0	0	
578	0	0	0	
579	0	0	0	
580	0	0	0	
581	0	0	0	
582	0	0	0	
583	0	0	0	
584	0	0	0	
585	0	0	0	
586	0	0	0	
587	0	0	0	
588	0	0	0	
589	0	0	0	
590	0	0	0	
591	0	0	0	
592	0	0	0	
593	0	0	0	
594	0	0	0	
595	0	0	0	
596	0	0	0	
597	0	0	0	
598	0	0	0	
599	0	0	0	
#NewRun
0	0	0	0	
1	0	0	0	
2	0	0	0	
3	0	0	0	
4	3.231013E-01	3.209389E-01	3.421018E-01	
5	3.407133E-01	3.486148E-01	3.291317E-01	
6	3.453097E-01	3.443023E-01	3.157857E-01	
7	0	0	0	
8	3.201731E-01	3.182264E-01	3.243325E-01	
9	3.331954E-01	3.231006E-01	3.312594E-01	
10	0	0	0	
11	3.363497E-01	3.287176E-01	3.477768E-01	
12	3.314136E-01	3.164875E-01	3.346082E-01	
13	3.315676E-01	3.327481E-01	3.310025E-01	
14	3.337793E-01	3.203205E-01	3.400759E-01	
15	0	0	0	
16	3.367769E-01	3.263446E-01	3.456451E-01	
17	3.381111E-01	3.231968E-01	3.428339E-01	
18	3.326970E-01	3.274401E-01	3.426315E-01	
19	3.377215E-01	3.180638E-01	3.359289E-01	
20	3.330793E-01	3.276923E-01	3.430595E-01	
21	3.303225E-01	3.317026E-01	3.374999E-01	
22	3.332901E-01	3.317316E-01	3.378487E-01	
23	3.283212E-01	3.303547E-01	3.379119E-01	
24	3.305398E-01	3.237754E-01	3.355923E-01	
25	3.322832E-01	3.313477E-01	3.328026E-01	
26	3.300128E-01	3.257559E-01	3.324146E-01	
27	3.338532E-01	3.196411E-01	3.390784E-01	
28	3.346562E-01	3.303972E-01	3.326814E-01	
29	3.320161E-01	3.248343E-01	3.337764E-01	
30	3.308376E-01	3.285031E-01	3.344287E-01	
31	3.309548E-01	3.266966E-01	3.242417E-01	
32	3.270472E-01	3.263415E-01	3.315766E-01	
33	3.262329E-01	3.268768E-01	3.310828E-01	
34	3.289141E-01	3.307567E-01	3.288924E-01	
35	3.299488E-01	3.194253E-01	3.287460E-01	
36	3.281266E-01	3.253321E-01	3.300303E-01	
37	3.279273E-01	3.337341E-01	3.280425E-01	
38	3.335859E-01	3.250599E-01	3.293149E-01	
39	3.268854E-01	3.277495E-01	3.294000E-01	
40	3.292133E-01	3.292463E-01	3.307531E-01	
41	3.284196E-01	3.293079E-01	3.316733E-01	
42	3.302439E-01	3.306220E-01	3.318011E-01	
43	3.280838E-01	3.328048E-01	3.283965E-01	
44	3.276028E-01	3.274145E-01	3.288494E-01	
45	3.272919E-01	3.317493E-01	3.295307E-01	
46	3.271820E-01	3.287276E-01	3.302764E-01	
47	3.308485E-01	3.344163E-01	3.304177E-01	
48	3.278432E-01	3.295999E-01	3.322852E-01	
49	3.287095E-01	3.243597E-01	3.309010E-01	
50	3.303340E-01	3.262647E-01	3.283729E-01	
51	3.287608E-01	3.257428E-01	3.311583E-01	
52	3.293344E-01	3.208034E-01	3.299802E-01	
53	3.272649E-01	3.225600E-01	3.317139E-01	
54	3.264622E-01	3.247585E-01	3.301401E-01	
55	3.275743E-01	3.213024E-01	3.313948E-01	
56	3.256413E-01	3.260126E-01	3.303214E-01	
57	3.278178E-01	3.232458E-01	3.301392E-01	
58	3.261783E-01	3.226858E-01	3.295620E-01	
59	3.271360E-01	3.229346E-01	3.278177E-01	
60	3.262469E-01	3.209258E-01	3.261625E-01	
61	3.259343E-01	3.254036E-01	3.259775E-01	
62	3.240714E-01	3.235541E-01	3.268888E-01	
63	3.243070E-01	3.204583E-01	3.246855E-01	
64	3.248122E-01	3.187295E-01	3.241770E-01	
65	3.235487E-01	3.226283E-01	3.255910E-01	
66	3.223994E-01	3.217726E-01	3.250650E-01	
67	3.232982E-01	3.216223E-01	3.224353E-01	
68	3.242864E-01	3.186432E-01	3.245882E-01	
69	3.223747E-01	3.188660E-01	3.237790E-01	
70	3.190099E-01	3.215982E-01	3.239502E-01	
71	3.208807E-01	3.212763E-01	3.236527E-01	
72	3.189089E-01	3.201065E-01	3.226974E-01	
73	3.178483E-01	3.189274E-01	3.204381E-01	
74	3.175689E-01	3.184370E-01	3.214330E-01	
75	3.147504E-01	3.187302E-01	3.207984E-01	
76	3.137336E-01	3.174457E-01	3.214097E-01	
77	3.155996E-01	3.162771E-01	3.213755E-01	
78	3.135022E-01	3.180439E-01	3.208574E-01	
79	3.125872E-01	3.180477E-01	3.201776E-01	
80	3.140180E-01	3.152042E-01	3.190124E-01	
81	3.132624E-01	3.173126E-01	3.189612E-01	
82	3.137726E-01	3.173943E-01	3.183110E-01	
83	3.114911E-01	3.183203E-01	3.195347E-01	
84	3.126452E-01	3.150178E-01	3.178831E-01	
85	3.140093E-01	3.158812E-01	3.180584E-01	
86	3.130255E-01	3.138634E-01	3.169479E-01	
87	3.114323E-01	3.148436E-01	3.174234E-01	
88	3.127857E-01	3.152681E-01	3.173767E-01	
89	3.112826E-01	3.153097E-01	3.169262E-01	
90	3.121093E-01	3.128093E-01	3.183389E-01	
91	3.120501E-01	3.163003E-01	3.164803E-01	
92	3.121995E-01	3.160502E-01	3.167417E-01	
93	3.114234E-01	3.140358E-01	3.170026E-01	
94	3.114295E-01	3.146624E-01	3.162641E-01	
95	3.120095E-01	3.131735E-01	3.160478E-01	
96	3.094103E-01	3.150068E-01	3.164738E-01	
97	3.104125E-01	3.144388E-01	3.166150E-01	
98	3.120164E-01	3.154033E-01	3.153724E-01	
99	3.097046E-01	3.158508E-01	3.158874E-01	
100	3.098118E-01	3.159959E-01	3.163911E-01	
101	3.123171E-01	3.164614E-01	3.161831E-01	
102	3.117604E-01	3.126944E-01	3.165838E-01	
103	3.113764E-01	3.148070E-01	3.155307E-01	
104	3.124341E-01	3.147228E-01	3.166563E-01	
105	3.120214E-01	3.144242E-01	3.153961E-01	
106	3.139870E-01	3.150624E-01	3.154993E-01	
107	3.143168E-01	3.128702E-01	3.172198E-01	
108	3.150000E-01	3.155531E-01	3.168976E-01	
109	3.155763E-01	3.158997E-01	3.158927E-01	
110	3.160958E-01	3.160770E-01	3.184401E-01	
111	3.171930E-01	3.160711E-01	3.186809E-01	
112	3.191767E-01	3.155423E-01	3.175458E-01	
113	3.176589E-01	3.177213E-01	3.202516E-01	
114	3.200354E-01	3.170906E-01	3.196997E-01	
115	3.201408E-01	3.175656E-01	3.217662E-01	
116	3.218908E-01	3.191879E-01	3.218202E-01	
117	3.229028E-01	3.196633E-01	3.224374E-01	
118	3.239643E-01	3.179481E-01	3.244770E-01	
119	3.243092E-01	3.177656E-01	3.257366E-01	
120	3.266339E-01	3.208717E-01	3.253329E-01	
121	3.270918E-01	3.223941E-01	3.270003E-01	
122	3.278069E-01	3.224455E-01	3.281820E-01	
123	3.305589E-01	3.235585E-01	3.301441E-01	
124	3.322113E-01	3.220650E-01	3.305893E-01	
125	3.341852E-01	3.244274E-01	3.313899E-01	
126	3.347726E-01	3.249876E-01	3.324020E-01	
127	3.361650E-01	3.232975E-01	3.329622E-01	
128	3.377016E-01	3.258909E-01	3.359988E-01	
129	3.381014E-01	3.289000E-01	3.372557E-01	
130	3.434113E-01	3.275147E-01	3.370872E-01	
131	3.431099E-01	3.278118E-01	3.396042E-01	
132	3.434224E-01	3.307961E-01	3.413539E-01	
133	3.468470E-01	3.304277E-01	3.413364E-01	
134	3.481585E-01	3.322487E-01	3.436787E-01	
135	3.488743E-01	3.337763E-01	3.443830E-01	
136	3.523301E-01	3.343472E-01	3.456125E-01	
137	3.527864E-01	3.366951E-01	3.486971E-01	
138	3.541005E-01	3.371460E-01	3.501819E-01	
139	3.559812E-01	3.364391E-01	3.517318E-01	
140	3.569446E-01	3.402593E-01	3.528204E-01	
141	3.595870E-01	3.427848E-01	3.546752E-01	
142	3.629062E-01	3.428235E-01	3.571606E-01	
143	3.636376E-01	3.438751E-01	3.602332E-01	
144	3.668253E-01	3.452108E-01	3.596832E-01	
145	3.682952E-01	3.465634E-01	3.633744E-01	
146	3.708347E-01	3.474666E-01	3.675310E-01	
147	3.744860E-01	3.491910E-01	3.650277E-01	
148	3.746945E-01	3.516638E-01	3.684465E-01	
149	3.778889E-01	3.538213E-01	3.697396E-01	
150	3.808123E-01	3.543412E-01	3.717188E-01	
151	3.840346E-01	3.571784E-01	3.749383E-01	
152	3.868728E-01	3.571309E-01	3.755152E-01	
153	3.885382E-01	3.590270E-01	3.784929E-01	
154	3.919574E-01	3.617590E-01	3.819204E-01	
155	3.951047E-01	3.620459E-01	3.809907E-01	
156	3.966342E-01	3.635151E-01	3.843968E-01	
157	4.011467E-01	3.659322E-01	3.870429E-01	
158	4.038216E-01	3.668930E-01	3.895839E-01	
159	4.088929E-01	3.676454E-01	3.927472E-01	
160	4.095427E-01	3.700857E-01	3.928712E-01	
161	4.122231E-01	3.716252E-01	3.971774E-01	
162	4.171662E-01	3.731167E-01	3.975481E-01	
163	4.214109E-01	3.764974E-01	4.003568E-01	
164	4.215023E-01	3.770039E-01	4.032340E-01	
165	4.250699E-01	3.796412E-01	4.032870E-01	
166	4.317181E-01	3.791179E-01	4.074290E-01	
167	4.350816E-01	3.824987E-01	4.116514E-01	
168	4.359359E-01	3.820887E-01	4.120641E-01	
169	4.413001E-01	3.844589E-01	4.147681E-01	
170	4.430619E-01	3.829182E-01	4.186173E-01	
171	4.463496E-01	3.846151E-01	4.232908E-01	
172	4.467793E-01	3.868372E-01	4.231390E-01	
173	4.553390E-01	3.889551E-01	4.243315E-01	
174	4.579693E-01	3.871586E-01	4.315214E-01	
175	4.600808E-01	3.902268E-01	4.331934E-01	
176	4.647450E-01	3.939477E-01	4.356520E-01	
177	4.647340E-01	3.949699E-01	4.364214E-01	
178	4.712833E-01	3.957346E-01	4.403941E-01	
179	4.713582E-01	3.938590E-01	4.433533E-01	
180	4.774323E-01	3.963562E-01	4.441155E-01	
181	4.808715E-01	4.000588E-01	4.478122E-01	
182	4.803077E-01	3.979377E-01	4.500921E-01	
183	4.881597E-01	3.963452E-01	4.497790E-01	
184	4.924744E-01	4.002709E-01	4.530355E-01	
185	4.933498E-01	3.970474E-01	4.560448E-01	
186	4.951220E-01	4.009556E-01	4.589900E-01	
187	4.986235E-01	3.981962E-01	4.599734E-01	
188	5.007007E-01	3.967991E-01	4.605261E-01	
189	5.091779E-01	3.981330E-01	4.577661E-01	
190	5.102574E-01	3.998573E-01	4.614354E-01	
191	5.090176E-01	3.960293E-01	4.608314E-01	
192	5.174824E-01	3.973672E-01	4.598841E-01	
193	5.167420E-01	3.984643E-01	4.650837E-01	
194	5.201260E-01	3.977013E-01	4.650229E-01	
195	5.196599E-01	4.018416E-01	4.676021E-01	
196	5.259641E-01	3.978569E-01	4.661997E-01	
197	5.281674E-01	3.979452E-01	4.674282E-01	
198	5.313872E-01	4.001703E-01	4.688174E-01	
199	5.307566E-01	3.983367E-01	4.669643E-01	
200	5.333033E-01	3.947798E-01	4.720863E-01	
201	5.343107E-01	4.001229E-01	4.687630E-01	
202	5.352420E-01	3.925653E-01	4.715098E-01	
203	5.409601E-01	4.000725E-01	4.728895E-01	
204	5.352439E-01	3.903989E-01	4.738488E-01	
205	5.362887E-01	3.943439E-01	4.709221E-01	
206	5.368110E-01	3.942339E-01	4.722229E-01	
207	5.336860E-01	3.929831E-01	4.722962E-01	
208	5.304212E-01	3.939339E-01	4.678826E-01	
209	5.296858E-01	3.918651E-01	4.707850E-01	
210	5.324736E-01	3.917648E-01	4.722105E-01	
211	5.428619E-01	3.915794E-01	4.719597E-01	
212	5.352540E-01	3.932148E-01	4.676975E-01	
213	5.294401E-01	3.928036E-01	4.729779E-01	
214	5.383177E-01	3.924435E-01	4.728779E-01	
215	5.248746E-01	3.907889E-01	4.749763E-01	
216	5.333073E-01	3.873275E-01	4.701911E-01	
217	5.315529E-01	3.860867E-01	4.688107E-01	
218	5.325586E-01	3.866487E-01	4.673394E-01	
219	5.320249E-01	3.838510E-01	4.703265E-01	
220	5.335357E-01	3.815953E-01	4.759107E-01	
221	5.311537E-01	3.812877E-01	4.710823E-01	
222	5.375995E-01	3.797223E-01	4.689414E-01	
223	5.392624E-01	3.777286E-01	4.722511E-01	
224	5.168059E-01	3.769115E-01	4.591474E-01	
225	5.351690E-01	3.731308E-01	4.721560E-01	
226	5.284407E-01	3.761633E-01	4.691962E-01	
227	5.333036E-01	3.744685E-01	4.711183E-01	
228	5.283403E-01	3.723366E-01	4.640209E-01	
229	5.379874E-01	3.708898E-01	4.605987E-01	
230	5.337430E-01	3.660845E-01	4.691001E-01	
231	5.163590E-01	3.648177E-01	4.561467E-01	
232	5.249382E-01	3.656750E-01	4.564873E-01	
233	5.268097E-01	3.630886E-01	4.526376E-01	
234	5.180147E-01	3.592089E-01	4.506129E-01	
235	5.164797E-01	3.593177E-01	4.490286E-01	
236	5.165126E-01	3.615801E-01	4.472202E-01	
237	5.265300E-01	3.573697E-01	4.466764E-01	
238	5.174723E-01	3.602319E-01	4.354350E-01	
239	5.110311E-01	3.582857E-01	4.434247E-01	
240	5.120929E-01	3.550289E-01	4.318510E-01	
241	5.100452E-01	3.552771E-01	4.255824E-01	
242	4.983599E-01	3.508146E-01	4.293157E-01	
243	5.037534E-01	3.554832E-01	4.309897E-01	
244	4.795717E-01	3.509548E-01	4.252772E-01	
245	5.025506E-01	3.506433E-01	4.300897E-01	
246	5.063633E-01	3.494650E-01	4.171830E-01	
247	4.715892E-01	3.464157E-01	4.279124E-01	
248	4.904592E-01	3.448657E-01	4.170513E-01	
249	4.864222E-01	3.435684E-01	4.153664E-01	
250	4.842570E-01	3.439044E-01	4.220159E-01	
251	4.936240E-01	3.400999E-01	4.087863E-01	
252	4.537220E-01	3.395451E-01	4.103848E-01	
253	4.786917E-01	3.375767E-01	4.040307E-01	
254	4.826490E-01	3.382871E-01	3.966412E-01	
255	4.627791E-01	3.375554E-01	3.996412E-01	
256	4.655339E-01	3.321865E-01	3.955445E-01	
257	4.466777E-01	3.345747E-01	3.948259E-01	
258	4.624479E-01	3.315799E-01	3.920607E-01	
259	4.412668E-01	3.311703E-01	3.947634E-01	
260	4.568581E-01	3.290045E-01	3.808398E-01	
261	4.323902E-01	3.274809E-01	3.863299E-01	
262	4.281248E-01	3.316866E-01	3.777045E-01	
263	4.289812E-01	3.302995E-01	3.872901E-01	
264	4.137056E-01	3.253789E-01	3.719231E-01	
265	4.347919E-01	3.251470E-01	3.803271E-01	
266	3.943907E-01	3.250898E-01	3.788847E-01	
267	4.122292E-01	3.264338E-01	3.754187E-01	
268	4.121532E-01	3.194433E-01	3.733935E-01	
269	3.763037E-01	3.209389E-01	3.623899E-01	
270	3.977604E-01	3.221683E-01	3.693460E-01	
271	3.528182E-01	3.185931E-01	3.614578E-01	
272	3.934263E-01	3.143987E-01	3.576557E-01	
273	3.830432E-01	3.129441E-01	3.629940E-01	
274	3.711853E-01	3.140514E-01	3.538421E-01	
275	3.590350E-01	3.140313E-01	3.505090E-01	
276	3.636751E-01	3.061690E-01	3.446671E-01	
277	3.522022E-01	3.065281E-01	3.446889E-01	
278	3.350286E-01	3.066291E-01	3.430710E-01	
279	3.274209E-01	3.081742E-01	3.433408E-01	
280	3.632713E-01	3.015237E-01	3.438660E-01	
281	3.272722E-01	3.005342E-01	3.371597E-01	
282	3.317633E-01	3.020443E-01	3.311310E-01	
283	3.259176E-01	3.016220E-01	3.356321E-01	
284	3.402322E-01	3.019480E-01	3.355829E-01	
285	3.163150E-01	3.014999E-01	3.286874E-01	
286	3.316983E-01	2.986345E-01	3.305457E-01	
287	3.087019E-01	3.000260E-01	3.304910E-01	
288	3.041542E-01	2.959357E-01	3.262563E-01	
289	3.126743E-01	2.995939E-01	3.297331E-01	
290	3.077953E-01	2.959162E-01	3.259948E-01	
291	2.943497E-01	2.948852E-01	3.309025E-01	
292	3.139792E-01	2.941307E-01	3.286911E-01	
293	3.079825E-01	2.951786E-01	3.215001E-01	
294	3.249054E-01	2.985855E-01	3.183876E-01	
295	3.052101E-01	2.934905E-01	3.203024E-01	
296	2.957209E-01	2.952270E-01	3.177014E-01	
297	3.197707E-01	2.913844E-01	3.138020E-01	
298	3.031823E-01	2.929082E-01	3.200330E-01	
299	3.153644E-01	2.911273E-01	3.086001E-01	
300	3.235835E-01	2.951579E-01	3.171170E-01	
301	2.987571E-01	2.891262E-01	3.107405E-01	
302	3.156291E-01	2.912760E-01	3.094864E-01	
303	3.029547E-01	2.917641E-01	3.084268E-01	
304	2.988189E-01	2.908170E-01	3.061366E-01	
305	3.143950E-01	2.911829E-01	3.138783E-01	
306	3.064683E-01	2.874045E-01	3.079998E-01	
307	3.011134E-01	2.911236E-01	3.124209E-01	
308	3.040421E-01	2.915119E-01	3.113025E-01	
309	3.160012E-01	2.897550E-01	3.069513E-01	
310	3.059346E-01	2.913272E-01	3.084804E-01	
311	3.214497E-01	2.899395E-01	3.010600E-01	
312	3.172887E-01	2.913722E-01	3.116768E-01	
313	3.187781E-01	2.879298E-01	3.020314E-01	
314	2.971133E-01	2.908214E-01	3.019117E-01	
315	3.179302E-01	2.898504E-01	3.013397E-01	
316	2.947998E-01	2.889814E-01	3.028512E-01	
317	3.207942E-01	2.884642E-01	3.035254E-01	
318	3.128254E-01	2.892245E-01	2.990733E-01	
319	2.957042E-01	2.882421E-01	3.040295E-01	
320	2.969444E-01	2.865720E-01	2.999769E-01	
321	2.963246E-01	2.897027E-01	3.115515E-01	
322	2.898740E-01	2.876541E-01	2.909712E-01	
323	2.881581E-01	2.860197E-01	3.062467E-01	
324	2.804526E-01	2.835176E-01	3.001788E-01	
325	2.582001E-01	2.880875E-01	3.013618E-01	
326	2.650074E-01	2.838373E-01	3.044372E-01	
327	2.676869E-01	2.853239E-01	2.882507E-01	
328	2.753840E-01	2.876468E-01	3.051377E-01	
329	2.712724E-01	2.860095E-01	2.965567E-01	
330	2.463689E-01	2.854914E-01	2.955956E-01	
331	2.718339E-01	2.847571E-01	2.938228E-01	
332	2.590480E-01	2.881411E-01	2.968061E-01	
333	2.717718E-01	2.857210E-01	2.929020E-01	
334	2.537915E-01	2.863984E-01	2.974087E-01	
335	2.520726E-01	2.874886E-01	2.963637E-01	
336	2.596765E-01	2.858003E-01	2.932397E-01	
337	2.607760E-01	2.886546E-01	2.910953E-01	
338	2.429748E-01	2.894925E-01	2.957115E-01	
339	2.636995E-01	2.879719E-01	2.913516E-01	
340	2.498803E-01	2.899889E-01	2.844121E-01	
341	2.522010E-01	2.886018E-01	2.825886E-01	
342	2.692042E-01	2.876134E-01	2.901843E-01	
343	2.511396E-01	2.854405E-01	2.862612E-01	
344	2.500960E-01	2.883973E-01	2.866086E-01	
345	2.789725E-01	2.871376E-01	2.842475E-01	
346	2.697932E-01	2.836804E-01	2.895091E-01	
347	2.591795E-01	2.872748E-01	2.900968E-01	
348	2.738945E-01	2.836537E-01	2.816257E-01	
349	2.495671E-01	2.876520E-01	2.868134E-01	
350	2.369958E-01	2.880045E-01	2.856947E-01	
351	2.699263E-01	2.858037E-01	2.834339E-01	
352	2.411362E-01	2.855573E-01	2.885941E-01	
353	2.676845E-01	2.859697E-01	2.899391E-01	
354	2.610999E-01	2.855070E-01	2.943049E-01	
355	2.586672E-01	2.847216E-01	2.900316E-01	
356	2.536672E-01	2.840911E-01	2.887663E-01	
357	2.688434E-01	2.832258E-01	2.888824E-01	
358	2.577062E-01	2.868188E-01	2.910743E-01	
359	2.777056E-01	2.808146E-01	2.931286E-01	
360	2.832743E-01	2.821494E-01	2.860557E-01	
361	2.758017E-01	2.830754E-01	2.805211E-01	
362	2.872170E-01	2.798759E-01	2.844925E-01	
363	2.774030E-01	2.789543E-01	2.890180E-01	
364	3.044720E-01	2.802928E-01	2.800170E-01	
365	2.973602E-01	2.822073E-01	2.879182E-01	
366	2.992341E-01	2.792851E-01	2.835120E-01	
367	2.948310E-01	2.826552E-01	2.873255E-01	
368	2.878941E-01	2.805754E-01	2.780684E-01	
369	2.713293E-01	2.815040E-01	2.825603E-01	
370	2.719200E-01	2.824325E-01	2.840146E-01	
371	2.808428E-01	2.776046E-01	2.819985E-01	
372	2.761239E-01	2.815825E-01	2.893665E-01	
373	2.769209E-01	2.790207E-01	2.836172E-01	
374	2.911932E-01	2.800016E-01	2.785574E-01	
375	3.016395E-01	2.819731E-01	2.870274E-01	
376	3.028931E-01	2.814433E-01	2.858014E-01	
377	2.868446E-01	2.790569E-01	2.877313E-01	
378	2.893845E-01	2.841374E-01	2.845987E-01	
379	2.876308E-01	2.778758E-01	2.850130E-01	
380	3.142641E-01	2.763424E-01	2.749762E-01	
381	2.856533E-01	2.797731E-01	2.891269E-01	
382	2.742070E-01	2.732350E-01	2.862745E-01	
383	3.097842E-01	2.790661E-01	2.905777E-01	
384	3.022878E-01	2.782191E-01	2.801730E-01	
385	2.804174E-01	2.777042E-01	2.766170E-01	
386	2.804471E-01	2.818169E-01	2.931479E-01	
387	2.862185E-01	2.756703E-01	2.766235E-01	
388	2.896620E-01	2.807929E-01	2.858579E-01	
389	2.725002E-01	2.800001E-01	2.861887E-01	
390	2.730429E-01	2.778789E-01	2.789094E-01	
391	2.832998E-01	2.757261E-01	2.872582E-01	
392	2.299307E-01	2.752164E-01	2.900462E-01	
393	2.621625E-01	2.764602E-01	2.833730E-01	
394	2.346132E-01	2.748323E-01	2.933113E-01	
395	2.867196E-01	2.780343E-01	2.877617E-01	
396	2.822430E-01	2.727435E-01	2.911686E-01	
397	2.308050E-01	2.767032E-01	2.815044E-01	
398	2.440826E-01	2.723133E-01	3.019147E-01	
399	2.275394E-01	2.791416E-01	2.914197E-01	
400	2.380159E-01	2.751689E-01	2.821936E-01	
401	2.024556E-01	2.715073E-01	2.996510E-01	
402	2.232394E-01	2.766815E-01	2.890396E-01	
403	2.418587E-01	2.746854E-01	2.969340E-01	
404	2.265381E-01	2.792265E-01	2.942806E-01	
405	2.533897E-01	2.752043E-01	2.988236E-01	
406	2.196636E-01	2.761337E-01	2.988538E-01	
407	2.204275E-01	2.839143E-01	3.038275E-01	
408	2.154498E-01	2.769827E-01	2.902143E-01	
409	2.403578E-01	2.781296E-01	2.851941E-01	
410	2.300521E-01	2.832044E-01	2.880636E-01	
411	2.316423E-01	2.849851E-01	2.894218E-01	
412	2.344303E-01	2.782356E-01	2.922805E-01	
413	2.611040E-01	2.871217E-01	3.011292E-01	
414	2.348343E-01	2.847672E-01	2.993350E-01	
415	2.206130E-01	2.894504E-01	3.088749E-01	
416	2.563121E-01	2.854022E-01	3.138966E-01	
417	2.345204E-01	2.825240E-01	3.043013E-01	
418	2.697262E-01	2.914786E-01	3.028886E-01	
419	2.844358E-01	2.883858E-01	2.945850E-01	
420	2.954922E-01	2.819149E-01	3.006979E-01	
421	2.763530E-01	2.865026E-01	3.049841E-01	
422	3.065016E-01	2.931375E-01	3.059423E-01	
423	2.530178E-01	2.794908E-01	3.024955E-01	
424	2.902001E-01	2.925780E-01	3.082345E-01	
425	2.719253E-01	2.907277E-01	3.080315E-01	
426	3.180090E-01	2.910729E-01	3.046953E-01	
427	3.256739E-01	2.918272E-01	3.095046E-01	
428	2.996445E-01	2.918855E-01	2.943038E-01	
429	3.196606E-01	2.966953E-01	2.993093E-01	
430	3.361088E-01	2.855567E-01	2.961350E-01	
431	3.636652E-01	2.926593E-01	2.978382E-01	
432	3.592778E-01	2.879845E-01	3.073607E-01	
433	3.533178E-01	2.906124E-01	3.019800E-01	
434	3.550450E-01	2.900821E-01	3.033513E-01	
435	3.198128E-01	2.832770E-01	3.009823E-01	
436	4.009776E-01	2.945469E-01	2.910048E-01	
437	3.341792E-01	2.913108E-01	3.018021E-01	
438	3.763994E-01	2.981394E-01	2.889143E-01	
439	3.532487E-01	2.842815E-01	3.008229E-01	
440	3.529245E-01	2.931667E-01	2.930643E-01	
441	3.730829E-01	2.942768E-01	2.963912E-01	
442	2.596595E-01	2.925202E-01	2.736212E-01	
443	3.073167E-01	2.867179E-01	2.724130E-01	
444	3.875551E-01	2.946542E-01	3.058548E-01	
445	2.503876E-01	3.079696E-01	2.880991E-01	
446	3.918206E-01	2.963053E-01	2.817495E-01	
447	3.249626E-01	3.040578E-01	2.912883E-01	
448	2.751104E-01	2.988378E-01	2.867178E-01	
449	2.202369E-01	3.068841E-01	2.908920E-01	
450	1.590392E-01	2.962909E-01	2.712471E-01	
451	2.884339E-01	2.919425E-01	2.772567E-01	
452	2.284369E-01	3.053276E-01	2.874842E-01	
453	2.149523E-01	3.047853E-01	2.727872E-01	
454	1.896190E-01	3.157730E-01	2.782698E-01	
455	2.932659E-01	2.928225E-01	3.034532E-01	
456	1.501722E-01	3.163674E-01	2.859109E-01	
457	2.054365E-01	3.048338E-01	2.845046E-01	
458	1.474949E-01	3.035158E-01	3.036471E-01	
459	1.842410E-01	3.028791E-01	2.932538E-01	
460	1.378095E-01	2.974855E-01	3.035036E-01	
461	1.764844E-01	3.138412E-01	2.878008E-01	
462	3.011021E-01	2.894885E-01	2.858166E-01	
463	1.365324E-01	3.116179E-01	3.231726E-01	
464	2.214964E-01	2.964213E-01	2.888325E-01	
465	2.585241E-01	3.099707E-01	3.165893E-01	
466	3.214937E-01	2.892329E-01	2.836029E-01	
467	2.886886E-01	2.935583E-01	2.779647E-01	
468	2.656164E-01	3.035535E-01	2.776000E-01	
469	4.485754E-01	2.939095E-01	3.156083E-01	
470	4.198380E-01	3.116804E-01	3.173777E-01	
471	4.629306E-01	2.975281E-01	2.719880E-01	
472	3.093225E-01	3.130705E-01	3.263469E-01	
473	3.902630E-01	2.919678E-01	2.848338E-01	
474	3.397893E-01	3.014354E-01	2.906344E-01	
475	5.662118E-01	3.215819E-01	2.928772E-01	
476	4.213788E-01	3.035099E-01	2.869295E-01	
477	1.828413E-01	3.778879E-01	3.789343E-01	
478	2.897960E-01	3.035425E-01	2.512125E-01	
479	0	3.550289E-01	3.285678E-01	
480	3.217749E-01	3.116419E-01	2.883930E-01	
481	5.640693E-01	3.351121E-01	3.072689E-01	
482	2.810469E-01	3.268371E-01	3.101826E-01	
483	4.796008E-01	3.405639E-01	2.795338E-01	
484	0	4.129823E-01	3.826891E-01	
485	3.509429E-01	3.236133E-01	3.133708E-01	
486	0	4.124761E-01	4.885104E-01	
487	3.920759E-01	3.528318E-01	3.018865E-01	
488	0	3.997584E-01	4.199911E-01	
489	4.197640E-01	3.257097E-01	2.976777E-01	
490	0	4.019391E-01	3.489124E-01	
491	3.905082E-01	4.031605E-01	3.165693E-01	
492	5.023715E-01	3.634687E-01	3.597459E-01	
493	0	5.370952E-01	5.397905E-01	
494	5.003232E-01	3.748301E-01	3.343923E-01	
495	0	5.081701E-01	4.952423E-01	
496	5.262133E-01	3.749319E-01	3.419453E-01	
497	5.799868E-01	4.733849E-01	2.059875E-01	
498	0	4.116341E-01	3.171290E-01	
499	3.796835E-01	4.407658E-01	2.755210E-01	
500	0	0	0	
501	3.962096E-01	4.263133E-01	3.658989E-01	
502	0	0	0	
503	4.693236E-01	4.630361E-01	4.102337E-01	
504	0	0	0	
505	0	4.751435E-01	4.435710E-01	
506	0	4.635981E-01	0	
507	0	0	0	
508	0	5.092521E-01	5.104965E-01	
509	0	0	0	
510	0	5.837489E-01	5.651048E-01	
511	0	0	0	
512	0	5.074917E-01	5.474343E-01	
513	0	0	0	
514	0	0	0	
515	0	5.987656E-01	6.533132E-01	
516	0	0	0	
517	0	6.901978E-01	7.275974E-01	
518	0	0	0	
519	0	0	0	
520	0	0	0	
521	0	0	0	
522	0	0	0	
523	0	0	0	
524	0	0	0	
525	0	0	0	
526	0	0	0	
527	0	0	0	
528	0	0	0	
529	0	0	0	
530	0	0	0	
531	0	0	0	
532	0	0	0	
533	0	0	0	
534	0	0	0	
535	0	0	0	
536	0	0	0	
537	0	0	0	
538	0	0	0	
539	0	0	0	
540	0	0	0	
541	0	0	0	
542	0	0	0	
543	0	0	0	
544	0	0	0	
545	0	0	0	
546	0	0	0	
547	0	0	0	
548	0	0	0	
549	0	0	0	
550	0	0	0	
551	0	0	0	
552	0	0	0	
553	0	0	0	
554	0	0	0	
555	0	0	0	
556	0	0	0	
557	0	0	0	
558	0	0	0	
559	0	0	0	
560	0	0	0	
561	0	0	0	
562	0	0	0	
563	0	0	0	
564	0	0	0	
565	0	0	0	
566	0	0	0	
567	0	0	0	
568	0	0	0	
569	0	0	0	
570	0	0	0	
571	0	0	0	
572	0	0	0	
573	0	0	0	
574	0	0	0	
575	0	0	0	
576	0	0	0	
577	0	0	0	
578	0	0	0	
579	0	0	0	
580	0	0	0	
581	0	0	0	
582	0	0	0	
583	0	0	0	
584	0	0	0	
585	0	0	0	
586	0	0	0	
587	0	0	0	
588	0	0	0	
589	0	0	0	
590	0	0	0	
591	0	0	0	
592	0	0	0	
593	0	0	0	
594	0	0	0	
595	0	0	0	
596	0	0	0	
597	0	0	0	
598	0	0	0	
599	0	0	0	
#NewRun
