#COM_Bin	Avg_cosine_squared
#Order is chain type
0	0	0	0	
1	0	0	0	
2	0	0	0	
3	0	0	0	
4	3.321933E-01	2.469471E-01	3.334225E-01	
5	3.300007E-01	6.111748E-01	3.321379E-01	
6	3.431501E-01	3.045407E-01	3.440495E-01	
7	0	0	0	
8	3.320593E-01	3.279844E-01	3.288942E-01	
9	3.275574E-01	3.640432E-01	3.275529E-01	
10	0	0	0	
11	3.418400E-01	4.081542E-01	3.237830E-01	
12	3.403381E-01	3.845864E-01	3.295547E-01	
13	3.412533E-01	3.677852E-01	3.343312E-01	
14	3.289802E-01	3.614912E-01	3.321278E-01	
15	0	0	0	
16	3.332196E-01	3.655370E-01	3.333146E-01	
17	3.361228E-01	3.499239E-01	3.320405E-01	
18	3.384918E-01	3.467961E-01	3.323175E-01	
19	3.303663E-01	3.358700E-01	3.176892E-01	
20	3.376278E-01	3.330771E-01	3.360769E-01	
21	3.380933E-01	3.395470E-01	3.399402E-01	
22	3.382282E-01	3.592603E-01	3.344965E-01	
23	3.422181E-01	3.658507E-01	3.347606E-01	
24	3.289423E-01	3.206539E-01	3.314302E-01	
25	3.345602E-01	3.254267E-01	3.349449E-01	
26	3.366383E-01	2.769515E-01	3.391658E-01	
27	3.375208E-01	2.600585E-01	3.294074E-01	
28	3.327079E-01	2.926742E-01	3.342147E-01	
29	3.317874E-01	2.669911E-01	3.310689E-01	
30	3.303400E-01	2.987329E-01	3.330346E-01	
31	3.299240E-01	3.384701E-01	3.365813E-01	
32	3.320505E-01	2.819230E-01	3.323542E-01	
33	3.349187E-01	2.780724E-01	3.316411E-01	
34	3.300091E-01	2.782939E-01	3.337655E-01	
35	3.302999E-01	2.857951E-01	3.358912E-01	
36	3.300188E-01	2.985349E-01	3.296746E-01	
37	3.316566E-01	2.864563E-01	3.294811E-01	
38	3.307874E-01	2.707361E-01	3.311967E-01	
39	3.321286E-01	2.673195E-01	3.289818E-01	
40	3.322856E-01	3.024902E-01	3.277481E-01	
41	3.310355E-01	2.738805E-01	3.276205E-01	
42	3.300533E-01	2.356421E-01	3.315292E-01	
43	3.305088E-01	2.923038E-01	3.295639E-01	
44	3.267774E-01	2.821730E-01	3.268904E-01	
45	3.268451E-01	2.999300E-01	3.264738E-01	
46	3.264801E-01	3.079110E-01	3.303110E-01	
47	3.258844E-01	3.333472E-01	3.263442E-01	
48	3.249345E-01	3.024104E-01	3.278702E-01	
49	3.239680E-01	3.301532E-01	3.275319E-01	
50	3.242144E-01	3.018606E-01	3.269415E-01	
51	3.223195E-01	3.094878E-01	3.283203E-01	
52	3.232721E-01	3.158487E-01	3.269404E-01	
53	3.253491E-01	3.108711E-01	3.276560E-01	
54	3.216256E-01	3.235103E-01	3.290053E-01	
55	3.221905E-01	3.212832E-01	3.293735E-01	
56	3.226787E-01	3.060669E-01	3.279271E-01	
57	3.211270E-01	3.112487E-01	3.295915E-01	
58	3.210983E-01	3.394054E-01	3.289684E-01	
59	3.215828E-01	3.105443E-01	3.280390E-01	
60	3.213261E-01	3.179506E-01	3.235072E-01	
61	3.221072E-01	3.278669E-01	3.262495E-01	
62	3.196513E-01	3.321528E-01	3.248066E-01	
63	3.192879E-01	3.289597E-01	3.237994E-01	
64	3.233011E-01	3.544485E-01	3.241356E-01	
65	3.219835E-01	3.326025E-01	3.231610E-01	
66	3.229092E-01	3.334526E-01	3.211762E-01	
67	3.199173E-01	3.342772E-01	3.228467E-01	
68	3.196171E-01	3.546974E-01	3.229899E-01	
69	3.203982E-01	3.508878E-01	3.236540E-01	
70	3.213219E-01	3.667467E-01	3.213403E-01	
71	3.194474E-01	3.600167E-01	3.214569E-01	
72	3.188907E-01	3.439045E-01	3.232741E-01	
73	3.182355E-01	3.643561E-01	3.207721E-01	
74	3.189521E-01	3.576438E-01	3.208909E-01	
75	3.190497E-01	3.542120E-01	3.205765E-01	
76	3.178917E-01	3.414565E-01	3.225386E-01	
77	3.176949E-01	3.651982E-01	3.217872E-01	
78	3.189989E-01	3.589662E-01	3.218262E-01	
79	3.167642E-01	3.542188E-01	3.226701E-01	
80	3.188155E-01	3.602933E-01	3.224126E-01	
81	3.180260E-01	3.410590E-01	3.212021E-01	
82	3.168485E-01	3.508207E-01	3.180888E-01	
83	3.181923E-01	3.619268E-01	3.200240E-01	
84	3.191391E-01	3.496101E-01	3.198077E-01	
85	3.184219E-01	3.402551E-01	3.193434E-01	
86	3.189551E-01	3.414974E-01	3.209048E-01	
87	3.198177E-01	3.354728E-01	3.190990E-01	
88	3.183601E-01	3.547753E-01	3.204539E-01	
89	3.200503E-01	3.351402E-01	3.189095E-01	
90	3.190000E-01	3.296686E-01	3.193872E-01	
91	3.197170E-01	3.331050E-01	3.194712E-01	
92	3.189350E-01	3.292317E-01	3.197656E-01	
93	3.194043E-01	3.206184E-01	3.192146E-01	
94	3.206922E-01	3.138189E-01	3.189985E-01	
95	3.218264E-01	3.229396E-01	3.185557E-01	
96	3.205541E-01	3.269381E-01	3.188198E-01	
97	3.208589E-01	3.145784E-01	3.204043E-01	
98	3.224089E-01	3.137308E-01	3.193649E-01	
99	3.212611E-01	3.255967E-01	3.197679E-01	
100	3.221998E-01	3.166272E-01	3.227962E-01	
101	3.223971E-01	3.142201E-01	3.208559E-01	
102	3.218984E-01	3.113050E-01	3.215051E-01	
103	3.233945E-01	3.190907E-01	3.227842E-01	
104	3.236176E-01	3.089335E-01	3.236621E-01	
105	3.246994E-01	3.009064E-01	3.231119E-01	
106	3.251704E-01	3.208141E-01	3.243415E-01	
107	3.230344E-01	3.145840E-01	3.261332E-01	
108	3.251981E-01	3.070219E-01	3.248811E-01	
109	3.261688E-01	3.089104E-01	3.275434E-01	
110	3.265892E-01	3.157677E-01	3.275703E-01	
111	3.257685E-01	3.183535E-01	3.281322E-01	
112	3.262997E-01	3.220701E-01	3.293683E-01	
113	3.277274E-01	3.202485E-01	3.293314E-01	
114	3.288096E-01	3.219185E-01	3.314380E-01	
115	3.292898E-01	3.153552E-01	3.308835E-01	
116	3.312510E-01	3.197857E-01	3.316580E-01	
117	3.310188E-01	3.170811E-01	3.321593E-01	
118	3.319024E-01	3.239855E-01	3.339108E-01	
119	3.330332E-01	3.211071E-01	3.341028E-01	
120	3.353632E-01	3.135284E-01	3.358540E-01	
121	3.360484E-01	3.254162E-01	3.379273E-01	
122	3.369286E-01	3.230441E-01	3.376436E-01	
123	3.379733E-01	3.172132E-01	3.418870E-01	
124	3.393336E-01	3.167797E-01	3.419035E-01	
125	3.416957E-01	3.309496E-01	3.434564E-01	
126	3.429669E-01	3.292028E-01	3.427221E-01	
127	3.444313E-01	3.228378E-01	3.468868E-01	
128	3.450718E-01	3.317049E-01	3.478238E-01	
129	3.476864E-01	3.391144E-01	3.473120E-01	
130	3.486015E-01	3.439678E-01	3.496812E-01	
131	3.509880E-01	3.332078E-01	3.518742E-01	
132	3.509914E-01	3.500830E-01	3.525859E-01	
133	3.534626E-01	3.520891E-01	3.541631E-01	
134	3.563351E-01	3.432247E-01	3.536546E-01	
135	3.551860E-01	3.594721E-01	3.565632E-01	
136	3.567048E-01	3.504361E-01	3.563966E-01	
137	3.598874E-01	3.506849E-01	3.565626E-01	
138	3.635743E-01	3.519322E-01	3.575885E-01	
139	3.658103E-01	3.562366E-01	3.605917E-01	
140	3.653942E-01	3.624606E-01	3.596606E-01	
141	3.698381E-01	3.557632E-01	3.610233E-01	
142	3.719363E-01	3.634080E-01	3.627530E-01	
143	3.762427E-01	3.537960E-01	3.681159E-01	
144	3.776631E-01	3.521442E-01	3.656213E-01	
145	3.812769E-01	3.626417E-01	3.672855E-01	
146	3.842622E-01	3.566563E-01	3.697607E-01	
147	3.871968E-01	3.591650E-01	3.700252E-01	
148	3.876116E-01	3.620049E-01	3.711958E-01	
149	3.899159E-01	3.562299E-01	3.735615E-01	
150	3.933886E-01	3.529114E-01	3.746621E-01	
151	3.933432E-01	3.762136E-01	3.789214E-01	
152	3.952694E-01	3.710378E-01	3.791782E-01	
153	3.965840E-01	3.734860E-01	3.808522E-01	
154	4.008612E-01	3.785111E-01	3.851639E-01	
155	4.014538E-01	3.790723E-01	3.844048E-01	
156	4.050118E-01	3.717155E-01	3.891049E-01	
157	4.074876E-01	3.703362E-01	3.897559E-01	
158	4.092720E-01	3.717399E-01	3.947260E-01	
159	4.066324E-01	3.665017E-01	3.966096E-01	
160	4.127439E-01	3.664883E-01	4.005150E-01	
161	4.162618E-01	3.595509E-01	4.012871E-01	
162	4.180552E-01	3.657866E-01	4.014049E-01	
163	4.177018E-01	3.585824E-01	4.070300E-01	
164	4.220558E-01	3.748481E-01	4.096288E-01	
165	4.242970E-01	3.899134E-01	4.126060E-01	
166	4.264203E-01	3.721719E-01	4.123013E-01	
167	4.270489E-01	3.775778E-01	4.165592E-01	
168	4.299635E-01	3.936945E-01	4.204985E-01	
169	4.305156E-01	3.651821E-01	4.231563E-01	
170	4.343083E-01	3.836849E-01	4.234032E-01	
171	4.349073E-01	3.733299E-01	4.247990E-01	
172	4.390700E-01	3.855408E-01	4.292843E-01	
173	4.390920E-01	3.856661E-01	4.285173E-01	
174	4.413142E-01	3.924117E-01	4.304204E-01	
175	4.465715E-01	3.735883E-01	4.312105E-01	
176	4.441281E-01	3.938336E-01	4.320129E-01	
177	4.481051E-01	3.691126E-01	4.369188E-01	
178	4.511327E-01	3.983469E-01	4.337642E-01	
179	4.509422E-01	4.134190E-01	4.396052E-01	
180	4.580718E-01	3.896753E-01	4.367635E-01	
181	4.566123E-01	3.863324E-01	4.393499E-01	
182	4.607352E-01	3.826875E-01	4.376644E-01	
183	4.628904E-01	3.815613E-01	4.414749E-01	
184	4.619959E-01	3.924932E-01	4.447684E-01	
185	4.670719E-01	3.767830E-01	4.415432E-01	
186	4.693580E-01	3.940125E-01	4.473082E-01	
187	4.701735E-01	3.882225E-01	4.455822E-01	
188	4.748359E-01	4.049588E-01	4.452017E-01	
189	4.773121E-01	4.032629E-01	4.508238E-01	
190	4.744663E-01	3.957391E-01	4.474445E-01	
191	4.819098E-01	3.979735E-01	4.470642E-01	
192	4.829268E-01	3.953911E-01	4.497241E-01	
193	4.836164E-01	4.029048E-01	4.486788E-01	
194	4.890778E-01	4.022233E-01	4.486891E-01	
195	4.864571E-01	3.878177E-01	4.531853E-01	
196	4.932186E-01	3.727856E-01	4.468990E-01	
197	4.923856E-01	3.897940E-01	4.478050E-01	
198	4.975235E-01	3.979919E-01	4.477976E-01	
199	4.983686E-01	3.767249E-01	4.534086E-01	
200	5.009302E-01	3.759677E-01	4.491608E-01	
201	4.997760E-01	3.893778E-01	4.488813E-01	
202	5.037216E-01	3.928927E-01	4.482122E-01	
203	4.978531E-01	3.917362E-01	4.464659E-01	
204	5.049678E-01	3.818473E-01	4.453369E-01	
205	5.033892E-01	3.701339E-01	4.460041E-01	
206	5.015956E-01	3.977511E-01	4.422265E-01	
207	4.986986E-01	4.017423E-01	4.414763E-01	
208	4.987725E-01	3.858950E-01	4.394181E-01	
209	5.031816E-01	3.790132E-01	4.412981E-01	
210	4.972676E-01	3.817604E-01	4.413936E-01	
211	4.933654E-01	3.980483E-01	4.361618E-01	
212	4.896844E-01	3.734476E-01	4.355347E-01	
213	4.938126E-01	3.766943E-01	4.306015E-01	
214	4.976371E-01	3.964311E-01	4.336988E-01	
215	4.994170E-01	3.797565E-01	4.343253E-01	
216	4.932527E-01	3.655076E-01	4.281853E-01	
217	4.912524E-01	3.821144E-01	4.292349E-01	
218	4.925404E-01	3.743643E-01	4.220064E-01	
219	4.869351E-01	3.559199E-01	4.232732E-01	
220	4.894682E-01	3.566556E-01	4.257766E-01	
221	4.860914E-01	3.650285E-01	4.223131E-01	
222	4.842813E-01	3.784172E-01	4.102223E-01	
223	4.929178E-01	3.571983E-01	4.167697E-01	
224	4.713050E-01	3.577348E-01	4.160926E-01	
225	4.767748E-01	3.708547E-01	4.122127E-01	
226	4.705751E-01	3.667958E-01	4.145888E-01	
227	4.740468E-01	3.588270E-01	4.104086E-01	
228	4.733572E-01	3.576283E-01	4.232778E-01	
229	4.607435E-01	3.455592E-01	4.104277E-01	
230	4.629405E-01	3.523333E-01	4.032841E-01	
231	4.551599E-01	3.581180E-01	4.116338E-01	
232	4.452087E-01	3.400008E-01	4.084876E-01	
233	4.542604E-01	3.579058E-01	4.073266E-01	
234	4.480523E-01	3.358975E-01	4.015519E-01	
235	4.468156E-01	3.268645E-01	4.036094E-01	
236	4.412823E-01	3.419615E-01	4.023073E-01	
237	4.332540E-01	3.501332E-01	3.969867E-01	
238	4.323511E-01	3.284160E-01	3.906791E-01	
239	4.245887E-01	3.134835E-01	3.937893E-01	
240	4.240789E-01	3.411510E-01	3.850011E-01	
241	4.064275E-01	3.392232E-01	3.850428E-01	
242	4.116174E-01	3.293201E-01	3.808630E-01	
243	4.156710E-01	3.135319E-01	3.814848E-01	
244	4.080874E-01	3.223968E-01	3.811260E-01	
245	4.060151E-01	3.211556E-01	3.812637E-01	
246	4.071931E-01	3.332213E-01	3.707214E-01	
247	3.949480E-01	3.226702E-01	3.676500E-01	
248	3.869741E-01	3.159098E-01	3.712631E-01	
249	3.879895E-01	3.376869E-01	3.694742E-01	
250	3.918500E-01	3.237066E-01	3.653995E-01	
251	3.824297E-01	3.207505E-01	3.677960E-01	
252	3.773775E-01	3.310431E-01	3.587401E-01	
253	3.695547E-01	3.158076E-01	3.601814E-01	
254	3.706397E-01	3.223904E-01	3.525583E-01	
255	3.687222E-01	3.219190E-01	3.537353E-01	
256	3.817642E-01	3.386018E-01	3.518028E-01	
257	3.631556E-01	3.408777E-01	3.547104E-01	
258	3.626628E-01	3.265365E-01	3.527891E-01	
259	3.699082E-01	3.323065E-01	3.497702E-01	
260	3.677036E-01	3.323827E-01	3.429950E-01	
261	3.683231E-01	3.266187E-01	3.442692E-01	
262	3.626896E-01	3.186354E-01	3.399735E-01	
263	3.503333E-01	3.392740E-01	3.444099E-01	
264	3.575069E-01	3.248065E-01	3.337464E-01	
265	3.506289E-01	3.061160E-01	3.409963E-01	
266	3.478326E-01	3.369331E-01	3.371601E-01	
267	3.429814E-01	3.271684E-01	3.353160E-01	
268	3.482056E-01	3.376862E-01	3.257390E-01	
269	3.435936E-01	3.146030E-01	3.304557E-01	
270	3.355585E-01	3.161334E-01	3.346061E-01	
271	3.391684E-01	3.419385E-01	3.271173E-01	
272	3.349516E-01	3.117162E-01	3.262020E-01	
273	3.383378E-01	3.253328E-01	3.275527E-01	
274	3.355667E-01	3.223637E-01	3.262855E-01	
275	3.299854E-01	3.171589E-01	3.233991E-01	
276	3.238934E-01	3.130133E-01	3.173530E-01	
277	3.298628E-01	3.085734E-01	3.123093E-01	
278	3.335143E-01	3.225739E-01	3.163485E-01	
279	3.361797E-01	3.041180E-01	3.171327E-01	
280	3.234809E-01	3.072691E-01	3.124420E-01	
281	3.261971E-01	3.193965E-01	3.097199E-01	
282	3.226837E-01	3.080646E-01	3.124576E-01	
283	3.233595E-01	3.002146E-01	3.020785E-01	
284	3.222899E-01	2.947995E-01	3.030908E-01	
285	3.165011E-01	3.000527E-01	3.036417E-01	
286	3.198830E-01	2.955596E-01	3.038582E-01	
287	3.131958E-01	2.913584E-01	3.053160E-01	
288	3.092048E-01	2.842884E-01	2.983566E-01	
289	3.065587E-01	2.912770E-01	3.015433E-01	
290	2.967064E-01	2.862054E-01	3.016020E-01	
291	3.120209E-01	3.040533E-01	3.010761E-01	
292	3.022162E-01	3.084453E-01	3.021616E-01	
293	3.048406E-01	2.982809E-01	2.996609E-01	
294	3.036524E-01	2.975428E-01	3.036103E-01	
295	3.041458E-01	2.989500E-01	3.004225E-01	
296	2.994572E-01	3.007427E-01	3.010499E-01	
297	3.022443E-01	2.703119E-01	3.027831E-01	
298	2.920252E-01	2.956114E-01	2.966996E-01	
299	3.005273E-01	3.008895E-01	2.984544E-01	
300	2.943384E-01	3.024358E-01	3.104491E-01	
301	2.921016E-01	3.006336E-01	2.965389E-01	
302	3.025385E-01	2.917266E-01	2.936056E-01	
303	2.967780E-01	3.064498E-01	2.985569E-01	
304	2.951654E-01	2.830576E-01	2.934141E-01	
305	2.974703E-01	2.943599E-01	2.981722E-01	
306	2.887132E-01	3.019719E-01	2.993091E-01	
307	2.959853E-01	2.982096E-01	2.975370E-01	
308	2.984589E-01	3.092176E-01	2.996638E-01	
309	3.021525E-01	2.942138E-01	2.952296E-01	
310	3.023830E-01	2.917850E-01	2.937175E-01	
311	2.973327E-01	2.986431E-01	2.945175E-01	
312	3.067570E-01	2.913135E-01	2.926414E-01	
313	3.002434E-01	3.059285E-01	2.944930E-01	
314	3.061065E-01	2.923661E-01	2.965971E-01	
315	3.037489E-01	3.081657E-01	2.911549E-01	
316	3.067580E-01	3.005618E-01	2.938208E-01	
317	3.074049E-01	3.014226E-01	2.927102E-01	
318	3.065634E-01	2.886112E-01	2.946749E-01	
319	3.122977E-01	2.895127E-01	2.942385E-01	
320	3.131884E-01	3.039755E-01	2.934125E-01	
321	3.102106E-01	2.966100E-01	2.946375E-01	
322	3.027443E-01	2.956301E-01	2.889352E-01	
323	3.077809E-01	2.918710E-01	2.946941E-01	
324	3.037419E-01	2.986445E-01	2.975339E-01	
325	3.018917E-01	2.952128E-01	2.897368E-01	
326	3.067552E-01	3.050297E-01	2.962885E-01	
327	3.073280E-01	2.906239E-01	2.876391E-01	
328	2.982014E-01	2.777499E-01	2.889506E-01	
329	3.030794E-01	2.976451E-01	2.899293E-01	
330	3.072263E-01	2.910051E-01	2.831338E-01	
331	3.013841E-01	2.922807E-01	2.856204E-01	
332	2.895859E-01	3.006824E-01	2.824959E-01	
333	2.940464E-01	2.955869E-01	2.807952E-01	
334	2.945143E-01	2.852095E-01	2.872629E-01	
335	2.980834E-01	2.786102E-01	2.861981E-01	
336	3.012225E-01	2.850126E-01	2.835346E-01	
337	2.977302E-01	2.977624E-01	2.868492E-01	
338	2.899447E-01	2.734753E-01	2.849330E-01	
339	2.923621E-01	3.013851E-01	2.884641E-01	
340	3.016345E-01	2.880163E-01	2.878139E-01	
341	2.977751E-01	2.938375E-01	2.871042E-01	
342	2.968137E-01	3.114296E-01	2.861207E-01	
343	2.907430E-01	2.744508E-01	2.870615E-01	
344	2.984648E-01	2.780094E-01	2.902696E-01	
345	2.950144E-01	2.815107E-01	2.847782E-01	
346	2.913345E-01	2.852062E-01	2.880350E-01	
347	2.936899E-01	2.932090E-01	2.938891E-01	
348	2.963154E-01	3.146704E-01	2.884156E-01	
349	2.951639E-01	3.017618E-01	2.880498E-01	
350	2.930553E-01	2.936662E-01	2.884575E-01	
351	2.957665E-01	2.944909E-01	2.882555E-01	
352	3.049514E-01	2.944843E-01	2.867661E-01	
353	2.962856E-01	2.909152E-01	2.845774E-01	
354	2.946049E-01	2.880094E-01	2.856161E-01	
355	2.940295E-01	3.108063E-01	2.887714E-01	
356	2.930755E-01	2.937088E-01	2.843651E-01	
357	2.980122E-01	2.955698E-01	2.883649E-01	
358	2.941200E-01	3.148789E-01	2.903491E-01	
359	2.978048E-01	3.041258E-01	2.894439E-01	
360	2.824208E-01	2.770869E-01	2.842825E-01	
361	2.858305E-01	2.860324E-01	2.850967E-01	
362	2.734547E-01	3.095816E-01	2.864797E-01	
363	2.723046E-01	2.744601E-01	2.801128E-01	
364	2.700043E-01	2.879056E-01	2.826842E-01	
365	2.689831E-01	3.013036E-01	2.860677E-01	
366	2.718053E-01	3.025938E-01	2.840164E-01	
367	2.674752E-01	2.826452E-01	2.841844E-01	
368	2.627214E-01	2.814842E-01	2.795504E-01	
369	2.694178E-01	2.871079E-01	2.812178E-01	
370	2.534196E-01	2.962542E-01	2.797143E-01	
371	2.712522E-01	2.800974E-01	2.859811E-01	
372	2.644877E-01	2.679472E-01	2.763979E-01	
373	2.696305E-01	3.076445E-01	2.822747E-01	
374	2.724124E-01	2.642472E-01	2.807096E-01	
375	2.881733E-01	3.116883E-01	2.798681E-01	
376	2.697820E-01	2.828225E-01	2.738625E-01	
377	2.781998E-01	2.807674E-01	2.729033E-01	
378	2.695221E-01	2.846396E-01	2.823670E-01	
379	2.782868E-01	2.979031E-01	2.777436E-01	
380	2.721537E-01	2.828558E-01	2.745328E-01	
381	2.729794E-01	2.925107E-01	2.836238E-01	
382	2.735403E-01	2.563977E-01	2.819960E-01	
383	2.675844E-01	2.850408E-01	2.865101E-01	
384	2.641458E-01	2.779871E-01	2.886660E-01	
385	2.770473E-01	2.730164E-01	2.825810E-01	
386	2.905882E-01	2.876278E-01	2.826951E-01	
387	2.745315E-01	2.569642E-01	2.838636E-01	
388	2.824797E-01	2.747100E-01	2.814034E-01	
389	2.894733E-01	2.820692E-01	2.806860E-01	
390	2.791058E-01	2.870155E-01	2.787548E-01	
391	3.071105E-01	2.786475E-01	2.729085E-01	
392	2.957174E-01	2.728212E-01	2.771621E-01	
393	2.968836E-01	2.612910E-01	2.786026E-01	
394	2.886967E-01	2.863900E-01	2.781251E-01	
395	2.939698E-01	2.960687E-01	2.785990E-01	
396	2.874964E-01	2.763613E-01	2.754319E-01	
397	2.878621E-01	2.636429E-01	2.731919E-01	
398	2.908890E-01	3.011151E-01	2.770911E-01	
399	2.921820E-01	2.879264E-01	2.789872E-01	
400	3.001459E-01	2.573983E-01	2.795868E-01	
401	2.991825E-01	2.725156E-01	2.759371E-01	
402	3.091285E-01	2.803630E-01	2.818098E-01	
403	3.012339E-01	2.586502E-01	2.767726E-01	
404	3.001357E-01	2.680701E-01	2.838139E-01	
405	2.911321E-01	2.947229E-01	2.838744E-01	
406	3.091469E-01	2.738843E-01	2.868280E-01	
407	2.954764E-01	2.833266E-01	2.905749E-01	
408	2.891963E-01	2.641948E-01	2.889204E-01	
409	2.982911E-01	2.735945E-01	2.894935E-01	
410	3.019518E-01	2.656702E-01	2.929160E-01	
411	2.947730E-01	2.881733E-01	2.851416E-01	
412	2.874096E-01	2.995018E-01	2.966945E-01	
413	3.095892E-01	3.032060E-01	2.982005E-01	
414	2.911779E-01	3.320262E-01	3.058572E-01	
415	3.104548E-01	2.955443E-01	3.054540E-01	
416	3.170821E-01	2.764463E-01	3.120500E-01	
417	2.974255E-01	2.831984E-01	3.163770E-01	
418	2.993579E-01	2.928093E-01	3.045086E-01	
419	3.065539E-01	2.996515E-01	3.188274E-01	
420	3.184838E-01	2.683507E-01	3.139095E-01	
421	3.035462E-01	3.054528E-01	3.081647E-01	
422	3.312758E-01	3.120297E-01	3.124246E-01	
423	3.247241E-01	3.040432E-01	3.148967E-01	
424	3.144042E-01	2.955357E-01	3.000415E-01	
425	3.048267E-01	2.795206E-01	3.032046E-01	
426	3.132329E-01	2.802012E-01	2.918700E-01	
427	2.952215E-01	2.790396E-01	2.963830E-01	
428	2.993257E-01	2.927112E-01	3.050914E-01	
429	2.998215E-01	2.931112E-01	3.086379E-01	
430	2.971274E-01	2.743458E-01	2.992182E-01	
431	3.028554E-01	2.703177E-01	2.954809E-01	
432	3.051403E-01	2.923909E-01	3.000927E-01	
433	3.031061E-01	2.884288E-01	2.945251E-01	
434	2.967809E-01	2.823945E-01	2.975765E-01	
435	2.798921E-01	2.948566E-01	2.909849E-01	
436	3.013729E-01	2.808427E-01	2.986719E-01	
437	2.923571E-01	2.777810E-01	2.978787E-01	
438	2.938602E-01	3.270955E-01	2.957515E-01	
439	2.785957E-01	2.757350E-01	2.828069E-01	
440	2.829493E-01	2.917992E-01	3.001038E-01	
441	2.880215E-01	2.841569E-01	2.837623E-01	
442	2.840560E-01	2.212704E-01	2.942409E-01	
443	2.697996E-01	3.320304E-01	2.809594E-01	
444	2.946259E-01	2.407023E-01	2.851740E-01	
445	2.941939E-01	2.447169E-01	2.990833E-01	
446	2.593057E-01	2.494534E-01	2.735807E-01	
447	2.731780E-01	2.833753E-01	2.813301E-01	
448	3.035003E-01	3.065994E-01	2.821534E-01	
449	2.747338E-01	2.754527E-01	2.919205E-01	
450	2.817907E-01	3.157312E-01	2.899709E-01	
451	2.708968E-01	2.673967E-01	2.816156E-01	
452	2.954590E-01	3.016355E-01	3.016027E-01	
453	2.753628E-01	2.796720E-01	2.975302E-01	
454	2.646923E-01	2.621446E-01	2.896838E-01	
455	2.851042E-01	3.409984E-01	2.958768E-01	
456	2.925505E-01	3.043569E-01	2.796472E-01	
457	2.839937E-01	2.746250E-01	2.775191E-01	
458	2.832829E-01	3.073114E-01	2.982344E-01	
459	2.871579E-01	2.527749E-01	2.884157E-01	
460	2.970497E-01	2.938849E-01	2.920325E-01	
461	2.703583E-01	2.957069E-01	3.039690E-01	
462	2.795695E-01	3.225850E-01	2.625232E-01	
463	2.724810E-01	3.136515E-01	2.997232E-01	
464	3.324905E-01	2.545572E-01	2.846542E-01	
465	3.162197E-01	3.233629E-01	2.939406E-01	
466	2.620014E-01	3.638174E-01	2.820400E-01	
467	3.127448E-01	2.834509E-01	2.727897E-01	
468	2.615944E-01	2.629839E-01	2.980294E-01	
469	2.981866E-01	3.558475E-01	2.810538E-01	
470	3.170172E-01	2.872128E-01	3.066795E-01	
471	2.768889E-01	2.721454E-01	2.668282E-01	
472	3.185063E-01	3.434246E-01	2.972921E-01	
473	2.723460E-01	2.843636E-01	3.033812E-01	
474	2.868033E-01	2.388243E-01	2.895309E-01	
475	2.898985E-01	2.606480E-01	3.124351E-01	
476	3.181816E-01	3.378068E-01	2.896990E-01	
477	3.508363E-01	4.791063E-01	3.449487E-01	
478	2.769900E-01	2.557905E-01	3.046883E-01	
479	3.798883E-01	4.169209E-01	3.129464E-01	
480	2.941299E-01	3.265697E-01	3.012101E-01	
481	3.930671E-01	3.607433E-01	2.909195E-01	
482	3.325923E-01	2.528836E-01	3.225688E-01	
483	2.917409E-01	3.985252E-01	2.944957E-01	
484	4.375917E-01	4.516413E-01	3.291873E-01	
485	3.046771E-01	3.170998E-01	3.318038E-01	
486	4.938046E-01	4.413465E-01	3.392865E-01	
487	2.998389E-01	3.530321E-01	3.526586E-01	
488	3.242575E-01	3.855722E-01	3.432171E-01	
489	2.849077E-01	4.654992E-01	3.648939E-01	
490	3.949592E-01	3.067629E-01	3.884464E-01	
491	3.196000E-01	3.903999E-01	3.720066E-01	
492	3.440986E-01	3.439497E-01	3.775526E-01	
493	2.859315E-01	3.169026E-01	2.491474E-01	
494	2.951912E-01	3.929716E-01	3.887637E-01	
495	2.223139E-01	2.947700E-01	3.786726E-01	
496	3.620510E-01	4.289263E-01	4.010069E-01	
497	3.632249E-01	8.880486E-01	4.179942E-01	
498	3.292320E-01	3.900103E-01	3.974948E-01	
499	4.154323E-01	5.298076E-01	4.289321E-01	
500	0	0	0	
501	3.854897E-01	3.692863E-01	3.686308E-01	
502	0	0	0	
503	4.434208E-01	5.122388E-01	4.410359E-01	
504	0	0	0	
505	5.365470E-01	5.323741E-01	4.685543E-01	
506	7.544077E-01	0	3.245614E-01	
507	0	0	0	
508	5.033522E-01	6.141945E-01	5.151624E-01	
509	0	0	0	
510	5.795259E-01	7.626745E-01	5.108872E-01	
511	0	0	0	
512	5.964324E-01	0	5.320177E-01	
513	0	0	0	
514	0	0	0	
515	5.750870E-01	0	6.940788E-01	
516	0	0	0	
517	0	6.595762E-01	7.453730E-01	
518	0	0	0	
519	0	0	8.837920E-01	
520	0	0	0	
521	0	0	0	
522	0	0	0	
523	0	0	0	
524	0	0	0	
525	0	0	0	
526	0	0	0	
527	0	0	0	
528	0	0	0	
529	0	0	0	
530	0	0	0	
531	0	0	0	
532	0	0	0	
533	0	0	0	
534	0	0	0	
535	0	0	0	
536	0	0	0	
537	0	0	0	
538	0	0	0	
539	0	0	0	
540	0	0	0	
541	0	0	0	
542	0	0	0	
543	0	0	0	
544	0	0	0	
545	0	0	0	
546	0	0	0	
547	0	0	0	
548	0	0	0	
549	0	0	0	
550	0	0	0	
551	0	0	0	
552	0	0	0	
553	0	0	0	
554	0	0	0	
555	0	0	0	
556	0	0	0	
557	0	0	0	
558	0	0	0	
559	0	0	0	
560	0	0	0	
561	0	0	0	
562	0	0	0	
563	0	0	0	
564	0	0	0	
565	0	0	0	
566	0	0	0	
567	0	0	0	
568	0	0	0	
569	0	0	0	
570	0	0	0	
571	0	0	0	
572	0	0	0	
573	0	0	0	
574	0	0	0	
575	0	0	0	
576	0	0	0	
577	0	0	0	
578	0	0	0	
579	0	0	0	
580	0	0	0	
581	0	0	0	
582	0	0	0	
583	0	0	0	
584	0	0	0	
585	0	0	0	
586	0	0	0	
587	0	0	0	
588	0	0	0	
589	0	0	0	
590	0	0	0	
591	0	0	0	
592	0	0	0	
593	0	0	0	
594	0	0	0	
595	0	0	0	
596	0	0	0	
597	0	0	0	
598	0	0	0	
599	0	0	0	
#NewRun
0	0	0	0	
1	0	0	0	
2	0	0	0	
3	0	0	0	
4	3.308882E-01	3.780736E-01	3.469836E-01	
5	3.295632E-01	3.464809E-01	3.382485E-01	
6	3.417314E-01	3.540082E-01	3.495661E-01	
7	0	0	0	
8	3.396638E-01	3.786233E-01	3.411677E-01	
9	3.299348E-01	2.913913E-01	3.440609E-01	
10	0	0	0	
11	3.411750E-01	3.423017E-01	3.347170E-01	
12	3.278602E-01	2.886879E-01	3.444645E-01	
13	3.330803E-01	3.395280E-01	3.383573E-01	
14	3.366448E-01	2.938811E-01	3.373232E-01	
15	0	0	0	
16	3.270709E-01	2.999868E-01	3.401207E-01	
17	3.332165E-01	2.954405E-01	3.373819E-01	
18	3.337104E-01	3.225633E-01	3.413368E-01	
19	3.335604E-01	3.690247E-01	3.373871E-01	
20	3.296181E-01	2.980341E-01	3.420712E-01	
21	3.312767E-01	2.578627E-01	3.452298E-01	
22	3.282548E-01	2.832485E-01	3.351456E-01	
23	3.368637E-01	2.890491E-01	3.390160E-01	
24	3.330535E-01	3.236000E-01	3.405562E-01	
25	3.348621E-01	2.973366E-01	3.396429E-01	
26	3.329618E-01	3.542897E-01	3.418897E-01	
27	3.337729E-01	3.447402E-01	3.434332E-01	
28	3.348956E-01	3.062856E-01	3.348790E-01	
29	3.361113E-01	3.237316E-01	3.379518E-01	
30	3.309380E-01	3.286061E-01	3.423778E-01	
31	3.356120E-01	3.575965E-01	3.333493E-01	
32	3.337527E-01	3.546072E-01	3.374669E-01	
33	3.330911E-01	3.240920E-01	3.367351E-01	
34	3.378426E-01	3.694717E-01	3.339946E-01	
35	3.282555E-01	3.278564E-01	3.373734E-01	
36	3.337144E-01	3.149639E-01	3.329953E-01	
37	3.325885E-01	3.609932E-01	3.322946E-01	
38	3.298615E-01	3.159488E-01	3.313213E-01	
39	3.332371E-01	3.296393E-01	3.303133E-01	
40	3.327879E-01	3.221467E-01	3.302514E-01	
41	3.323334E-01	3.161843E-01	3.323767E-01	
42	3.338342E-01	3.326025E-01	3.286341E-01	
43	3.341317E-01	3.396712E-01	3.284320E-01	
44	3.297878E-01	3.360080E-01	3.285564E-01	
45	3.300401E-01	3.292374E-01	3.265914E-01	
46	3.302109E-01	3.456897E-01	3.260921E-01	
47	3.269529E-01	3.366555E-01	3.300403E-01	
48	3.274612E-01	3.340683E-01	3.266392E-01	
49	3.264094E-01	3.517928E-01	3.280490E-01	
50	3.257478E-01	3.072275E-01	3.301486E-01	
51	3.266348E-01	3.436489E-01	3.254597E-01	
52	3.266539E-01	3.370090E-01	3.280693E-01	
53	3.257409E-01	3.326283E-01	3.281165E-01	
54	3.260761E-01	3.284075E-01	3.262328E-01	
55	3.289442E-01	3.024858E-01	3.275952E-01	
56	3.270322E-01	3.268827E-01	3.276471E-01	
57	3.271049E-01	3.123223E-01	3.283699E-01	
58	3.265081E-01	3.216274E-01	3.283307E-01	
59	3.270725E-01	3.244342E-01	3.247613E-01	
60	3.258422E-01	3.448448E-01	3.258626E-01	
61	3.243818E-01	3.391905E-01	3.288541E-01	
62	3.251450E-01	3.274728E-01	3.250568E-01	
63	3.236021E-01	3.644998E-01	3.250642E-01	
64	3.218373E-01	3.395649E-01	3.269683E-01	
65	3.257625E-01	3.381048E-01	3.278636E-01	
66	3.237369E-01	3.410017E-01	3.234803E-01	
67	3.217956E-01	3.536695E-01	3.243017E-01	
68	3.240261E-01	3.328743E-01	3.250254E-01	
69	3.220272E-01	3.348514E-01	3.235702E-01	
70	3.191286E-01	3.396331E-01	3.256403E-01	
71	3.224161E-01	3.324073E-01	3.239506E-01	
72	3.195813E-01	3.380591E-01	3.228786E-01	
73	3.213461E-01	3.396356E-01	3.229849E-01	
74	3.199068E-01	3.342927E-01	3.207532E-01	
75	3.180979E-01	3.329958E-01	3.217211E-01	
76	3.200318E-01	3.264417E-01	3.230615E-01	
77	3.201129E-01	3.310381E-01	3.231937E-01	
78	3.189805E-01	3.406253E-01	3.236180E-01	
79	3.190350E-01	3.493153E-01	3.226309E-01	
80	3.196524E-01	3.381591E-01	3.246017E-01	
81	3.175572E-01	3.364294E-01	3.243987E-01	
82	3.182055E-01	3.329266E-01	3.239049E-01	
83	3.202159E-01	3.326842E-01	3.239756E-01	
84	3.171557E-01	3.323849E-01	3.245772E-01	
85	3.184983E-01	3.267361E-01	3.240641E-01	
86	3.172264E-01	3.097226E-01	3.253100E-01	
87	3.178081E-01	3.384613E-01	3.272044E-01	
88	3.185428E-01	3.251709E-01	3.239278E-01	
89	3.177192E-01	3.253761E-01	3.228347E-01	
90	3.172288E-01	3.276194E-01	3.246157E-01	
91	3.190120E-01	3.290340E-01	3.246026E-01	
92	3.185838E-01	3.358718E-01	3.250582E-01	
93	3.187772E-01	3.184670E-01	3.256570E-01	
94	3.192104E-01	3.171101E-01	3.250728E-01	
95	3.192024E-01	3.242828E-01	3.243216E-01	
96	3.206700E-01	3.271812E-01	3.255746E-01	
97	3.209655E-01	3.250653E-01	3.286633E-01	
98	3.209088E-01	3.243360E-01	3.263200E-01	
99	3.211165E-01	3.107293E-01	3.288648E-01	
100	3.230468E-01	3.171916E-01	3.291703E-01	
101	3.235044E-01	3.158245E-01	3.283541E-01	
102	3.241169E-01	3.244567E-01	3.292112E-01	
103	3.244213E-01	3.238548E-01	3.299222E-01	
104	3.254829E-01	3.262411E-01	3.294520E-01	
105	3.268928E-01	3.273363E-01	3.318823E-01	
106	3.273390E-01	3.274377E-01	3.295659E-01	
107	3.263322E-01	3.351727E-01	3.313568E-01	
108	3.283919E-01	3.335221E-01	3.324539E-01	
109	3.281318E-01	3.229958E-01	3.322131E-01	
110	3.297147E-01	3.252898E-01	3.320610E-01	
111	3.314505E-01	3.429457E-01	3.330635E-01	
112	3.308321E-01	3.359446E-01	3.345213E-01	
113	3.339365E-01	3.422401E-01	3.333058E-01	
114	3.334852E-01	3.189926E-01	3.345465E-01	
115	3.363928E-01	3.356764E-01	3.351169E-01	
116	3.361428E-01	3.410396E-01	3.375699E-01	
117	3.372893E-01	3.379238E-01	3.371334E-01	
118	3.392493E-01	3.291747E-01	3.378674E-01	
119	3.392925E-01	3.364097E-01	3.394296E-01	
120	3.405943E-01	3.205369E-01	3.429857E-01	
121	3.418132E-01	3.237452E-01	3.429630E-01	
122	3.411376E-01	3.281864E-01	3.438319E-01	
123	3.427816E-01	3.450823E-01	3.450050E-01	
124	3.442557E-01	3.245714E-01	3.473859E-01	
125	3.447078E-01	3.437353E-01	3.493812E-01	
126	3.471654E-01	3.264876E-01	3.512437E-01	
127	3.488214E-01	3.466550E-01	3.504716E-01	
128	3.493994E-01	3.436866E-01	3.524893E-01	
129	3.507220E-01	3.321876E-01	3.559083E-01	
130	3.520811E-01	3.413103E-01	3.563099E-01	
131	3.539452E-01	3.467714E-01	3.581587E-01	
132	3.569899E-01	3.354591E-01	3.601018E-01	
133	3.576022E-01	3.602577E-01	3.605065E-01	
134	3.571565E-01	3.356500E-01	3.632309E-01	
135	3.599652E-01	3.416164E-01	3.640265E-01	
136	3.619441E-01	3.487303E-01	3.634374E-01	
137	3.634823E-01	3.499111E-01	3.663531E-01	
138	3.638284E-01	3.545055E-01	3.671566E-01	
139	3.658731E-01	3.457095E-01	3.682269E-01	
140	3.679278E-01	3.466044E-01	3.698135E-01	
141	3.703174E-01	3.604577E-01	3.708199E-01	
142	3.724331E-01	3.540971E-01	3.713448E-01	
143	3.735191E-01	3.676454E-01	3.749843E-01	
144	3.771329E-01	3.485951E-01	3.723750E-01	
145	3.779996E-01	3.535181E-01	3.772263E-01	
146	3.807092E-01	3.689952E-01	3.804207E-01	
147	3.833311E-01	3.531500E-01	3.795576E-01	
148	3.842650E-01	3.552113E-01	3.822381E-01	
149	3.868633E-01	3.546053E-01	3.838465E-01	
150	3.888692E-01	3.513816E-01	3.831112E-01	
151	3.907178E-01	3.563869E-01	3.849358E-01	
152	3.938644E-01	3.679275E-01	3.871630E-01	
153	3.956726E-01	3.676635E-01	3.898373E-01	
154	3.966521E-01	3.532385E-01	3.914720E-01	
155	4.000729E-01	3.613708E-01	3.900085E-01	
156	4.011947E-01	3.638242E-01	3.950926E-01	
157	4.011608E-01	3.780968E-01	3.957315E-01	
158	4.050993E-01	3.753898E-01	3.962026E-01	
159	4.060421E-01	3.684825E-01	3.979131E-01	
160	4.099722E-01	3.686475E-01	4.014281E-01	
161	4.091797E-01	3.663562E-01	3.986740E-01	
162	4.135548E-01	3.610405E-01	4.056142E-01	
163	4.156667E-01	3.600263E-01	4.062172E-01	
164	4.140357E-01	3.777538E-01	4.064935E-01	
165	4.184326E-01	3.486658E-01	4.080386E-01	
166	4.170276E-01	3.720805E-01	4.130120E-01	
167	4.226569E-01	3.602025E-01	4.144881E-01	
168	4.192711E-01	3.804948E-01	4.167618E-01	
169	4.248100E-01	3.670865E-01	4.169041E-01	
170	4.262079E-01	3.680680E-01	4.174708E-01	
171	4.260835E-01	3.794396E-01	4.209803E-01	
172	4.299252E-01	3.649946E-01	4.211889E-01	
173	4.320906E-01	3.707737E-01	4.202958E-01	
174	4.334879E-01	3.697832E-01	4.207049E-01	
175	4.371970E-01	3.783656E-01	4.216244E-01	
176	4.377309E-01	3.709813E-01	4.246152E-01	
177	4.427468E-01	3.657034E-01	4.237401E-01	
178	4.407981E-01	3.575667E-01	4.254449E-01	
179	4.448597E-01	3.591182E-01	4.286374E-01	
180	4.421993E-01	3.878759E-01	4.274329E-01	
181	4.456328E-01	3.711439E-01	4.287541E-01	
182	4.489249E-01	3.555742E-01	4.290489E-01	
183	4.502263E-01	3.961493E-01	4.356062E-01	
184	4.463096E-01	3.895013E-01	4.329276E-01	
185	4.548580E-01	3.935868E-01	4.341612E-01	
186	4.577210E-01	3.813657E-01	4.336721E-01	
187	4.572116E-01	3.724491E-01	4.353615E-01	
188	4.570912E-01	3.748517E-01	4.378754E-01	
189	4.651764E-01	3.882181E-01	4.361312E-01	
190	4.611710E-01	3.981941E-01	4.421101E-01	
191	4.676067E-01	3.628692E-01	4.369686E-01	
192	4.621192E-01	3.846830E-01	4.345560E-01	
193	4.768363E-01	3.741578E-01	4.419190E-01	
194	4.714923E-01	3.971659E-01	4.397132E-01	
195	4.742213E-01	3.767533E-01	4.430633E-01	
196	4.706106E-01	3.764945E-01	4.388764E-01	
197	4.717661E-01	3.635250E-01	4.383457E-01	
198	4.769496E-01	3.741924E-01	4.420597E-01	
199	4.773470E-01	3.487865E-01	4.362245E-01	
200	4.737495E-01	3.887274E-01	4.412396E-01	
201	4.788145E-01	3.700612E-01	4.342673E-01	
202	4.787488E-01	3.508837E-01	4.345748E-01	
203	4.791501E-01	3.644496E-01	4.343485E-01	
204	4.719977E-01	3.989901E-01	4.349652E-01	
205	4.756752E-01	3.470589E-01	4.295641E-01	
206	4.777978E-01	3.771717E-01	4.322365E-01	
207	4.748361E-01	3.761325E-01	4.289186E-01	
208	4.728259E-01	3.888382E-01	4.302822E-01	
209	4.754319E-01	3.789033E-01	4.248980E-01	
210	4.750128E-01	3.598052E-01	4.301891E-01	
211	4.732737E-01	3.606439E-01	4.273981E-01	
212	4.742982E-01	3.851011E-01	4.253529E-01	
213	4.709638E-01	3.741306E-01	4.219387E-01	
214	4.652274E-01	3.515816E-01	4.213469E-01	
215	4.716188E-01	3.655129E-01	4.236213E-01	
216	4.587440E-01	3.695888E-01	4.177784E-01	
217	4.540729E-01	3.426283E-01	4.165875E-01	
218	4.604647E-01	3.701734E-01	4.098868E-01	
219	4.535976E-01	3.541916E-01	4.171662E-01	
220	4.523529E-01	3.772675E-01	4.116615E-01	
221	4.497655E-01	3.500858E-01	4.081471E-01	
222	4.484173E-01	3.464672E-01	4.050981E-01	
223	4.410693E-01	3.844285E-01	4.072512E-01	
224	4.436347E-01	3.591699E-01	4.055373E-01	
225	4.480895E-01	3.729592E-01	4.041700E-01	
226	4.417173E-01	3.449488E-01	4.071664E-01	
227	4.391270E-01	3.594984E-01	4.032402E-01	
228	4.407182E-01	3.565267E-01	3.964690E-01	
229	4.445384E-01	3.305535E-01	3.999501E-01	
230	4.380525E-01	3.504158E-01	3.958851E-01	
231	4.284639E-01	3.608948E-01	3.919935E-01	
232	4.305540E-01	3.416750E-01	3.924711E-01	
233	4.289471E-01	3.688788E-01	3.877204E-01	
234	4.200173E-01	3.512378E-01	3.875600E-01	
235	4.250491E-01	3.347577E-01	3.825630E-01	
236	4.089398E-01	3.387541E-01	3.872976E-01	
237	4.144088E-01	3.507995E-01	3.796330E-01	
238	4.069797E-01	3.431901E-01	3.708802E-01	
239	4.082670E-01	3.362606E-01	3.769686E-01	
240	4.109233E-01	3.468791E-01	3.738237E-01	
241	4.036691E-01	3.236101E-01	3.772334E-01	
242	3.996788E-01	3.570883E-01	3.746878E-01	
243	3.970276E-01	3.471410E-01	3.745731E-01	
244	3.951075E-01	3.443499E-01	3.691690E-01	
245	3.872534E-01	3.584578E-01	3.661022E-01	
246	3.960458E-01	3.436295E-01	3.688897E-01	
247	3.798336E-01	3.503575E-01	3.644660E-01	
248	3.793340E-01	3.435853E-01	3.649025E-01	
249	3.791658E-01	3.355850E-01	3.634305E-01	
250	3.729089E-01	3.677755E-01	3.644108E-01	
251	3.690928E-01	3.601416E-01	3.570532E-01	
252	3.690699E-01	3.345162E-01	3.609124E-01	
253	3.735863E-01	3.514607E-01	3.504992E-01	
254	3.529035E-01	3.638135E-01	3.528856E-01	
255	3.635556E-01	3.630872E-01	3.529113E-01	
256	3.605722E-01	3.591838E-01	3.496798E-01	
257	3.590835E-01	3.241727E-01	3.480567E-01	
258	3.560989E-01	3.446854E-01	3.440468E-01	
259	3.619586E-01	3.574525E-01	3.437742E-01	
260	3.518936E-01	3.292959E-01	3.390037E-01	
261	3.570375E-01	3.379215E-01	3.428772E-01	
262	3.551136E-01	3.489437E-01	3.378643E-01	
263	3.508627E-01	3.442198E-01	3.383400E-01	
264	3.379982E-01	3.340386E-01	3.339447E-01	
265	3.475022E-01	3.474945E-01	3.291283E-01	
266	3.428787E-01	3.287360E-01	3.262317E-01	
267	3.375201E-01	3.265374E-01	3.272618E-01	
268	3.319683E-01	3.200834E-01	3.284891E-01	
269	3.346779E-01	3.167171E-01	3.241310E-01	
270	3.357431E-01	3.245184E-01	3.204485E-01	
271	3.271442E-01	3.295796E-01	3.197811E-01	
272	3.290938E-01	3.124548E-01	3.183737E-01	
273	3.190378E-01	3.027932E-01	3.222409E-01	
274	3.222848E-01	3.066813E-01	3.167594E-01	
275	3.306670E-01	3.145804E-01	3.142097E-01	
276	3.220215E-01	3.068454E-01	3.156401E-01	
277	3.215545E-01	3.225376E-01	3.151402E-01	
278	3.228018E-01	2.894514E-01	3.107515E-01	
279	3.215767E-01	2.993123E-01	3.088826E-01	
280	3.186646E-01	3.037492E-01	3.089657E-01	
281	3.151702E-01	3.065455E-01	3.092685E-01	
282	3.181835E-01	2.964023E-01	3.055806E-01	
283	3.256367E-01	2.977412E-01	3.101901E-01	
284	3.218080E-01	3.042930E-01	3.019683E-01	
285	3.145725E-01	2.949697E-01	3.039531E-01	
286	3.080372E-01	3.078232E-01	3.059227E-01	
287	3.108009E-01	3.155041E-01	3.012290E-01	
288	3.113949E-01	3.123878E-01	2.997966E-01	
289	3.011770E-01	3.072515E-01	3.041022E-01	
290	3.061422E-01	2.983910E-01	3.017631E-01	
291	3.069110E-01	3.072167E-01	3.093221E-01	
292	2.993660E-01	3.124810E-01	2.973149E-01	
293	3.062647E-01	3.108283E-01	2.997701E-01	
294	2.992734E-01	3.086482E-01	3.051797E-01	
295	2.970193E-01	3.039758E-01	2.999925E-01	
296	3.054309E-01	3.109349E-01	3.014898E-01	
297	2.946011E-01	2.976735E-01	3.032927E-01	
298	3.043662E-01	2.956812E-01	2.968465E-01	
299	3.015506E-01	2.856227E-01	2.994937E-01	
300	3.045377E-01	2.992962E-01	2.997890E-01	
301	3.082830E-01	3.006646E-01	2.958292E-01	
302	3.057129E-01	2.869383E-01	2.996663E-01	
303	3.097720E-01	3.021170E-01	2.995079E-01	
304	3.111555E-01	2.903998E-01	2.979715E-01	
305	3.148112E-01	3.009957E-01	2.975122E-01	
306	3.103747E-01	2.989085E-01	2.969702E-01	
307	3.118888E-01	2.927346E-01	2.970992E-01	
308	3.155389E-01	3.088832E-01	2.963649E-01	
309	3.196602E-01	3.032750E-01	2.969897E-01	
310	3.100011E-01	2.924189E-01	2.933155E-01	
311	3.141835E-01	3.170282E-01	2.969904E-01	
312	3.209467E-01	2.909094E-01	2.996164E-01	
313	3.111126E-01	2.998197E-01	2.922497E-01	
314	3.209159E-01	2.938503E-01	2.972204E-01	
315	3.127448E-01	2.921700E-01	2.965122E-01	
316	3.139367E-01	2.888934E-01	2.946898E-01	
317	3.140616E-01	2.926657E-01	2.917110E-01	
318	3.177714E-01	2.834332E-01	2.936236E-01	
319	3.114868E-01	2.896513E-01	2.971177E-01	
320	3.233270E-01	2.838090E-01	2.910573E-01	
321	3.132417E-01	2.791694E-01	2.972215E-01	
322	3.131501E-01	2.887673E-01	2.941269E-01	
323	3.062989E-01	2.827578E-01	2.951913E-01	
324	3.065185E-01	2.810305E-01	2.917231E-01	
325	3.006061E-01	3.097008E-01	2.942987E-01	
326	3.002242E-01	2.927730E-01	2.965517E-01	
327	3.030627E-01	2.852528E-01	2.959460E-01	
328	2.966968E-01	2.929214E-01	2.971556E-01	
329	2.898155E-01	3.007503E-01	2.944883E-01	
330	2.939134E-01	2.944700E-01	2.967511E-01	
331	2.900488E-01	2.885162E-01	2.978157E-01	
332	2.905848E-01	2.740063E-01	2.951105E-01	
333	2.962824E-01	2.834068E-01	2.982287E-01	
334	2.864020E-01	2.920372E-01	2.919642E-01	
335	2.820674E-01	2.893946E-01	2.925933E-01	
336	2.889081E-01	2.874385E-01	2.940163E-01	
337	2.970103E-01	3.010833E-01	2.927047E-01	
338	2.933731E-01	2.940874E-01	2.979044E-01	
339	2.854900E-01	2.823003E-01	2.958283E-01	
340	2.939598E-01	3.131500E-01	2.968598E-01	
341	2.925308E-01	2.985513E-01	2.925927E-01	
342	2.919805E-01	3.040656E-01	2.946574E-01	
343	3.055887E-01	2.926856E-01	3.017806E-01	
344	2.978165E-01	2.945821E-01	3.010543E-01	
345	2.956919E-01	3.012075E-01	2.997670E-01	
346	3.112915E-01	2.979937E-01	2.980779E-01	
347	3.083422E-01	2.798798E-01	3.051704E-01	
348	2.973124E-01	2.901910E-01	3.000234E-01	
349	3.137101E-01	2.885078E-01	3.016149E-01	
350	3.071455E-01	2.903044E-01	3.032892E-01	
351	2.992015E-01	3.016007E-01	3.033120E-01	
352	3.064061E-01	2.954586E-01	3.015829E-01	
353	2.951324E-01	2.942125E-01	2.976708E-01	
354	3.014183E-01	2.990794E-01	3.017056E-01	
355	3.010702E-01	2.946956E-01	2.946385E-01	
356	2.976810E-01	3.115381E-01	2.999965E-01	
357	3.003009E-01	2.860893E-01	2.984555E-01	
358	2.966781E-01	3.050443E-01	2.996350E-01	
359	2.975345E-01	2.936564E-01	2.982307E-01	
360	3.001474E-01	2.999039E-01	2.997176E-01	
361	3.069048E-01	2.940328E-01	3.030347E-01	
362	3.005434E-01	2.789674E-01	3.045254E-01	
363	3.004779E-01	2.873772E-01	3.037829E-01	
364	2.947197E-01	2.829113E-01	2.990323E-01	
365	3.001586E-01	2.867739E-01	3.013573E-01	
366	3.043036E-01	2.812055E-01	3.009203E-01	
367	2.915898E-01	2.895439E-01	3.045594E-01	
368	2.974685E-01	2.892217E-01	2.977932E-01	
369	2.972957E-01	2.971350E-01	2.982110E-01	
370	2.853185E-01	2.851923E-01	2.908041E-01	
371	2.890787E-01	2.754812E-01	2.936916E-01	
372	2.808090E-01	2.697183E-01	2.982181E-01	
373	2.802092E-01	2.580821E-01	2.950178E-01	
374	2.872048E-01	2.798636E-01	2.936491E-01	
375	2.813797E-01	2.729578E-01	2.958169E-01	
376	2.981140E-01	2.685294E-01	2.946928E-01	
377	2.800833E-01	2.624875E-01	2.950572E-01	
378	2.834841E-01	2.733333E-01	2.956880E-01	
379	2.762249E-01	2.426506E-01	2.971585E-01	
380	2.868426E-01	2.723742E-01	2.970131E-01	
381	2.783101E-01	2.732571E-01	3.005478E-01	
382	2.746419E-01	2.470989E-01	2.905707E-01	
383	2.808329E-01	2.479432E-01	2.987079E-01	
384	2.896977E-01	2.587035E-01	2.890974E-01	
385	2.814114E-01	2.569272E-01	2.835245E-01	
386	2.898842E-01	2.543832E-01	2.941745E-01	
387	2.832787E-01	2.598842E-01	2.876130E-01	
388	2.859112E-01	2.642288E-01	2.895596E-01	
389	2.729669E-01	2.672644E-01	2.889967E-01	
390	2.700987E-01	2.547641E-01	2.889271E-01	
391	2.773009E-01	2.777103E-01	2.905070E-01	
392	2.652750E-01	2.756697E-01	2.806150E-01	
393	2.725957E-01	2.805430E-01	2.804525E-01	
394	2.594444E-01	2.552605E-01	2.822956E-01	
395	2.583557E-01	2.898159E-01	2.837505E-01	
396	2.751804E-01	2.650171E-01	2.848565E-01	
397	2.714289E-01	2.635278E-01	2.869701E-01	
398	2.777020E-01	2.676811E-01	2.806651E-01	
399	2.817217E-01	2.501454E-01	2.856676E-01	
400	2.796350E-01	2.782435E-01	2.801058E-01	
401	2.801996E-01	2.838421E-01	2.764592E-01	
402	2.851798E-01	2.903465E-01	2.807666E-01	
403	2.736621E-01	2.870454E-01	2.788017E-01	
404	2.897517E-01	2.570393E-01	2.790392E-01	
405	2.680881E-01	2.672547E-01	2.794035E-01	
406	2.930612E-01	2.673690E-01	2.815682E-01	
407	2.913080E-01	2.929640E-01	2.785310E-01	
408	2.870206E-01	2.780856E-01	2.754384E-01	
409	2.791669E-01	2.837824E-01	2.785435E-01	
410	2.918551E-01	3.152948E-01	2.778852E-01	
411	2.749445E-01	3.100459E-01	2.791671E-01	
412	2.692846E-01	3.201065E-01	2.788757E-01	
413	2.864191E-01	3.401387E-01	2.844770E-01	
414	2.842010E-01	3.154925E-01	2.866358E-01	
415	2.878131E-01	2.909967E-01	2.984139E-01	
416	2.938024E-01	3.111310E-01	2.971908E-01	
417	2.788042E-01	2.941335E-01	2.911017E-01	
418	2.966425E-01	3.274503E-01	3.024750E-01	
419	2.833772E-01	3.417585E-01	2.997926E-01	
420	2.812362E-01	3.151287E-01	3.012419E-01	
421	2.997909E-01	3.416057E-01	3.053991E-01	
422	2.952922E-01	3.293753E-01	3.121025E-01	
423	2.898109E-01	3.185330E-01	2.994889E-01	
424	3.025716E-01	3.369053E-01	3.008485E-01	
425	3.036502E-01	3.058107E-01	3.100583E-01	
426	2.851840E-01	3.023193E-01	3.022179E-01	
427	2.936998E-01	3.385891E-01	2.957077E-01	
428	2.947392E-01	3.117137E-01	3.066660E-01	
429	3.093382E-01	3.116600E-01	2.955558E-01	
430	3.064401E-01	3.012157E-01	3.072520E-01	
431	3.089420E-01	3.242702E-01	2.921212E-01	
432	3.094330E-01	2.970001E-01	3.043039E-01	
433	3.162000E-01	3.312036E-01	3.022904E-01	
434	3.148515E-01	2.946448E-01	3.105092E-01	
435	3.043732E-01	3.287666E-01	3.017888E-01	
436	3.184560E-01	2.701329E-01	2.973622E-01	
437	3.109007E-01	3.219943E-01	3.028852E-01	
438	3.040994E-01	2.791617E-01	3.185780E-01	
439	2.910060E-01	2.793706E-01	2.920215E-01	
440	3.064480E-01	2.813683E-01	3.101313E-01	
441	2.963162E-01	2.736989E-01	2.942032E-01	
442	2.968697E-01	3.346552E-01	3.036540E-01	
443	2.905325E-01	2.750122E-01	2.932791E-01	
444	3.154452E-01	3.018916E-01	2.990289E-01	
445	3.011530E-01	2.435218E-01	3.127124E-01	
446	3.091251E-01	3.280852E-01	3.048724E-01	
447	2.973719E-01	3.027515E-01	3.030177E-01	
448	3.050668E-01	3.024182E-01	3.125800E-01	
449	3.122825E-01	2.612653E-01	2.984221E-01	
450	2.870218E-01	2.499193E-01	3.020848E-01	
451	2.974067E-01	2.818142E-01	3.131101E-01	
452	2.992745E-01	2.615321E-01	2.961886E-01	
453	3.003300E-01	2.700071E-01	2.970759E-01	
454	2.970805E-01	2.611593E-01	3.052617E-01	
455	3.263457E-01	2.412869E-01	3.082445E-01	
456	3.251582E-01	2.966558E-01	2.961591E-01	
457	2.915180E-01	2.747196E-01	3.007923E-01	
458	3.211376E-01	2.699353E-01	3.155796E-01	
459	3.311231E-01	2.735450E-01	3.138531E-01	
460	3.226334E-01	3.203756E-01	2.868160E-01	
461	3.287011E-01	2.645076E-01	3.209073E-01	
462	3.107407E-01	3.183558E-01	2.853371E-01	
463	3.236385E-01	2.512447E-01	3.096278E-01	
464	3.238009E-01	2.678198E-01	2.921681E-01	
465	3.496239E-01	2.743617E-01	2.933146E-01	
466	3.206782E-01	3.446002E-01	3.071254E-01	
467	3.236869E-01	2.511377E-01	3.069127E-01	
468	3.622681E-01	3.020893E-01	3.218674E-01	
469	3.589338E-01	3.791840E-01	2.847310E-01	
470	3.837169E-01	2.572842E-01	3.471982E-01	
471	3.853686E-01	2.713350E-01	3.001438E-01	
472	4.169300E-01	2.790372E-01	3.207854E-01	
473	3.495311E-01	2.969099E-01	3.096533E-01	
474	4.026130E-01	2.959509E-01	3.155105E-01	
475	3.843338E-01	3.149199E-01	3.290354E-01	
476	4.031329E-01	2.635173E-01	3.107372E-01	
477	4.183264E-01	3.597278E-01	3.870624E-01	
478	3.578576E-01	4.126834E-01	3.086106E-01	
479	4.377548E-01	4.225372E-01	3.910423E-01	
480	3.702393E-01	3.092829E-01	3.535226E-01	
481	4.039016E-01	3.225191E-01	3.373435E-01	
482	3.989222E-01	4.556617E-01	3.731231E-01	
483	3.998139E-01	3.839836E-01	3.666806E-01	
484	5.555356E-01	5.702456E-01	3.920213E-01	
485	3.991693E-01	3.281620E-01	3.545575E-01	
486	2.966976E-01	2.410420E-01	4.461301E-01	
487	3.842364E-01	4.246540E-01	3.541050E-01	
488	4.104013E-01	3.629527E-01	3.990772E-01	
489	3.912206E-01	3.628454E-01	3.489436E-01	
490	4.416492E-01	4.022857E-01	3.909602E-01	
491	3.574170E-01	3.649279E-01	4.005449E-01	
492	4.857300E-01	3.334805E-01	3.856185E-01	
493	4.804150E-01	3.679233E-01	4.618723E-01	
494	4.174435E-01	4.678663E-01	3.841521E-01	
495	4.938180E-01	5.415530E-01	5.051780E-01	
496	5.312114E-01	3.524859E-01	3.893012E-01	
497	5.502246E-01	6.947428E-01	5.263009E-01	
498	5.577151E-01	5.280499E-01	3.646552E-01	
499	5.800096E-01	3.782374E-01	4.526072E-01	
500	0	0	0	
501	5.823727E-01	4.784854E-01	4.450198E-01	
502	0	0	0	
503	6.187202E-01	4.036383E-01	5.073774E-01	
504	0	0	0	
505	6.568292E-01	4.551398E-01	5.664398E-01	
506	0	0	4.962546E-01	
507	0	0	0	
508	6.803779E-01	5.344933E-01	6.132080E-01	
509	0	0	0	
510	6.707062E-01	5.706464E-01	6.164560E-01	
511	0	0	0	
512	6.824177E-01	6.684703E-01	6.992982E-01	
513	0	0	0	
514	0	0	0	
515	7.296565E-01	6.998248E-01	6.558433E-01	
516	0	0	0	
517	6.697806E-01	0	6.152512E-01	
518	0	0	0	
519	7.014493E-01	0	0	
520	0	0	0	
521	0	0	0	
522	0	0	0	
523	0	0	0	
524	0	0	0	
525	0	0	0	
526	0	0	0	
527	0	0	0	
528	0	0	0	
529	0	0	0	
530	0	0	0	
531	0	0	0	
532	0	0	0	
533	0	0	0	
534	0	0	0	
535	0	0	0	
536	0	0	0	
537	0	0	0	
538	0	0	0	
539	0	0	0	
540	0	0	0	
541	0	0	0	
542	0	0	0	
543	0	0	0	
544	0	0	0	
545	0	0	0	
546	0	0	0	
547	0	0	0	
548	0	0	0	
549	0	0	0	
550	0	0	0	
551	0	0	0	
552	0	0	0	
553	0	0	0	
554	0	0	0	
555	0	0	0	
556	0	0	0	
557	0	0	0	
558	0	0	0	
559	0	0	0	
560	0	0	0	
561	0	0	0	
562	0	0	0	
563	0	0	0	
564	0	0	0	
565	0	0	0	
566	0	0	0	
567	0	0	0	
568	0	0	0	
569	0	0	0	
570	0	0	0	
571	0	0	0	
572	0	0	0	
573	0	0	0	
574	0	0	0	
575	0	0	0	
576	0	0	0	
577	0	0	0	
578	0	0	0	
579	0	0	0	
580	0	0	0	
581	0	0	0	
582	0	0	0	
583	0	0	0	
584	0	0	0	
585	0	0	0	
586	0	0	0	
587	0	0	0	
588	0	0	0	
589	0	0	0	
590	0	0	0	
591	0	0	0	
592	0	0	0	
593	0	0	0	
594	0	0	0	
595	0	0	0	
596	0	0	0	
597	0	0	0	
598	0	0	0	
599	0	0	0	
#NewRun
0	0	0	0	
1	0	0	0	
2	0	0	0	
3	0	0	0	
4	3.249639E-01	3.042150E-01	3.119151E-01	
5	3.468866E-01	3.349965E-01	3.425993E-01	
6	3.535495E-01	3.191131E-01	3.299829E-01	
7	0	0	0	
8	3.259504E-01	2.799302E-01	3.367252E-01	
9	3.372373E-01	3.215018E-01	3.371663E-01	
10	0	0	0	
11	3.237676E-01	2.651775E-01	3.482269E-01	
12	3.417241E-01	3.147157E-01	3.394018E-01	
13	3.322696E-01	3.402099E-01	3.420686E-01	
14	3.304606E-01	2.937189E-01	3.361344E-01	
15	0	0	0	
16	3.380969E-01	3.229131E-01	3.363600E-01	
17	3.320882E-01	2.849057E-01	3.290637E-01	
18	3.382451E-01	2.584920E-01	3.363230E-01	
19	3.309422E-01	4.775326E-01	3.314995E-01	
20	3.348230E-01	3.013288E-01	3.330825E-01	
21	3.309550E-01	2.925273E-01	3.332572E-01	
22	3.351667E-01	3.164775E-01	3.297721E-01	
23	3.329442E-01	3.256727E-01	3.308350E-01	
24	3.316831E-01	3.311975E-01	3.351546E-01	
25	3.300404E-01	2.881471E-01	3.308031E-01	
26	3.302158E-01	2.972159E-01	3.283456E-01	
27	3.223601E-01	3.154791E-01	3.265341E-01	
28	3.327870E-01	3.231405E-01	3.295701E-01	
29	3.300513E-01	3.396866E-01	3.300452E-01	
30	3.349313E-01	3.254888E-01	3.286571E-01	
31	3.264323E-01	3.043574E-01	3.361511E-01	
32	3.305560E-01	3.077505E-01	3.310503E-01	
33	3.284001E-01	2.843832E-01	3.295603E-01	
34	3.329410E-01	3.122586E-01	3.318872E-01	
35	3.343402E-01	3.048109E-01	3.348858E-01	
36	3.265517E-01	2.991610E-01	3.304118E-01	
37	3.298276E-01	3.066799E-01	3.307898E-01	
38	3.270487E-01	3.029840E-01	3.306898E-01	
39	3.303121E-01	3.046108E-01	3.260583E-01	
40	3.295696E-01	3.087239E-01	3.280636E-01	
41	3.280979E-01	3.195823E-01	3.318671E-01	
42	3.300974E-01	3.211711E-01	3.288718E-01	
43	3.272328E-01	3.216175E-01	3.304701E-01	
44	3.269733E-01	3.257057E-01	3.255183E-01	
45	3.261275E-01	3.223126E-01	3.269001E-01	
46	3.268012E-01	3.263894E-01	3.288737E-01	
47	3.259814E-01	3.284086E-01	3.264778E-01	
48	3.261319E-01	3.103986E-01	3.263818E-01	
49	3.260151E-01	3.150847E-01	3.277311E-01	
50	3.262324E-01	3.120436E-01	3.273219E-01	
51	3.292718E-01	3.553217E-01	3.273526E-01	
52	3.242038E-01	3.217245E-01	3.264607E-01	
53	3.243049E-01	3.471039E-01	3.268423E-01	
54	3.260655E-01	3.456454E-01	3.257169E-01	
55	3.257095E-01	3.455241E-01	3.267661E-01	
56	3.252203E-01	3.510125E-01	3.281540E-01	
57	3.228390E-01	3.488274E-01	3.249062E-01	
58	3.229931E-01	3.288371E-01	3.264904E-01	
59	3.253787E-01	3.412949E-01	3.234690E-01	
60	3.253978E-01	3.498161E-01	3.237893E-01	
61	3.232282E-01	3.467148E-01	3.240520E-01	
62	3.239674E-01	3.537801E-01	3.235908E-01	
63	3.218639E-01	3.582287E-01	3.225013E-01	
64	3.220404E-01	3.452406E-01	3.254777E-01	
65	3.195685E-01	3.448186E-01	3.237412E-01	
66	3.188990E-01	3.418029E-01	3.220627E-01	
67	3.187135E-01	3.387654E-01	3.235552E-01	
68	3.203991E-01	3.316232E-01	3.220746E-01	
69	3.186373E-01	3.264675E-01	3.234694E-01	
70	3.178089E-01	3.351029E-01	3.207349E-01	
71	3.184816E-01	3.451362E-01	3.216227E-01	
72	3.195419E-01	3.355887E-01	3.225108E-01	
73	3.194211E-01	3.434286E-01	3.209828E-01	
74	3.182328E-01	3.323547E-01	3.229237E-01	
75	3.206704E-01	3.327410E-01	3.214717E-01	
76	3.184270E-01	3.408148E-01	3.248657E-01	
77	3.186797E-01	3.372984E-01	3.216033E-01	
78	3.193015E-01	3.457394E-01	3.228641E-01	
79	3.207336E-01	3.300503E-01	3.237060E-01	
80	3.192318E-01	3.307131E-01	3.246381E-01	
81	3.197542E-01	3.281372E-01	3.240335E-01	
82	3.210251E-01	3.302050E-01	3.236474E-01	
83	3.216858E-01	3.350424E-01	3.241720E-01	
84	3.212164E-01	3.283978E-01	3.251864E-01	
85	3.214585E-01	3.177066E-01	3.260368E-01	
86	3.217716E-01	3.192623E-01	3.247381E-01	
87	3.215802E-01	3.194720E-01	3.258612E-01	
88	3.213946E-01	3.268218E-01	3.260874E-01	
89	3.218758E-01	3.220490E-01	3.276835E-01	
90	3.207863E-01	3.334160E-01	3.253178E-01	
91	3.221714E-01	3.281932E-01	3.252614E-01	
92	3.213806E-01	3.143107E-01	3.261717E-01	
93	3.215810E-01	3.325824E-01	3.261397E-01	
94	3.215810E-01	3.306073E-01	3.250398E-01	
95	3.235339E-01	3.257572E-01	3.252403E-01	
96	3.251041E-01	3.294925E-01	3.259104E-01	
97	3.240712E-01	3.206489E-01	3.268277E-01	
98	3.239506E-01	3.135336E-01	3.258106E-01	
99	3.238970E-01	3.316760E-01	3.253452E-01	
100	3.248086E-01	3.221398E-01	3.248351E-01	
101	3.247356E-01	3.287121E-01	3.261404E-01	
102	3.262630E-01	3.199152E-01	3.246342E-01	
103	3.266879E-01	3.249733E-01	3.251585E-01	
104	3.273538E-01	3.398160E-01	3.248764E-01	
105	3.274873E-01	3.217847E-01	3.247953E-01	
106	3.287470E-01	3.227686E-01	3.256196E-01	
107	3.280466E-01	3.160191E-01	3.271265E-01	
108	3.305274E-01	3.291710E-01	3.263293E-01	
109	3.300596E-01	3.281804E-01	3.262624E-01	
110	3.297594E-01	3.202663E-01	3.278921E-01	
111	3.316915E-01	3.092134E-01	3.301167E-01	
112	3.327379E-01	3.231537E-01	3.283129E-01	
113	3.317505E-01	3.090290E-01	3.296424E-01	
114	3.338532E-01	3.130352E-01	3.308767E-01	
115	3.354200E-01	3.124815E-01	3.312804E-01	
116	3.344709E-01	3.088202E-01	3.340360E-01	
117	3.359160E-01	3.121764E-01	3.349938E-01	
118	3.370623E-01	3.164634E-01	3.329909E-01	
119	3.351081E-01	3.240367E-01	3.354350E-01	
120	3.384154E-01	3.281951E-01	3.366302E-01	
121	3.387481E-01	3.215531E-01	3.388425E-01	
122	3.400544E-01	3.513784E-01	3.391548E-01	
123	3.409890E-01	3.408034E-01	3.408650E-01	
124	3.423132E-01	3.302387E-01	3.422481E-01	
125	3.426843E-01	3.515462E-01	3.441416E-01	
126	3.441302E-01	3.319709E-01	3.459650E-01	
127	3.436111E-01	3.513758E-01	3.443483E-01	
128	3.465229E-01	3.462982E-01	3.453587E-01	
129	3.476844E-01	3.323094E-01	3.470008E-01	
130	3.467205E-01	3.554272E-01	3.492875E-01	
131	3.499329E-01	3.358212E-01	3.500833E-01	
132	3.520193E-01	3.381974E-01	3.499280E-01	
133	3.513340E-01	3.505677E-01	3.536352E-01	
134	3.539284E-01	3.474941E-01	3.538877E-01	
135	3.558308E-01	3.495949E-01	3.523532E-01	
136	3.560117E-01	3.440881E-01	3.554915E-01	
137	3.576749E-01	3.437308E-01	3.572912E-01	
138	3.574457E-01	3.558035E-01	3.575494E-01	
139	3.602397E-01	3.564127E-01	3.580451E-01	
140	3.620748E-01	3.587487E-01	3.586348E-01	
141	3.615675E-01	3.525684E-01	3.614616E-01	
142	3.638452E-01	3.534138E-01	3.600533E-01	
143	3.658883E-01	3.719820E-01	3.622421E-01	
144	3.659244E-01	3.706031E-01	3.633656E-01	
145	3.691949E-01	3.571094E-01	3.630803E-01	
146	3.704267E-01	3.575118E-01	3.663037E-01	
147	3.720163E-01	3.724820E-01	3.686888E-01	
148	3.723459E-01	3.650338E-01	3.679229E-01	
149	3.724667E-01	3.510818E-01	3.688045E-01	
150	3.763237E-01	3.575627E-01	3.708952E-01	
151	3.753936E-01	3.483903E-01	3.712341E-01	
152	3.758953E-01	3.546004E-01	3.741943E-01	
153	3.780508E-01	3.576377E-01	3.721786E-01	
154	3.777481E-01	3.692283E-01	3.764500E-01	
155	3.799844E-01	3.730775E-01	3.755308E-01	
156	3.812705E-01	3.506166E-01	3.775541E-01	
157	3.835652E-01	3.589033E-01	3.799214E-01	
158	3.852936E-01	3.570150E-01	3.819638E-01	
159	3.895527E-01	3.644171E-01	3.813501E-01	
160	3.879012E-01	3.509589E-01	3.859271E-01	
161	3.902904E-01	3.602070E-01	3.861756E-01	
162	3.925186E-01	3.637653E-01	3.870082E-01	
163	3.944736E-01	3.793175E-01	3.916242E-01	
164	3.977132E-01	3.672282E-01	3.922706E-01	
165	3.990713E-01	3.666067E-01	3.929692E-01	
166	4.024709E-01	3.556934E-01	3.938411E-01	
167	4.024889E-01	3.808987E-01	3.968804E-01	
168	4.081642E-01	3.646509E-01	3.994783E-01	
169	4.092428E-01	3.859588E-01	3.978702E-01	
170	4.124925E-01	3.818805E-01	4.004106E-01	
171	4.153137E-01	3.736771E-01	4.011632E-01	
172	4.166891E-01	3.843906E-01	4.031318E-01	
173	4.182912E-01	3.838838E-01	4.028873E-01	
174	4.210827E-01	3.919113E-01	4.077759E-01	
175	4.221682E-01	3.646829E-01	4.075231E-01	
176	4.216710E-01	3.994172E-01	4.098313E-01	
177	4.276206E-01	3.667932E-01	4.123268E-01	
178	4.278158E-01	3.856576E-01	4.107015E-01	
179	4.300767E-01	3.867607E-01	4.158818E-01	
180	4.273796E-01	3.864892E-01	4.173473E-01	
181	4.296812E-01	4.020873E-01	4.184304E-01	
182	4.309711E-01	3.833925E-01	4.198431E-01	
183	4.352883E-01	3.928273E-01	4.226807E-01	
184	4.348865E-01	3.920681E-01	4.235151E-01	
185	4.393801E-01	3.866614E-01	4.223158E-01	
186	4.391267E-01	4.088106E-01	4.259289E-01	
187	4.394512E-01	3.898521E-01	4.265254E-01	
188	4.378510E-01	3.869365E-01	4.247801E-01	
189	4.433193E-01	3.859274E-01	4.284802E-01	
190	4.439293E-01	3.813021E-01	4.257347E-01	
191	4.439143E-01	3.909389E-01	4.308695E-01	
192	4.423247E-01	3.947410E-01	4.304729E-01	
193	4.437407E-01	3.975482E-01	4.309899E-01	
194	4.485632E-01	4.054808E-01	4.305298E-01	
195	4.469332E-01	4.142106E-01	4.312522E-01	
196	4.525725E-01	3.971436E-01	4.317951E-01	
197	4.535341E-01	3.779831E-01	4.319434E-01	
198	4.580764E-01	3.857828E-01	4.311109E-01	
199	4.601843E-01	3.934392E-01	4.341811E-01	
200	4.621282E-01	3.868744E-01	4.345102E-01	
201	4.609919E-01	3.888591E-01	4.350493E-01	
202	4.651963E-01	4.052368E-01	4.351862E-01	
203	4.650132E-01	3.936879E-01	4.415126E-01	
204	4.699874E-01	3.822770E-01	4.366194E-01	
205	4.646121E-01	4.144953E-01	4.377364E-01	
206	4.661151E-01	3.982434E-01	4.367130E-01	
207	4.639534E-01	4.130631E-01	4.379027E-01	
208	4.693690E-01	3.900223E-01	4.362468E-01	
209	4.670666E-01	4.041813E-01	4.334364E-01	
210	4.717418E-01	3.814893E-01	4.355621E-01	
211	4.693202E-01	3.631242E-01	4.364729E-01	
212	4.713645E-01	4.048095E-01	4.371060E-01	
213	4.728825E-01	4.025086E-01	4.388091E-01	
214	4.726871E-01	3.779732E-01	4.375207E-01	
215	4.743035E-01	3.822195E-01	4.356712E-01	
216	4.737562E-01	3.902823E-01	4.309916E-01	
217	4.707284E-01	3.856658E-01	4.381828E-01	
218	4.733739E-01	3.796291E-01	4.387749E-01	
219	4.747352E-01	3.665272E-01	4.296949E-01	
220	4.825677E-01	3.745195E-01	4.316638E-01	
221	4.691577E-01	3.835424E-01	4.320441E-01	
222	4.775004E-01	3.507956E-01	4.308658E-01	
223	4.776043E-01	3.784439E-01	4.284495E-01	
224	4.770113E-01	3.509936E-01	4.194574E-01	
225	4.721265E-01	3.693059E-01	4.205546E-01	
226	4.777875E-01	3.536199E-01	4.278303E-01	
227	4.675254E-01	3.450142E-01	4.253671E-01	
228	4.679803E-01	3.333941E-01	4.194730E-01	
229	4.700586E-01	3.468583E-01	4.176934E-01	
230	4.603640E-01	3.517001E-01	4.191098E-01	
231	4.630850E-01	3.266719E-01	4.195336E-01	
232	4.595498E-01	3.583955E-01	4.121145E-01	
233	4.452782E-01	3.524063E-01	4.079723E-01	
234	4.543701E-01	3.620488E-01	4.125304E-01	
235	4.441555E-01	3.475082E-01	4.107382E-01	
236	4.431159E-01	3.277725E-01	4.025141E-01	
237	4.468812E-01	3.672062E-01	4.019987E-01	
238	4.481056E-01	3.384279E-01	3.993942E-01	
239	4.294078E-01	3.454030E-01	4.018862E-01	
240	4.278477E-01	3.491005E-01	3.910729E-01	
241	4.314642E-01	3.409390E-01	3.963918E-01	
242	4.314734E-01	3.379425E-01	3.941838E-01	
243	4.312334E-01	3.478267E-01	3.842899E-01	
244	4.174188E-01	3.334944E-01	3.895680E-01	
245	4.123113E-01	3.601103E-01	3.818458E-01	
246	4.172108E-01	3.371428E-01	3.858738E-01	
247	4.196052E-01	3.349560E-01	3.791257E-01	
248	3.929183E-01	3.379753E-01	3.727481E-01	
249	4.075829E-01	3.374517E-01	3.693307E-01	
250	3.974022E-01	3.243878E-01	3.730597E-01	
251	4.020028E-01	3.416167E-01	3.715007E-01	
252	3.974739E-01	3.409434E-01	3.697126E-01	
253	4.014483E-01	3.439654E-01	3.629232E-01	
254	3.945913E-01	3.316307E-01	3.655958E-01	
255	3.883966E-01	3.443900E-01	3.567654E-01	
256	3.844061E-01	3.344234E-01	3.560428E-01	
257	3.771442E-01	3.307430E-01	3.480202E-01	
258	3.876275E-01	3.177376E-01	3.523593E-01	
259	3.724228E-01	3.328994E-01	3.465883E-01	
260	3.704855E-01	3.555080E-01	3.459231E-01	
261	3.763425E-01	3.231731E-01	3.385783E-01	
262	3.784283E-01	3.284323E-01	3.443315E-01	
263	3.709962E-01	3.589837E-01	3.423973E-01	
264	3.558995E-01	3.319161E-01	3.341646E-01	
265	3.548764E-01	3.252484E-01	3.341134E-01	
266	3.623953E-01	3.234876E-01	3.354012E-01	
267	3.600369E-01	3.068179E-01	3.288815E-01	
268	3.443684E-01	3.266046E-01	3.240606E-01	
269	3.420098E-01	3.115387E-01	3.255186E-01	
270	3.364964E-01	3.101349E-01	3.210836E-01	
271	3.434424E-01	3.281822E-01	3.229130E-01	
272	3.286556E-01	3.142095E-01	3.177920E-01	
273	3.298974E-01	3.085183E-01	3.186714E-01	
274	3.354290E-01	3.111685E-01	3.218582E-01	
275	3.321412E-01	3.037701E-01	3.179035E-01	
276	3.224353E-01	2.927838E-01	3.127098E-01	
277	3.177658E-01	2.887919E-01	3.138863E-01	
278	3.299340E-01	2.991343E-01	3.147027E-01	
279	3.319058E-01	3.108209E-01	3.115578E-01	
280	3.171841E-01	2.987852E-01	3.086551E-01	
281	3.153721E-01	2.999638E-01	3.094969E-01	
282	3.134488E-01	3.059826E-01	3.100496E-01	
283	3.183605E-01	3.017766E-01	3.132611E-01	
284	3.106720E-01	3.092984E-01	3.071565E-01	
285	3.054286E-01	2.946206E-01	3.086509E-01	
286	3.131823E-01	2.939132E-01	3.058611E-01	
287	3.141446E-01	2.991997E-01	3.029716E-01	
288	3.059940E-01	2.840698E-01	2.986879E-01	
289	3.026429E-01	3.004526E-01	3.057599E-01	
290	3.000789E-01	3.021619E-01	2.930144E-01	
291	3.147186E-01	2.762835E-01	3.001952E-01	
292	2.987475E-01	3.025394E-01	2.980025E-01	
293	3.028070E-01	3.042668E-01	2.889845E-01	
294	3.053421E-01	3.007497E-01	2.938397E-01	
295	3.030307E-01	2.967012E-01	2.951141E-01	
296	3.089131E-01	2.959482E-01	2.901362E-01	
297	3.027527E-01	2.967726E-01	2.894931E-01	
298	3.034397E-01	2.858803E-01	2.883477E-01	
299	2.995420E-01	2.799546E-01	2.834693E-01	
300	3.031314E-01	3.026241E-01	2.907319E-01	
301	2.953058E-01	2.936313E-01	2.860762E-01	
302	2.924327E-01	2.970590E-01	2.857391E-01	
303	3.040173E-01	3.015800E-01	2.901987E-01	
304	2.910574E-01	2.948180E-01	2.858236E-01	
305	2.920385E-01	2.867678E-01	2.882963E-01	
306	2.948258E-01	3.027238E-01	2.897787E-01	
307	2.933893E-01	2.801512E-01	2.861381E-01	
308	3.012110E-01	2.953533E-01	2.913567E-01	
309	2.961481E-01	2.912739E-01	2.937803E-01	
310	3.037237E-01	2.661220E-01	2.871151E-01	
311	3.035537E-01	3.059718E-01	2.909400E-01	
312	3.093282E-01	2.910559E-01	2.911129E-01	
313	3.095448E-01	2.850984E-01	2.876295E-01	
314	3.107662E-01	3.051137E-01	2.884143E-01	
315	3.051073E-01	2.842370E-01	2.898634E-01	
316	3.072950E-01	2.884054E-01	2.879158E-01	
317	3.099857E-01	3.115141E-01	2.892131E-01	
318	3.137303E-01	3.128401E-01	2.893349E-01	
319	3.144675E-01	2.845793E-01	2.869790E-01	
320	3.068297E-01	3.013568E-01	2.882238E-01	
321	3.072069E-01	3.056989E-01	2.909340E-01	
322	2.916037E-01	2.842244E-01	2.880413E-01	
323	3.051632E-01	2.904610E-01	2.899766E-01	
324	2.974211E-01	2.928933E-01	2.892372E-01	
325	2.941946E-01	3.050399E-01	2.882509E-01	
326	3.056280E-01	2.939713E-01	2.877658E-01	
327	2.981168E-01	2.973305E-01	2.893905E-01	
328	3.004762E-01	3.074572E-01	2.913106E-01	
329	2.903733E-01	2.900270E-01	2.890533E-01	
330	3.037168E-01	2.857771E-01	2.909467E-01	
331	3.039738E-01	3.041553E-01	2.868762E-01	
332	3.015937E-01	2.828296E-01	2.954299E-01	
333	2.931540E-01	2.979429E-01	2.894800E-01	
334	3.010989E-01	2.949444E-01	2.894225E-01	
335	2.941998E-01	3.082915E-01	2.929649E-01	
336	3.099676E-01	2.903944E-01	2.837627E-01	
337	2.970588E-01	2.939582E-01	2.852476E-01	
338	3.015340E-01	3.005636E-01	2.854284E-01	
339	2.961807E-01	2.968940E-01	2.772693E-01	
340	3.037494E-01	3.011472E-01	2.813667E-01	
341	2.924747E-01	3.100959E-01	2.843601E-01	
342	2.924570E-01	3.113821E-01	2.849537E-01	
343	2.892743E-01	2.702682E-01	2.862216E-01	
344	2.874389E-01	2.633708E-01	2.889215E-01	
345	2.910529E-01	2.950755E-01	2.856575E-01	
346	2.893494E-01	2.880064E-01	2.889266E-01	
347	2.907561E-01	2.887001E-01	2.902295E-01	
348	2.798652E-01	2.990821E-01	2.915371E-01	
349	2.874178E-01	2.818037E-01	2.942026E-01	
350	2.904569E-01	2.716639E-01	2.917579E-01	
351	2.910995E-01	2.855121E-01	2.974036E-01	
352	2.986540E-01	2.994982E-01	2.876944E-01	
353	2.893857E-01	2.715169E-01	2.894483E-01	
354	2.968386E-01	2.788275E-01	2.881169E-01	
355	2.857888E-01	2.730584E-01	2.827115E-01	
356	2.891115E-01	2.858316E-01	2.873031E-01	
357	2.958361E-01	2.737150E-01	2.899516E-01	
358	2.904778E-01	2.683491E-01	2.861776E-01	
359	2.921649E-01	2.871944E-01	2.879432E-01	
360	2.880938E-01	2.782826E-01	2.868090E-01	
361	2.949239E-01	2.988986E-01	2.863495E-01	
362	2.984869E-01	2.771933E-01	2.872507E-01	
363	2.965522E-01	2.795779E-01	2.855520E-01	
364	2.781129E-01	2.815022E-01	2.913709E-01	
365	2.984394E-01	2.793635E-01	2.894557E-01	
366	2.918531E-01	2.903091E-01	2.861023E-01	
367	2.974660E-01	2.777773E-01	2.820782E-01	
368	2.964579E-01	2.761044E-01	2.843560E-01	
369	2.798332E-01	2.782751E-01	2.853867E-01	
370	2.838483E-01	2.823817E-01	2.881394E-01	
371	2.741875E-01	2.772454E-01	2.828475E-01	
372	2.831560E-01	2.896896E-01	2.793194E-01	
373	2.770911E-01	2.767578E-01	2.767938E-01	
374	2.844651E-01	2.874648E-01	2.845817E-01	
375	2.790572E-01	2.901515E-01	2.817588E-01	
376	2.738073E-01	2.746550E-01	2.850537E-01	
377	2.854893E-01	2.884773E-01	2.872010E-01	
378	2.743252E-01	2.792848E-01	2.823971E-01	
379	2.810782E-01	2.705407E-01	2.824804E-01	
380	2.680902E-01	2.760728E-01	2.800104E-01	
381	2.830795E-01	3.010356E-01	2.860196E-01	
382	2.790402E-01	2.715352E-01	2.814360E-01	
383	2.923819E-01	2.606684E-01	2.806452E-01	
384	2.861020E-01	2.995695E-01	2.929006E-01	
385	2.831627E-01	2.722130E-01	2.836742E-01	
386	2.986938E-01	2.811865E-01	2.819476E-01	
387	2.774350E-01	2.801067E-01	2.785175E-01	
388	2.823174E-01	2.934265E-01	2.860191E-01	
389	2.941206E-01	2.874665E-01	2.857591E-01	
390	2.889749E-01	2.962014E-01	2.855622E-01	
391	2.921270E-01	2.725689E-01	2.830155E-01	
392	2.950793E-01	2.507031E-01	2.877571E-01	
393	2.835898E-01	3.035948E-01	2.855463E-01	
394	2.854594E-01	3.039026E-01	2.861319E-01	
395	3.047760E-01	2.904960E-01	2.872791E-01	
396	2.881126E-01	3.019329E-01	2.834863E-01	
397	2.983485E-01	2.986123E-01	2.857213E-01	
398	2.874873E-01	2.861820E-01	2.813024E-01	
399	2.877319E-01	2.595234E-01	2.838592E-01	
400	2.849224E-01	2.812486E-01	2.856633E-01	
401	3.057501E-01	2.919896E-01	2.850590E-01	
402	2.941850E-01	2.970936E-01	2.858676E-01	
403	2.886260E-01	3.034996E-01	2.871838E-01	
404	2.966328E-01	2.739076E-01	2.875849E-01	
405	3.054033E-01	2.905467E-01	2.908857E-01	
406	2.953232E-01	2.851901E-01	2.779979E-01	
407	2.953384E-01	3.038107E-01	2.873168E-01	
408	2.924869E-01	2.750232E-01	2.826213E-01	
409	2.890197E-01	2.884966E-01	2.776333E-01	
410	2.845450E-01	3.085596E-01	2.986129E-01	
411	2.917734E-01	2.811925E-01	2.872075E-01	
412	2.921585E-01	2.890320E-01	2.831052E-01	
413	2.931535E-01	3.081121E-01	2.925595E-01	
414	2.697498E-01	3.075926E-01	2.889422E-01	
415	2.801697E-01	2.995843E-01	2.986952E-01	
416	2.777820E-01	2.930714E-01	2.920435E-01	
417	2.791991E-01	2.874459E-01	2.962431E-01	
418	2.870286E-01	3.013084E-01	2.961272E-01	
419	2.818394E-01	2.937362E-01	2.906371E-01	
420	3.032799E-01	3.212472E-01	3.013080E-01	
421	2.995935E-01	2.895096E-01	2.999497E-01	
422	3.039875E-01	3.312475E-01	2.993886E-01	
423	2.999632E-01	3.458144E-01	2.968672E-01	
424	3.041433E-01	3.097483E-01	3.083942E-01	
425	3.034331E-01	3.213323E-01	2.988169E-01	
426	2.975336E-01	3.149438E-01	2.939781E-01	
427	3.079903E-01	2.850745E-01	2.897351E-01	
428	2.988836E-01	2.965387E-01	2.884220E-01	
429	3.035649E-01	3.077431E-01	2.927784E-01	
430	2.889746E-01	2.911134E-01	2.914120E-01	
431	2.863741E-01	3.266728E-01	3.019478E-01	
432	2.763800E-01	2.683029E-01	2.928700E-01	
433	2.949622E-01	2.798153E-01	2.933885E-01	
434	3.093804E-01	3.079299E-01	2.863780E-01	
435	2.979801E-01	2.760504E-01	2.924004E-01	
436	3.002698E-01	2.947741E-01	3.000959E-01	
437	2.997362E-01	3.049961E-01	2.941042E-01	
438	3.190130E-01	2.679923E-01	2.922640E-01	
439	3.107002E-01	3.009433E-01	2.736702E-01	
440	3.416467E-01	2.902382E-01	2.983834E-01	
441	3.167571E-01	3.222291E-01	2.974608E-01	
442	3.521099E-01	3.115419E-01	2.966617E-01	
443	3.451371E-01	3.448805E-01	2.846849E-01	
444	3.590713E-01	3.023153E-01	2.976896E-01	
445	3.648241E-01	3.113908E-01	2.998712E-01	
446	3.707325E-01	2.873355E-01	2.938895E-01	
447	3.697987E-01	3.659031E-01	3.026664E-01	
448	3.887426E-01	3.046321E-01	2.929129E-01	
449	3.836320E-01	3.228237E-01	3.175133E-01	
450	4.018700E-01	3.014734E-01	3.060297E-01	
451	3.967545E-01	2.475124E-01	3.062760E-01	
452	4.113748E-01	2.707507E-01	3.165114E-01	
453	3.877923E-01	2.935322E-01	3.111202E-01	
454	4.071195E-01	2.485515E-01	3.256183E-01	
455	3.925783E-01	3.015773E-01	3.223641E-01	
456	4.196439E-01	3.279729E-01	3.159654E-01	
457	4.040477E-01	2.218597E-01	3.293802E-01	
458	3.728403E-01	2.186104E-01	3.294512E-01	
459	4.321120E-01	2.936476E-01	3.229734E-01	
460	3.825879E-01	2.417163E-01	3.283437E-01	
461	3.988540E-01	2.841780E-01	3.317044E-01	
462	3.818342E-01	2.650480E-01	3.035903E-01	
463	3.759445E-01	2.929511E-01	3.441829E-01	
464	3.907482E-01	1.765209E-01	3.229322E-01	
465	3.836342E-01	2.447232E-01	3.079216E-01	
466	3.902407E-01	2.744824E-01	3.074816E-01	
467	4.026834E-01	2.187879E-01	3.219397E-01	
468	3.827680E-01	2.820317E-01	3.360712E-01	
469	3.876431E-01	3.105822E-01	3.239413E-01	
470	3.894726E-01	4.268304E-01	3.540332E-01	
471	4.297125E-01	2.563198E-01	3.310725E-01	
472	3.856978E-01	2.507957E-01	3.301502E-01	
473	4.618175E-01	2.773638E-01	3.182201E-01	
474	4.088374E-01	2.662274E-01	3.454209E-01	
475	5.366159E-01	3.896815E-01	3.145439E-01	
476	4.554341E-01	2.893939E-01	3.504610E-01	
477	5.043473E-01	4.100331E-01	3.750915E-01	
478	4.590367E-01	3.110586E-01	3.236863E-01	
479	4.679052E-01	3.453974E-01	3.801369E-01	
480	4.539177E-01	2.732517E-01	3.216786E-01	
481	4.892521E-01	3.524169E-01	4.034851E-01	
482	4.966474E-01	2.703313E-01	3.351975E-01	
483	5.141960E-01	3.424606E-01	3.999484E-01	
484	4.779722E-01	3.933066E-01	4.422740E-01	
485	4.358455E-01	3.089748E-01	3.611699E-01	
486	4.997013E-01	4.622743E-01	4.234597E-01	
487	4.923609E-01	3.052753E-01	3.573243E-01	
488	4.828940E-01	2.700937E-01	4.825459E-01	
489	5.327418E-01	3.329850E-01	3.370604E-01	
490	5.435364E-01	2.275937E-01	4.476906E-01	
491	5.415881E-01	7.374631E-02	4.183322E-01	
492	5.157526E-01	3.218089E-01	3.831487E-01	
493	6.446132E-01	0	5.942833E-01	
494	5.515816E-01	4.259786E-01	4.090848E-01	
495	6.973958E-01	6.979076E-04	5.985607E-01	
496	5.770157E-01	3.691109E-01	4.147443E-01	
497	5.596467E-01	4.356031E-01	4.738822E-01	
498	5.506076E-01	4.309084E-01	4.218676E-01	
499	5.227495E-01	3.087686E-01	4.466449E-01	
500	0	0	0	
501	5.747260E-01	4.500209E-01	4.604438E-01	
502	0	0	0	
503	5.531912E-01	4.497539E-01	5.044019E-01	
504	0	0	0	
505	5.856528E-01	5.394429E-01	4.883901E-01	
506	0	4.739606E-01	4.836310E-01	
507	0	0	0	
508	6.179619E-01	5.891943E-01	5.666402E-01	
509	0	0	0	
510	6.908404E-01	6.072474E-01	6.062924E-01	
511	0	0	0	
512	7.227464E-01	5.261484E-01	6.881608E-01	
513	0	0	0	
514	0	0	0	
515	7.022676E-01	0	6.684826E-01	
516	0	0	0	
517	7.269756E-01	0	0	
518	0	0	0	
519	0	0	0	
520	0	0	0	
521	0	0	0	
522	0	0	0	
523	0	0	0	
524	0	0	0	
525	0	0	0	
526	0	0	0	
527	0	0	0	
528	0	0	0	
529	0	0	0	
530	0	0	0	
531	0	0	0	
532	0	0	0	
533	0	0	0	
534	0	0	0	
535	0	0	0	
536	0	0	0	
537	0	0	0	
538	0	0	0	
539	0	0	0	
540	0	0	0	
541	0	0	0	
542	0	0	0	
543	0	0	0	
544	0	0	0	
545	0	0	0	
546	0	0	0	
547	0	0	0	
548	0	0	0	
549	0	0	0	
550	0	0	0	
551	0	0	0	
552	0	0	0	
553	0	0	0	
554	0	0	0	
555	0	0	0	
556	0	0	0	
557	0	0	0	
558	0	0	0	
559	0	0	0	
560	0	0	0	
561	0	0	0	
562	0	0	0	
563	0	0	0	
564	0	0	0	
565	0	0	0	
566	0	0	0	
567	0	0	0	
568	0	0	0	
569	0	0	0	
570	0	0	0	
571	0	0	0	
572	0	0	0	
573	0	0	0	
574	0	0	0	
575	0	0	0	
576	0	0	0	
577	0	0	0	
578	0	0	0	
579	0	0	0	
580	0	0	0	
581	0	0	0	
582	0	0	0	
583	0	0	0	
584	0	0	0	
585	0	0	0	
586	0	0	0	
587	0	0	0	
588	0	0	0	
589	0	0	0	
590	0	0	0	
591	0	0	0	
592	0	0	0	
593	0	0	0	
594	0	0	0	
595	0	0	0	
596	0	0	0	
597	0	0	0	
598	0	0	0	
599	0	0	0	
#NewRun
