#COM_Bin	Avg_cosine_squared
#Order is chain type
0	0	0	0	
1	0	0	0	
2	0	0	0	
3	0	0	0	
4	3.273328E-01	3.314501E-01	3.419514E-01	
5	3.298950E-01	3.386386E-01	3.356859E-01	
6	3.265763E-01	3.448184E-01	3.512345E-01	
7	0	0	0	
8	3.329018E-01	3.343262E-01	3.343951E-01	
9	3.359529E-01	3.395386E-01	3.308200E-01	
10	0	0	0	
11	3.331175E-01	3.442418E-01	3.262996E-01	
12	3.289080E-01	3.414625E-01	3.347811E-01	
13	3.316910E-01	3.439033E-01	3.328737E-01	
14	3.279111E-01	3.454022E-01	3.331471E-01	
15	0	0	0	
16	3.262366E-01	3.389732E-01	3.455169E-01	
17	3.221168E-01	3.484639E-01	3.345137E-01	
18	3.240953E-01	3.415681E-01	3.350489E-01	
19	3.237433E-01	3.605405E-01	3.456267E-01	
20	3.228321E-01	3.452612E-01	3.389904E-01	
21	3.276432E-01	3.420418E-01	3.397391E-01	
22	3.317838E-01	3.438620E-01	3.487414E-01	
23	3.309649E-01	3.465744E-01	3.444975E-01	
24	3.227964E-01	3.452759E-01	3.459987E-01	
25	3.289088E-01	3.442677E-01	3.437602E-01	
26	3.291395E-01	3.471396E-01	3.457417E-01	
27	3.341651E-01	3.517653E-01	3.416234E-01	
28	3.281424E-01	3.457270E-01	3.461336E-01	
29	3.299638E-01	3.415239E-01	3.475801E-01	
30	3.299777E-01	3.478211E-01	3.404233E-01	
31	3.270182E-01	3.488618E-01	3.433927E-01	
32	3.294562E-01	3.459378E-01	3.450486E-01	
33	3.267746E-01	3.470215E-01	3.398277E-01	
34	3.267267E-01	3.428399E-01	3.421984E-01	
35	3.245293E-01	3.412962E-01	3.373844E-01	
36	3.290484E-01	3.428312E-01	3.429812E-01	
37	3.295758E-01	3.433028E-01	3.367472E-01	
38	3.280073E-01	3.403799E-01	3.333111E-01	
39	3.289223E-01	3.413645E-01	3.374857E-01	
40	3.289401E-01	3.410696E-01	3.368896E-01	
41	3.310965E-01	3.390272E-01	3.347744E-01	
42	3.274270E-01	3.417123E-01	3.318095E-01	
43	3.290392E-01	3.399836E-01	3.328678E-01	
44	3.315278E-01	3.391229E-01	3.340541E-01	
45	3.315616E-01	3.379336E-01	3.348606E-01	
46	3.303561E-01	3.377066E-01	3.294671E-01	
47	3.276285E-01	3.362836E-01	3.317505E-01	
48	3.310024E-01	3.354265E-01	3.332660E-01	
49	3.293330E-01	3.387231E-01	3.303663E-01	
50	3.293512E-01	3.312908E-01	3.344215E-01	
51	3.276890E-01	3.305134E-01	3.338542E-01	
52	3.293846E-01	3.327893E-01	3.323098E-01	
53	3.300603E-01	3.292063E-01	3.346058E-01	
54	3.308671E-01	3.308263E-01	3.340073E-01	
55	3.293282E-01	3.274700E-01	3.331412E-01	
56	3.296034E-01	3.280066E-01	3.350500E-01	
57	3.279688E-01	3.238625E-01	3.366786E-01	
58	3.291447E-01	3.244998E-01	3.326475E-01	
59	3.252471E-01	3.206321E-01	3.324879E-01	
60	3.250501E-01	3.239488E-01	3.320482E-01	
61	3.263548E-01	3.225502E-01	3.332744E-01	
62	3.243533E-01	3.212900E-01	3.353604E-01	
63	3.227380E-01	3.209772E-01	3.309893E-01	
64	3.231188E-01	3.211950E-01	3.292950E-01	
65	3.231643E-01	3.195531E-01	3.315491E-01	
66	3.222856E-01	3.191393E-01	3.292553E-01	
67	3.205229E-01	3.191022E-01	3.268999E-01	
68	3.203823E-01	3.156418E-01	3.305449E-01	
69	3.199458E-01	3.168324E-01	3.285933E-01	
70	3.174965E-01	3.147887E-01	3.290837E-01	
71	3.165854E-01	3.156284E-01	3.320075E-01	
72	3.164452E-01	3.158005E-01	3.267019E-01	
73	3.162042E-01	3.136537E-01	3.270596E-01	
74	3.150737E-01	3.159552E-01	3.243909E-01	
75	3.147335E-01	3.133345E-01	3.251147E-01	
76	3.118306E-01	3.136438E-01	3.248592E-01	
77	3.128746E-01	3.110223E-01	3.242172E-01	
78	3.134980E-01	3.119916E-01	3.240514E-01	
79	3.120483E-01	3.129118E-01	3.237898E-01	
80	3.114975E-01	3.117569E-01	3.231152E-01	
81	3.121270E-01	3.129715E-01	3.218899E-01	
82	3.120465E-01	3.112582E-01	3.233194E-01	
83	3.136697E-01	3.104890E-01	3.230817E-01	
84	3.128163E-01	3.117358E-01	3.217285E-01	
85	3.111784E-01	3.121588E-01	3.223533E-01	
86	3.107422E-01	3.126236E-01	3.218386E-01	
87	3.103958E-01	3.117631E-01	3.210995E-01	
88	3.100426E-01	3.112171E-01	3.208020E-01	
89	3.099085E-01	3.112828E-01	3.204657E-01	
90	3.112258E-01	3.092065E-01	3.209148E-01	
91	3.094228E-01	3.125698E-01	3.199760E-01	
92	3.120746E-01	3.142126E-01	3.181980E-01	
93	3.106612E-01	3.111922E-01	3.204966E-01	
94	3.115102E-01	3.133310E-01	3.204172E-01	
95	3.115710E-01	3.136268E-01	3.174299E-01	
96	3.110143E-01	3.107248E-01	3.176645E-01	
97	3.105930E-01	3.145739E-01	3.186601E-01	
98	3.132110E-01	3.118817E-01	3.192196E-01	
99	3.107463E-01	3.123946E-01	3.157916E-01	
100	3.136356E-01	3.123062E-01	3.177496E-01	
101	3.118556E-01	3.101385E-01	3.192636E-01	
102	3.144447E-01	3.131051E-01	3.176570E-01	
103	3.126260E-01	3.113625E-01	3.177694E-01	
104	3.133228E-01	3.117959E-01	3.186742E-01	
105	3.160982E-01	3.130984E-01	3.193961E-01	
106	3.146415E-01	3.154575E-01	3.196425E-01	
107	3.162976E-01	3.145015E-01	3.182118E-01	
108	3.170170E-01	3.160762E-01	3.196956E-01	
109	3.166774E-01	3.155217E-01	3.204785E-01	
110	3.178943E-01	3.157048E-01	3.201719E-01	
111	3.185005E-01	3.184009E-01	3.208411E-01	
112	3.213963E-01	3.191774E-01	3.224552E-01	
113	3.215743E-01	3.191314E-01	3.226657E-01	
114	3.206248E-01	3.201552E-01	3.230270E-01	
115	3.224886E-01	3.208113E-01	3.251498E-01	
116	3.235031E-01	3.227433E-01	3.258390E-01	
117	3.234713E-01	3.222176E-01	3.245911E-01	
118	3.249004E-01	3.232794E-01	3.287562E-01	
119	3.247691E-01	3.238371E-01	3.264373E-01	
120	3.281867E-01	3.267929E-01	3.285693E-01	
121	3.278220E-01	3.258410E-01	3.285478E-01	
122	3.289729E-01	3.280566E-01	3.279706E-01	
123	3.317610E-01	3.279818E-01	3.296545E-01	
124	3.319486E-01	3.291241E-01	3.306691E-01	
125	3.341702E-01	3.319186E-01	3.328979E-01	
126	3.354008E-01	3.312866E-01	3.317233E-01	
127	3.373506E-01	3.342175E-01	3.328710E-01	
128	3.400234E-01	3.349189E-01	3.327593E-01	
129	3.420889E-01	3.355317E-01	3.350463E-01	
130	3.433408E-01	3.392280E-01	3.384156E-01	
131	3.448937E-01	3.371508E-01	3.373174E-01	
132	3.466766E-01	3.378100E-01	3.403720E-01	
133	3.484694E-01	3.418962E-01	3.393762E-01	
134	3.501310E-01	3.421195E-01	3.411306E-01	
135	3.522418E-01	3.429179E-01	3.457993E-01	
136	3.547489E-01	3.448773E-01	3.456197E-01	
137	3.549763E-01	3.459262E-01	3.456127E-01	
138	3.599167E-01	3.506859E-01	3.486685E-01	
139	3.615432E-01	3.501806E-01	3.508282E-01	
140	3.640969E-01	3.523090E-01	3.515249E-01	
141	3.659728E-01	3.528992E-01	3.534386E-01	
142	3.693761E-01	3.541115E-01	3.534014E-01	
143	3.716328E-01	3.569193E-01	3.579534E-01	
144	3.755126E-01	3.572038E-01	3.604077E-01	
145	3.777838E-01	3.603319E-01	3.592897E-01	
146	3.827823E-01	3.611281E-01	3.636360E-01	
147	3.840166E-01	3.649356E-01	3.648478E-01	
148	3.862352E-01	3.649233E-01	3.676068E-01	
149	3.893333E-01	3.654433E-01	3.714862E-01	
150	3.929260E-01	3.690815E-01	3.713188E-01	
151	3.941113E-01	3.711534E-01	3.748261E-01	
152	3.979292E-01	3.710803E-01	3.744034E-01	
153	4.020820E-01	3.741452E-01	3.777042E-01	
154	4.036398E-01	3.769894E-01	3.809219E-01	
155	4.076288E-01	3.781702E-01	3.825605E-01	
156	4.117699E-01	3.780644E-01	3.822359E-01	
157	4.133101E-01	3.805438E-01	3.875186E-01	
158	4.178481E-01	3.827010E-01	3.879987E-01	
159	4.197815E-01	3.829172E-01	3.913508E-01	
160	4.220864E-01	3.858441E-01	3.925422E-01	
161	4.238600E-01	3.852598E-01	3.962815E-01	
162	4.264731E-01	3.874921E-01	3.992217E-01	
163	4.334149E-01	3.878919E-01	4.003959E-01	
164	4.333330E-01	3.911784E-01	4.021388E-01	
165	4.372253E-01	3.906081E-01	4.062167E-01	
166	4.382880E-01	3.925916E-01	4.044282E-01	
167	4.418027E-01	3.936576E-01	4.068355E-01	
168	4.440455E-01	3.920441E-01	4.099059E-01	
169	4.473649E-01	3.978839E-01	4.108213E-01	
170	4.525339E-01	3.975149E-01	4.114864E-01	
171	4.572433E-01	3.990591E-01	4.151848E-01	
172	4.541843E-01	3.994086E-01	4.134985E-01	
173	4.593420E-01	3.988813E-01	4.178863E-01	
174	4.629861E-01	4.039720E-01	4.222262E-01	
175	4.648171E-01	4.060711E-01	4.184875E-01	
176	4.674122E-01	4.065465E-01	4.213285E-01	
177	4.691815E-01	4.083372E-01	4.226369E-01	
178	4.739185E-01	4.096431E-01	4.207436E-01	
179	4.797166E-01	4.101047E-01	4.239798E-01	
180	4.776613E-01	4.106443E-01	4.250357E-01	
181	4.799120E-01	4.143382E-01	4.263067E-01	
182	4.856146E-01	4.134837E-01	4.289443E-01	
183	4.833184E-01	4.129949E-01	4.264201E-01	
184	4.852067E-01	4.140542E-01	4.247483E-01	
185	4.908055E-01	4.190151E-01	4.281140E-01	
186	4.866398E-01	4.201352E-01	4.289219E-01	
187	4.964158E-01	4.187559E-01	4.275279E-01	
188	4.951948E-01	4.169989E-01	4.245975E-01	
189	4.996447E-01	4.215568E-01	4.302801E-01	
190	4.989203E-01	4.222343E-01	4.273593E-01	
191	5.031722E-01	4.194761E-01	4.294771E-01	
192	5.022226E-01	4.171928E-01	4.255943E-01	
193	5.084363E-01	4.227365E-01	4.290361E-01	
194	5.005954E-01	4.213857E-01	4.251569E-01	
195	5.139053E-01	4.259102E-01	4.308362E-01	
196	5.022330E-01	4.202916E-01	4.262008E-01	
197	5.013157E-01	4.266362E-01	4.290742E-01	
198	5.129808E-01	4.224060E-01	4.286606E-01	
199	5.106487E-01	4.197550E-01	4.256297E-01	
200	5.129955E-01	4.234494E-01	4.305687E-01	
201	5.098280E-01	4.171364E-01	4.264033E-01	
202	5.132339E-01	4.234532E-01	4.267840E-01	
203	5.165216E-01	4.176925E-01	4.253095E-01	
204	5.104671E-01	4.178389E-01	4.247687E-01	
205	5.189392E-01	4.196271E-01	4.222380E-01	
206	5.215050E-01	4.174765E-01	4.200004E-01	
207	5.264320E-01	4.158180E-01	4.216937E-01	
208	5.253901E-01	4.116180E-01	4.146260E-01	
209	5.190720E-01	4.105559E-01	4.129142E-01	
210	5.269045E-01	4.079621E-01	4.155883E-01	
211	5.293177E-01	4.046004E-01	4.134793E-01	
212	5.235606E-01	4.101603E-01	4.097451E-01	
213	5.303733E-01	4.034435E-01	4.100785E-01	
214	5.287194E-01	4.017454E-01	4.094248E-01	
215	5.418452E-01	4.038174E-01	4.073691E-01	
216	5.303074E-01	4.024847E-01	4.101686E-01	
217	5.300927E-01	4.010110E-01	4.004280E-01	
218	5.385494E-01	4.007149E-01	4.011219E-01	
219	5.305910E-01	3.969887E-01	4.064839E-01	
220	5.406977E-01	3.966746E-01	3.952929E-01	
221	5.363114E-01	3.960577E-01	3.951482E-01	
222	5.299273E-01	3.911419E-01	3.907843E-01	
223	5.324640E-01	3.894515E-01	3.858327E-01	
224	5.523363E-01	3.922860E-01	3.888858E-01	
225	5.297774E-01	3.872916E-01	3.901734E-01	
226	5.299319E-01	3.855762E-01	3.851052E-01	
227	5.134635E-01	3.863608E-01	3.862812E-01	
228	5.232744E-01	3.819382E-01	3.893999E-01	
229	5.248034E-01	3.791141E-01	3.864461E-01	
230	5.149275E-01	3.773163E-01	3.839346E-01	
231	5.013827E-01	3.758661E-01	3.823807E-01	
232	5.065590E-01	3.762071E-01	3.796386E-01	
233	5.055616E-01	3.745661E-01	3.829665E-01	
234	5.174886E-01	3.726711E-01	3.802802E-01	
235	4.842081E-01	3.692965E-01	3.766591E-01	
236	4.893152E-01	3.698662E-01	3.792411E-01	
237	4.802349E-01	3.654492E-01	3.746516E-01	
238	4.865180E-01	3.682971E-01	3.745254E-01	
239	4.670034E-01	3.672894E-01	3.737288E-01	
240	4.752033E-01	3.620364E-01	3.708306E-01	
241	4.577446E-01	3.595497E-01	3.695832E-01	
242	4.704113E-01	3.578245E-01	3.670952E-01	
243	4.516369E-01	3.570376E-01	3.688148E-01	
244	4.559318E-01	3.533743E-01	3.648888E-01	
245	4.696819E-01	3.537722E-01	3.642174E-01	
246	4.425678E-01	3.522951E-01	3.658026E-01	
247	4.438978E-01	3.472570E-01	3.630184E-01	
248	4.546774E-01	3.505874E-01	3.662782E-01	
249	4.461500E-01	3.441259E-01	3.556189E-01	
250	4.259639E-01	3.445901E-01	3.589571E-01	
251	4.436083E-01	3.451781E-01	3.543715E-01	
252	4.419118E-01	3.410086E-01	3.529601E-01	
253	4.078270E-01	3.390815E-01	3.484965E-01	
254	4.211785E-01	3.375522E-01	3.510472E-01	
255	4.178605E-01	3.374215E-01	3.489248E-01	
256	4.103911E-01	3.367868E-01	3.462464E-01	
257	4.270169E-01	3.317804E-01	3.500391E-01	
258	4.102974E-01	3.307504E-01	3.465201E-01	
259	4.231120E-01	3.338621E-01	3.440340E-01	
260	4.258633E-01	3.287293E-01	3.414908E-01	
261	4.120107E-01	3.317594E-01	3.422072E-01	
262	4.247070E-01	3.247770E-01	3.409794E-01	
263	4.062793E-01	3.277036E-01	3.401433E-01	
264	3.998601E-01	3.247310E-01	3.345971E-01	
265	3.920385E-01	3.241410E-01	3.303561E-01	
266	3.824546E-01	3.267132E-01	3.359202E-01	
267	3.988773E-01	3.237169E-01	3.316020E-01	
268	3.933940E-01	3.198911E-01	3.262441E-01	
269	3.972918E-01	3.206116E-01	3.236554E-01	
270	4.001801E-01	3.172877E-01	3.262370E-01	
271	3.830337E-01	3.152804E-01	3.268050E-01	
272	4.029002E-01	3.125437E-01	3.209460E-01	
273	3.826821E-01	3.165503E-01	3.235452E-01	
274	3.600708E-01	3.144578E-01	3.193073E-01	
275	3.752522E-01	3.099883E-01	3.209013E-01	
276	3.735888E-01	3.081048E-01	3.147292E-01	
277	3.732966E-01	3.063887E-01	3.148155E-01	
278	3.745661E-01	3.071392E-01	3.095443E-01	
279	3.650000E-01	3.029813E-01	3.103319E-01	
280	3.889861E-01	3.035806E-01	3.077275E-01	
281	3.801441E-01	3.030314E-01	3.074337E-01	
282	3.784346E-01	3.007175E-01	3.095924E-01	
283	3.695159E-01	3.044409E-01	3.052360E-01	
284	3.736143E-01	2.969903E-01	3.064431E-01	
285	3.715853E-01	2.986229E-01	3.017488E-01	
286	3.634664E-01	3.017535E-01	3.017783E-01	
287	3.708386E-01	2.962820E-01	3.063094E-01	
288	3.519773E-01	2.926027E-01	3.023432E-01	
289	3.488124E-01	2.968038E-01	2.958301E-01	
290	3.300714E-01	2.904592E-01	2.968021E-01	
291	3.343786E-01	2.959415E-01	3.068902E-01	
292	3.315657E-01	2.919648E-01	2.965733E-01	
293	3.261330E-01	2.919799E-01	2.991078E-01	
294	3.265284E-01	2.954406E-01	2.987089E-01	
295	3.016974E-01	2.903640E-01	2.994740E-01	
296	3.023257E-01	2.946711E-01	2.968935E-01	
297	3.086963E-01	2.928375E-01	2.965385E-01	
298	2.989644E-01	2.907102E-01	2.954537E-01	
299	2.952860E-01	2.908648E-01	2.959789E-01	
300	2.844655E-01	2.903092E-01	2.950498E-01	
301	2.853026E-01	2.901538E-01	2.957591E-01	
302	2.976064E-01	2.904553E-01	2.977660E-01	
303	2.837773E-01	2.883912E-01	2.995196E-01	
304	3.002232E-01	2.873431E-01	2.954993E-01	
305	2.891209E-01	2.878648E-01	2.989119E-01	
306	2.823128E-01	2.851905E-01	2.933656E-01	
307	2.963124E-01	2.914119E-01	2.956055E-01	
308	2.946798E-01	2.924284E-01	2.961790E-01	
309	2.909453E-01	2.875186E-01	2.883600E-01	
310	2.936505E-01	2.918627E-01	2.876091E-01	
311	2.859634E-01	2.876209E-01	2.882277E-01	
312	2.857372E-01	2.907661E-01	2.882131E-01	
313	2.914090E-01	2.861365E-01	2.860666E-01	
314	2.828078E-01	2.927109E-01	2.918542E-01	
315	2.901558E-01	2.877238E-01	2.889996E-01	
316	2.949646E-01	2.881127E-01	2.887430E-01	
317	2.841890E-01	2.894411E-01	2.905464E-01	
318	2.883678E-01	2.886560E-01	2.891714E-01	
319	3.105514E-01	2.888440E-01	2.879324E-01	
320	2.997813E-01	2.878284E-01	2.889840E-01	
321	3.064227E-01	2.928034E-01	2.933919E-01	
322	3.049758E-01	2.865766E-01	2.893193E-01	
323	3.119946E-01	2.907979E-01	2.914135E-01	
324	2.965139E-01	2.883591E-01	2.909543E-01	
325	3.071904E-01	2.890969E-01	2.915794E-01	
326	2.943259E-01	2.922247E-01	2.896658E-01	
327	2.977614E-01	2.902227E-01	2.906382E-01	
328	3.048402E-01	2.916687E-01	2.935156E-01	
329	2.922226E-01	2.909647E-01	2.936358E-01	
330	2.874695E-01	2.944361E-01	2.940197E-01	
331	3.069405E-01	2.907401E-01	2.947573E-01	
332	3.035137E-01	2.921188E-01	2.910888E-01	
333	2.997585E-01	2.930648E-01	2.901190E-01	
334	3.118361E-01	2.909044E-01	2.914641E-01	
335	2.988458E-01	2.926908E-01	2.928586E-01	
336	3.037637E-01	2.934569E-01	2.975198E-01	
337	3.218318E-01	2.957816E-01	2.920311E-01	
338	3.182458E-01	2.934097E-01	2.921994E-01	
339	3.217980E-01	2.978135E-01	2.929667E-01	
340	3.218133E-01	2.917615E-01	2.930496E-01	
341	2.974225E-01	2.917831E-01	2.939003E-01	
342	3.117128E-01	2.932276E-01	2.976552E-01	
343	3.028871E-01	2.917447E-01	2.933598E-01	
344	3.032798E-01	2.922813E-01	2.973832E-01	
345	2.937635E-01	2.938217E-01	2.979331E-01	
346	3.134045E-01	2.909813E-01	2.870799E-01	
347	2.896460E-01	2.914640E-01	2.915615E-01	
348	2.935040E-01	2.875393E-01	2.921505E-01	
349	2.858554E-01	2.908583E-01	2.922893E-01	
350	2.866253E-01	2.889050E-01	2.903153E-01	
351	2.867895E-01	2.885624E-01	2.916748E-01	
352	3.078668E-01	2.865803E-01	2.889464E-01	
353	2.988306E-01	2.870089E-01	2.861901E-01	
354	3.089271E-01	2.895691E-01	2.872662E-01	
355	2.946577E-01	2.848925E-01	2.865288E-01	
356	2.840116E-01	2.875783E-01	2.856651E-01	
357	3.002403E-01	2.866323E-01	2.836946E-01	
358	2.915534E-01	2.832869E-01	2.895821E-01	
359	2.900127E-01	2.784475E-01	2.862531E-01	
360	2.819732E-01	2.808346E-01	2.848279E-01	
361	2.957178E-01	2.800933E-01	2.862911E-01	
362	2.940083E-01	2.787003E-01	2.863522E-01	
363	2.820413E-01	2.794542E-01	2.839831E-01	
364	3.108936E-01	2.779417E-01	2.864719E-01	
365	2.843740E-01	2.790165E-01	2.865713E-01	
366	3.144173E-01	2.772276E-01	2.832956E-01	
367	2.876852E-01	2.762168E-01	2.866672E-01	
368	2.983219E-01	2.770953E-01	2.808441E-01	
369	2.698028E-01	2.763542E-01	2.860761E-01	
370	2.902582E-01	2.741847E-01	2.828876E-01	
371	3.082635E-01	2.762299E-01	2.870709E-01	
372	3.039379E-01	2.768477E-01	2.856520E-01	
373	3.054882E-01	2.752029E-01	2.854130E-01	
374	3.121206E-01	2.727747E-01	2.883609E-01	
375	3.157071E-01	2.804045E-01	2.861107E-01	
376	2.734891E-01	2.773811E-01	2.861293E-01	
377	2.937913E-01	2.803788E-01	2.854719E-01	
378	3.220396E-01	2.790007E-01	2.856224E-01	
379	2.872717E-01	2.761116E-01	2.821532E-01	
380	3.013270E-01	2.794569E-01	2.823765E-01	
381	3.368717E-01	2.840595E-01	2.825276E-01	
382	2.844573E-01	2.807914E-01	2.802707E-01	
383	3.011603E-01	2.793216E-01	2.822023E-01	
384	3.146235E-01	2.818366E-01	2.846368E-01	
385	2.845114E-01	2.778193E-01	2.769235E-01	
386	2.917599E-01	2.773997E-01	2.875761E-01	
387	2.879778E-01	2.747577E-01	2.795193E-01	
388	2.937270E-01	2.800088E-01	2.862008E-01	
389	3.135921E-01	2.804633E-01	2.838173E-01	
390	3.372630E-01	2.772975E-01	2.781626E-01	
391	2.904842E-01	2.798031E-01	2.786798E-01	
392	2.937826E-01	2.786906E-01	2.803920E-01	
393	2.973414E-01	2.829044E-01	2.765533E-01	
394	3.062891E-01	2.731317E-01	2.773979E-01	
395	2.936214E-01	2.794497E-01	2.812172E-01	
396	2.965082E-01	2.845581E-01	2.748203E-01	
397	3.021843E-01	2.811245E-01	2.751862E-01	
398	2.713299E-01	2.806453E-01	2.792047E-01	
399	3.282576E-01	2.810956E-01	2.758942E-01	
400	2.964754E-01	2.836686E-01	2.764946E-01	
401	3.068263E-01	2.775265E-01	2.770598E-01	
402	3.106891E-01	2.828494E-01	2.816175E-01	
403	2.925348E-01	2.818940E-01	2.774040E-01	
404	3.246838E-01	2.847045E-01	2.745699E-01	
405	3.242567E-01	2.830528E-01	2.802592E-01	
406	3.013013E-01	2.795402E-01	2.779988E-01	
407	2.971928E-01	2.843445E-01	2.883507E-01	
408	3.093555E-01	2.817834E-01	2.866152E-01	
409	3.148835E-01	2.834960E-01	2.807241E-01	
410	3.268731E-01	2.787026E-01	2.892641E-01	
411	3.101459E-01	2.792151E-01	2.896770E-01	
412	2.936933E-01	2.814267E-01	2.792614E-01	
413	3.342958E-01	2.850931E-01	2.898441E-01	
414	2.963306E-01	2.837339E-01	2.896062E-01	
415	3.250614E-01	2.879728E-01	2.924598E-01	
416	3.196158E-01	2.881479E-01	3.000487E-01	
417	2.836840E-01	2.823398E-01	2.897797E-01	
418	3.174696E-01	2.870892E-01	3.034211E-01	
419	2.844595E-01	2.933201E-01	3.012174E-01	
420	2.898765E-01	2.921518E-01	3.035115E-01	
421	3.043279E-01	2.910799E-01	2.946571E-01	
422	2.991871E-01	2.851135E-01	3.097263E-01	
423	3.017998E-01	2.863650E-01	2.993769E-01	
424	3.116105E-01	2.853343E-01	3.025974E-01	
425	2.975371E-01	2.821979E-01	3.026288E-01	
426	2.851370E-01	2.868923E-01	2.942124E-01	
427	3.026661E-01	2.869071E-01	3.007687E-01	
428	2.835321E-01	2.792780E-01	2.935804E-01	
429	2.674539E-01	2.842454E-01	3.035016E-01	
430	2.416804E-01	2.792519E-01	2.994525E-01	
431	2.805576E-01	2.867803E-01	3.025709E-01	
432	2.576556E-01	2.882281E-01	3.011596E-01	
433	2.530159E-01	2.931336E-01	3.015856E-01	
434	2.847762E-01	2.891391E-01	2.975870E-01	
435	2.498133E-01	2.889657E-01	2.906372E-01	
436	2.831637E-01	2.950800E-01	2.997527E-01	
437	2.823674E-01	2.986101E-01	2.995333E-01	
438	2.414985E-01	2.920152E-01	2.934865E-01	
439	2.477846E-01	2.894823E-01	2.960652E-01	
440	2.578092E-01	2.957421E-01	3.026022E-01	
441	2.695581E-01	3.007918E-01	3.003699E-01	
442	2.647729E-01	2.993996E-01	2.992024E-01	
443	2.856438E-01	2.911955E-01	3.085660E-01	
444	2.606576E-01	2.990746E-01	3.182136E-01	
445	2.315626E-01	2.973043E-01	3.183849E-01	
446	2.724239E-01	2.929905E-01	3.099407E-01	
447	2.541297E-01	2.952518E-01	3.023494E-01	
448	2.474311E-01	2.922924E-01	3.282056E-01	
449	2.449376E-01	2.810179E-01	3.211518E-01	
450	2.539503E-01	2.769458E-01	3.133942E-01	
451	2.734401E-01	2.779100E-01	3.185034E-01	
452	2.713754E-01	2.887818E-01	3.192424E-01	
453	2.576819E-01	2.780134E-01	3.323672E-01	
454	2.911689E-01	2.875086E-01	3.181813E-01	
455	2.569365E-01	2.810880E-01	3.050030E-01	
456	2.925671E-01	2.938707E-01	3.073918E-01	
457	2.647484E-01	2.924372E-01	3.119301E-01	
458	3.496323E-01	2.903359E-01	3.144532E-01	
459	3.072642E-01	3.041293E-01	3.196349E-01	
460	3.194524E-01	2.846234E-01	3.071568E-01	
461	3.250382E-01	3.154982E-01	3.141093E-01	
462	3.536903E-01	2.926552E-01	2.878968E-01	
463	3.285515E-01	3.185904E-01	3.317294E-01	
464	3.216421E-01	3.136189E-01	3.049638E-01	
465	3.068211E-01	2.962703E-01	3.165913E-01	
466	3.194236E-01	3.165633E-01	3.053259E-01	
467	3.022988E-01	2.960994E-01	3.030232E-01	
468	3.087052E-01	3.194777E-01	3.280237E-01	
469	3.203949E-01	3.082069E-01	3.005204E-01	
470	2.391045E-01	3.258024E-01	3.378724E-01	
471	3.101223E-01	3.108597E-01	3.031365E-01	
472	2.611791E-01	3.162997E-01	3.307349E-01	
473	2.369799E-01	3.062795E-01	3.286362E-01	
474	2.568609E-01	3.235883E-01	3.305728E-01	
475	3.068564E-01	3.386368E-01	3.261157E-01	
476	2.684245E-01	3.250928E-01	3.481671E-01	
477	3.869850E-01	3.785223E-01	3.587984E-01	
478	3.065050E-01	3.112534E-01	3.356877E-01	
479	4.462084E-01	3.370706E-01	3.809343E-01	
480	2.966785E-01	3.397435E-01	3.324277E-01	
481	4.010661E-01	3.553610E-01	3.811043E-01	
482	4.389746E-01	3.516927E-01	3.332414E-01	
483	3.672056E-01	3.558932E-01	3.767214E-01	
484	5.041413E-01	4.297586E-01	3.696016E-01	
485	3.801847E-01	3.632359E-01	3.475044E-01	
486	4.417043E-01	4.605752E-01	3.915482E-01	
487	3.299442E-01	3.555702E-01	3.383409E-01	
488	3.519925E-01	4.148688E-01	4.114551E-01	
489	3.416804E-01	3.659892E-01	3.262047E-01	
490	3.642019E-01	4.151175E-01	3.996087E-01	
491	5.388786E-01	4.547300E-01	4.192141E-01	
492	4.473201E-01	4.010767E-01	3.775359E-01	
493	5.725319E-01	5.027106E-01	4.726830E-01	
494	5.328151E-01	4.224853E-01	3.984430E-01	
495	0	4.963347E-01	4.192688E-01	
496	5.568801E-01	4.161909E-01	4.023464E-01	
497	0	4.738675E-01	4.885032E-01	
498	7.258611E-01	4.128955E-01	4.008834E-01	
499	9.083839E-01	4.352820E-01	4.525921E-01	
500	0	0	0	
501	8.743244E-01	4.584885E-01	4.517497E-01	
502	0	0	0	
503	0	4.702647E-01	4.881689E-01	
504	0	0	0	
505	0	5.231280E-01	5.481847E-01	
506	0	5.370663E-01	6.808994E-01	
507	0	0	0	
508	0	5.736118E-01	5.797690E-01	
509	0	0	0	
510	0	6.166519E-01	6.099491E-01	
511	0	0	0	
512	0	6.754503E-01	6.603735E-01	
513	0	0	0	
514	0	0	0	
515	0	7.319666E-01	6.347107E-01	
516	0	0	0	
517	0	7.279693E-01	7.290881E-01	
518	0	0	0	
519	0	7.665615E-01	0	
520	0	0	0	
521	0	0	0	
522	0	0	0	
523	0	0	0	
524	0	0	0	
525	0	0	0	
526	0	0	0	
527	0	0	0	
528	0	0	0	
529	0	0	0	
530	0	0	0	
531	0	0	0	
532	0	0	0	
533	0	0	0	
534	0	0	0	
535	0	0	0	
536	0	0	0	
537	0	0	0	
538	0	0	0	
539	0	0	0	
540	0	0	0	
541	0	0	0	
542	0	0	0	
543	0	0	0	
544	0	0	0	
545	0	0	0	
546	0	0	0	
547	0	0	0	
548	0	0	0	
549	0	0	0	
550	0	0	0	
551	0	0	0	
552	0	0	0	
553	0	0	0	
554	0	0	0	
555	0	0	0	
556	0	0	0	
557	0	0	0	
558	0	0	0	
559	0	0	0	
560	0	0	0	
561	0	0	0	
562	0	0	0	
563	0	0	0	
564	0	0	0	
565	0	0	0	
566	0	0	0	
567	0	0	0	
568	0	0	0	
569	0	0	0	
570	0	0	0	
571	0	0	0	
572	0	0	0	
573	0	0	0	
574	0	0	0	
575	0	0	0	
576	0	0	0	
577	0	0	0	
578	0	0	0	
579	0	0	0	
580	0	0	0	
581	0	0	0	
582	0	0	0	
583	0	0	0	
584	0	0	0	
585	0	0	0	
586	0	0	0	
587	0	0	0	
588	0	0	0	
589	0	0	0	
590	0	0	0	
591	0	0	0	
592	0	0	0	
593	0	0	0	
594	0	0	0	
595	0	0	0	
596	0	0	0	
597	0	0	0	
598	0	0	0	
599	0	0	0	
#NewRun
0	0	0	0	
1	0	0	0	
2	0	0	0	
3	0	0	0	
4	3.371153E-01	3.404871E-01	3.152454E-01	
5	3.274368E-01	3.319980E-01	3.360227E-01	
6	3.379710E-01	3.219967E-01	3.247701E-01	
7	0	0	0	
8	3.358302E-01	3.142753E-01	3.392711E-01	
9	3.439689E-01	3.295032E-01	3.401139E-01	
10	0	0	0	
11	3.313477E-01	3.184144E-01	3.505553E-01	
12	3.341437E-01	3.288629E-01	3.473940E-01	
13	3.306527E-01	3.171673E-01	3.387945E-01	
14	3.295277E-01	3.339087E-01	3.453206E-01	
15	0	0	0	
16	3.333682E-01	3.353559E-01	3.394056E-01	
17	3.400789E-01	3.339672E-01	3.496350E-01	
18	3.359933E-01	3.408577E-01	3.490297E-01	
19	3.457626E-01	3.390871E-01	3.317631E-01	
20	3.345696E-01	3.388754E-01	3.365032E-01	
21	3.335515E-01	3.341667E-01	3.388313E-01	
22	3.339371E-01	3.345419E-01	3.407656E-01	
23	3.328179E-01	3.372000E-01	3.388455E-01	
24	3.358916E-01	3.383180E-01	3.388232E-01	
25	3.424735E-01	3.341261E-01	3.374341E-01	
26	3.400460E-01	3.357786E-01	3.398428E-01	
27	3.364291E-01	3.279275E-01	3.414656E-01	
28	3.348654E-01	3.312069E-01	3.318493E-01	
29	3.361474E-01	3.305233E-01	3.395152E-01	
30	3.337051E-01	3.287489E-01	3.327769E-01	
31	3.342255E-01	3.339815E-01	3.421631E-01	
32	3.353170E-01	3.294507E-01	3.374408E-01	
33	3.291787E-01	3.290398E-01	3.350418E-01	
34	3.299755E-01	3.338003E-01	3.405304E-01	
35	3.263199E-01	3.278858E-01	3.317063E-01	
36	3.306974E-01	3.314217E-01	3.351773E-01	
37	3.302324E-01	3.301578E-01	3.344936E-01	
38	3.305700E-01	3.288995E-01	3.302774E-01	
39	3.341645E-01	3.317884E-01	3.338498E-01	
40	3.301946E-01	3.321608E-01	3.335260E-01	
41	3.294740E-01	3.309665E-01	3.281842E-01	
42	3.308156E-01	3.296002E-01	3.323165E-01	
43	3.291319E-01	3.310495E-01	3.290629E-01	
44	3.288601E-01	3.313113E-01	3.311205E-01	
45	3.287354E-01	3.305600E-01	3.314899E-01	
46	3.292752E-01	3.288889E-01	3.285181E-01	
47	3.286013E-01	3.284603E-01	3.339135E-01	
48	3.286167E-01	3.304332E-01	3.265606E-01	
49	3.270787E-01	3.265091E-01	3.304328E-01	
50	3.281882E-01	3.298317E-01	3.274610E-01	
51	3.283494E-01	3.309770E-01	3.236619E-01	
52	3.263141E-01	3.308532E-01	3.207135E-01	
53	3.268094E-01	3.294136E-01	3.221093E-01	
54	3.282223E-01	3.296161E-01	3.214304E-01	
55	3.241852E-01	3.291397E-01	3.199534E-01	
56	3.255614E-01	3.300113E-01	3.214716E-01	
57	3.248001E-01	3.291001E-01	3.203549E-01	
58	3.243064E-01	3.299678E-01	3.218308E-01	
59	3.254257E-01	3.257161E-01	3.192756E-01	
60	3.244140E-01	3.302853E-01	3.218287E-01	
61	3.249854E-01	3.276881E-01	3.209230E-01	
62	3.244864E-01	3.287618E-01	3.209356E-01	
63	3.220111E-01	3.252273E-01	3.184277E-01	
64	3.204922E-01	3.264671E-01	3.193831E-01	
65	3.212792E-01	3.255660E-01	3.226005E-01	
66	3.228125E-01	3.266015E-01	3.201640E-01	
67	3.213089E-01	3.238855E-01	3.223825E-01	
68	3.203961E-01	3.244666E-01	3.202053E-01	
69	3.196155E-01	3.235113E-01	3.236409E-01	
70	3.194175E-01	3.211029E-01	3.226867E-01	
71	3.186813E-01	3.272053E-01	3.201853E-01	
72	3.182720E-01	3.245289E-01	3.258520E-01	
73	3.180074E-01	3.205473E-01	3.222938E-01	
74	3.194372E-01	3.226366E-01	3.244327E-01	
75	3.180822E-01	3.229836E-01	3.229172E-01	
76	3.170694E-01	3.208041E-01	3.238434E-01	
77	3.145944E-01	3.188171E-01	3.231727E-01	
78	3.148063E-01	3.210791E-01	3.234348E-01	
79	3.140774E-01	3.179532E-01	3.241630E-01	
80	3.146467E-01	3.193473E-01	3.241424E-01	
81	3.128542E-01	3.192952E-01	3.229256E-01	
82	3.122972E-01	3.171793E-01	3.239713E-01	
83	3.117477E-01	3.207362E-01	3.248215E-01	
84	3.108665E-01	3.193535E-01	3.218956E-01	
85	3.114295E-01	3.164675E-01	3.214179E-01	
86	3.127499E-01	3.184727E-01	3.223123E-01	
87	3.112609E-01	3.182834E-01	3.224357E-01	
88	3.104976E-01	3.181887E-01	3.209042E-01	
89	3.129995E-01	3.166257E-01	3.208435E-01	
90	3.119946E-01	3.177093E-01	3.215999E-01	
91	3.118535E-01	3.162977E-01	3.209573E-01	
92	3.108757E-01	3.158913E-01	3.225815E-01	
93	3.114897E-01	3.156133E-01	3.212981E-01	
94	3.127730E-01	3.144314E-01	3.224557E-01	
95	3.129160E-01	3.153280E-01	3.222712E-01	
96	3.125935E-01	3.156748E-01	3.219924E-01	
97	3.130842E-01	3.157597E-01	3.219105E-01	
98	3.123573E-01	3.165533E-01	3.229427E-01	
99	3.132371E-01	3.166888E-01	3.223406E-01	
100	3.122726E-01	3.138558E-01	3.225201E-01	
101	3.150431E-01	3.153664E-01	3.227620E-01	
102	3.154763E-01	3.169005E-01	3.214704E-01	
103	3.142823E-01	3.174498E-01	3.250192E-01	
104	3.160386E-01	3.156652E-01	3.229017E-01	
105	3.157035E-01	3.161694E-01	3.230788E-01	
106	3.156683E-01	3.182054E-01	3.225672E-01	
107	3.165176E-01	3.194044E-01	3.237029E-01	
108	3.166922E-01	3.180348E-01	3.227088E-01	
109	3.177867E-01	3.190399E-01	3.234191E-01	
110	3.193037E-01	3.197425E-01	3.230916E-01	
111	3.193055E-01	3.210266E-01	3.234975E-01	
112	3.195708E-01	3.243798E-01	3.231370E-01	
113	3.200044E-01	3.231773E-01	3.224578E-01	
114	3.216431E-01	3.244220E-01	3.252401E-01	
115	3.225058E-01	3.251312E-01	3.245661E-01	
116	3.230581E-01	3.238170E-01	3.233579E-01	
117	3.227201E-01	3.264129E-01	3.253085E-01	
118	3.259033E-01	3.279572E-01	3.265197E-01	
119	3.265301E-01	3.280921E-01	3.284921E-01	
120	3.270910E-01	3.287326E-01	3.273393E-01	
121	3.275455E-01	3.294208E-01	3.269378E-01	
122	3.289103E-01	3.283051E-01	3.277783E-01	
123	3.314029E-01	3.339323E-01	3.303965E-01	
124	3.315214E-01	3.296705E-01	3.310817E-01	
125	3.336174E-01	3.316452E-01	3.293064E-01	
126	3.341743E-01	3.329480E-01	3.311992E-01	
127	3.365639E-01	3.322209E-01	3.332332E-01	
128	3.384358E-01	3.351060E-01	3.338793E-01	
129	3.409212E-01	3.363365E-01	3.353566E-01	
130	3.414454E-01	3.379363E-01	3.366231E-01	
131	3.433494E-01	3.401725E-01	3.384269E-01	
132	3.462123E-01	3.406700E-01	3.388695E-01	
133	3.491609E-01	3.414395E-01	3.401606E-01	
134	3.508493E-01	3.436572E-01	3.403764E-01	
135	3.500713E-01	3.475160E-01	3.417203E-01	
136	3.537810E-01	3.467874E-01	3.466291E-01	
137	3.557366E-01	3.475198E-01	3.456720E-01	
138	3.584561E-01	3.477053E-01	3.473431E-01	
139	3.595464E-01	3.506116E-01	3.482930E-01	
140	3.608553E-01	3.517216E-01	3.504216E-01	
141	3.634719E-01	3.542222E-01	3.491640E-01	
142	3.672218E-01	3.541476E-01	3.530380E-01	
143	3.676147E-01	3.557735E-01	3.569728E-01	
144	3.684822E-01	3.597471E-01	3.547861E-01	
145	3.733671E-01	3.586043E-01	3.586294E-01	
146	3.750652E-01	3.614760E-01	3.595409E-01	
147	3.786591E-01	3.637391E-01	3.622489E-01	
148	3.801338E-01	3.638722E-01	3.625274E-01	
149	3.814005E-01	3.659179E-01	3.662239E-01	
150	3.857444E-01	3.681421E-01	3.669508E-01	
151	3.874051E-01	3.696171E-01	3.704082E-01	
152	3.892877E-01	3.721855E-01	3.696879E-01	
153	3.917603E-01	3.738688E-01	3.718955E-01	
154	3.946506E-01	3.745669E-01	3.741548E-01	
155	3.980103E-01	3.772938E-01	3.759051E-01	
156	4.030377E-01	3.798638E-01	3.753915E-01	
157	4.038944E-01	3.809313E-01	3.795393E-01	
158	4.087003E-01	3.851472E-01	3.801428E-01	
159	4.099834E-01	3.836690E-01	3.826853E-01	
160	4.133456E-01	3.856217E-01	3.845434E-01	
161	4.199606E-01	3.877801E-01	3.864821E-01	
162	4.168891E-01	3.896124E-01	3.875642E-01	
163	4.245075E-01	3.904588E-01	3.911651E-01	
164	4.263384E-01	3.941620E-01	3.927558E-01	
165	4.299924E-01	3.948970E-01	3.938910E-01	
166	4.310822E-01	3.955983E-01	3.993617E-01	
167	4.341016E-01	3.991889E-01	3.975166E-01	
168	4.355667E-01	3.991110E-01	4.028354E-01	
169	4.371801E-01	4.029288E-01	4.040348E-01	
170	4.406174E-01	4.021969E-01	4.059592E-01	
171	4.431479E-01	4.009392E-01	4.086093E-01	
172	4.440795E-01	4.051718E-01	4.100901E-01	
173	4.487993E-01	4.054070E-01	4.131671E-01	
174	4.497348E-01	4.069071E-01	4.152354E-01	
175	4.496467E-01	4.079859E-01	4.182053E-01	
176	4.571301E-01	4.084156E-01	4.161543E-01	
177	4.581672E-01	4.091332E-01	4.173283E-01	
178	4.624948E-01	4.103293E-01	4.212935E-01	
179	4.643959E-01	4.088956E-01	4.248009E-01	
180	4.673273E-01	4.122733E-01	4.248328E-01	
181	4.661856E-01	4.106026E-01	4.265061E-01	
182	4.721230E-01	4.128291E-01	4.261326E-01	
183	4.744094E-01	4.136818E-01	4.272912E-01	
184	4.721108E-01	4.151947E-01	4.261534E-01	
185	4.800107E-01	4.123527E-01	4.297864E-01	
186	4.769409E-01	4.158018E-01	4.259735E-01	
187	4.771242E-01	4.185407E-01	4.270938E-01	
188	4.852338E-01	4.170546E-01	4.260468E-01	
189	4.893145E-01	4.185201E-01	4.250410E-01	
190	4.873596E-01	4.196465E-01	4.263724E-01	
191	4.883216E-01	4.196609E-01	4.261775E-01	
192	4.902582E-01	4.223098E-01	4.251056E-01	
193	4.934015E-01	4.198945E-01	4.238358E-01	
194	4.971016E-01	4.158002E-01	4.251561E-01	
195	4.954010E-01	4.182851E-01	4.218674E-01	
196	5.006834E-01	4.162437E-01	4.228276E-01	
197	4.975210E-01	4.225573E-01	4.171188E-01	
198	5.046177E-01	4.147889E-01	4.177666E-01	
199	4.978705E-01	4.194072E-01	4.200317E-01	
200	5.010768E-01	4.215743E-01	4.173920E-01	
201	5.034966E-01	4.213420E-01	4.137744E-01	
202	5.065799E-01	4.197891E-01	4.194571E-01	
203	5.059746E-01	4.162793E-01	4.190358E-01	
204	5.058827E-01	4.158345E-01	4.167781E-01	
205	5.037215E-01	4.142660E-01	4.155545E-01	
206	5.071545E-01	4.145420E-01	4.149191E-01	
207	5.087399E-01	4.115263E-01	4.130605E-01	
208	5.168261E-01	4.141832E-01	4.142301E-01	
209	5.080339E-01	4.152508E-01	4.095818E-01	
210	5.161294E-01	4.063070E-01	4.131192E-01	
211	5.151260E-01	4.095711E-01	4.145763E-01	
212	5.205772E-01	4.068722E-01	4.136483E-01	
213	5.151159E-01	4.050153E-01	4.127140E-01	
214	5.168342E-01	4.023357E-01	4.148392E-01	
215	5.188168E-01	4.021348E-01	4.147982E-01	
216	5.165744E-01	3.998785E-01	4.100395E-01	
217	5.275278E-01	3.947696E-01	4.120381E-01	
218	5.234333E-01	3.941410E-01	4.102558E-01	
219	5.295825E-01	3.920374E-01	4.079005E-01	
220	5.325253E-01	3.934721E-01	4.027651E-01	
221	5.193151E-01	3.908671E-01	4.012345E-01	
222	5.283880E-01	3.867551E-01	3.986064E-01	
223	5.333557E-01	3.878711E-01	3.954432E-01	
224	5.256778E-01	3.838424E-01	3.953794E-01	
225	5.310728E-01	3.883259E-01	3.920592E-01	
226	5.261307E-01	3.846986E-01	3.860670E-01	
227	5.241356E-01	3.822914E-01	3.852422E-01	
228	5.264388E-01	3.803087E-01	3.895097E-01	
229	5.235403E-01	3.766810E-01	3.808476E-01	
230	5.312030E-01	3.826614E-01	3.831037E-01	
231	5.277820E-01	3.727067E-01	3.801019E-01	
232	5.188035E-01	3.725970E-01	3.774697E-01	
233	5.113047E-01	3.716691E-01	3.740820E-01	
234	5.153345E-01	3.684747E-01	3.717444E-01	
235	5.179957E-01	3.677793E-01	3.699148E-01	
236	5.022600E-01	3.669909E-01	3.654333E-01	
237	5.107847E-01	3.630674E-01	3.639694E-01	
238	5.102115E-01	3.642043E-01	3.653667E-01	
239	5.097382E-01	3.609343E-01	3.622815E-01	
240	4.912112E-01	3.633337E-01	3.605554E-01	
241	4.932129E-01	3.611267E-01	3.617934E-01	
242	4.885939E-01	3.569921E-01	3.549825E-01	
243	4.862401E-01	3.569705E-01	3.597801E-01	
244	4.685906E-01	3.540127E-01	3.546365E-01	
245	4.756364E-01	3.545882E-01	3.533354E-01	
246	4.623020E-01	3.531031E-01	3.513830E-01	
247	4.665297E-01	3.480545E-01	3.519435E-01	
248	4.461497E-01	3.444733E-01	3.519446E-01	
249	4.450607E-01	3.484499E-01	3.465917E-01	
250	4.535788E-01	3.461531E-01	3.453755E-01	
251	4.478630E-01	3.412590E-01	3.450747E-01	
252	4.485642E-01	3.406530E-01	3.449343E-01	
253	4.465970E-01	3.424045E-01	3.423954E-01	
254	4.439731E-01	3.376927E-01	3.400941E-01	
255	4.289093E-01	3.393057E-01	3.413120E-01	
256	4.302826E-01	3.367359E-01	3.369110E-01	
257	4.194761E-01	3.372851E-01	3.368855E-01	
258	3.960779E-01	3.358922E-01	3.401637E-01	
259	4.048146E-01	3.361766E-01	3.335477E-01	
260	4.154262E-01	3.256906E-01	3.358001E-01	
261	3.921880E-01	3.323044E-01	3.331887E-01	
262	3.922006E-01	3.266984E-01	3.333378E-01	
263	3.869695E-01	3.305087E-01	3.336371E-01	
264	3.915246E-01	3.237702E-01	3.291995E-01	
265	3.742707E-01	3.261674E-01	3.271419E-01	
266	3.681361E-01	3.232991E-01	3.265394E-01	
267	3.797801E-01	3.257431E-01	3.249883E-01	
268	3.725742E-01	3.173492E-01	3.211115E-01	
269	3.611730E-01	3.165749E-01	3.214932E-01	
270	3.474591E-01	3.213382E-01	3.178382E-01	
271	3.651286E-01	3.180296E-01	3.202432E-01	
272	3.474048E-01	3.108625E-01	3.152091E-01	
273	3.446288E-01	3.130239E-01	3.182855E-01	
274	3.371981E-01	3.133678E-01	3.112314E-01	
275	3.386154E-01	3.077095E-01	3.186941E-01	
276	3.392294E-01	3.054890E-01	3.102093E-01	
277	3.333141E-01	3.072007E-01	3.081392E-01	
278	3.407555E-01	3.063168E-01	3.085234E-01	
279	3.157147E-01	3.098406E-01	3.083084E-01	
280	3.310547E-01	3.056943E-01	3.044298E-01	
281	3.210328E-01	3.069538E-01	3.017382E-01	
282	3.284944E-01	3.060658E-01	3.030001E-01	
283	3.207384E-01	3.029751E-01	3.002763E-01	
284	3.282313E-01	3.029898E-01	3.016223E-01	
285	3.146910E-01	3.036793E-01	2.992324E-01	
286	3.250196E-01	3.045804E-01	2.998366E-01	
287	3.198041E-01	3.023627E-01	3.018133E-01	
288	3.154548E-01	2.968023E-01	2.938131E-01	
289	3.161982E-01	2.991073E-01	2.910249E-01	
290	3.146325E-01	2.970787E-01	2.949416E-01	
291	3.238003E-01	2.954198E-01	2.972856E-01	
292	3.194904E-01	2.954264E-01	2.906601E-01	
293	3.161827E-01	2.962094E-01	2.917988E-01	
294	3.289186E-01	2.974198E-01	2.928548E-01	
295	3.111926E-01	2.951498E-01	2.945993E-01	
296	3.213790E-01	2.955100E-01	2.905010E-01	
297	3.208365E-01	2.958185E-01	2.922057E-01	
298	3.303256E-01	3.002547E-01	2.943350E-01	
299	3.027888E-01	2.944395E-01	2.927782E-01	
300	3.036171E-01	2.948404E-01	2.939289E-01	
301	3.100748E-01	2.962145E-01	2.914848E-01	
302	3.059972E-01	2.980559E-01	2.910918E-01	
303	3.172328E-01	2.963674E-01	2.929096E-01	
304	3.000565E-01	2.985440E-01	2.921889E-01	
305	2.988289E-01	2.962627E-01	2.955462E-01	
306	3.045811E-01	2.927795E-01	2.883478E-01	
307	2.958390E-01	2.969796E-01	2.939867E-01	
308	3.054014E-01	2.943681E-01	2.941425E-01	
309	2.890452E-01	2.955407E-01	2.936051E-01	
310	2.824185E-01	2.965667E-01	2.916945E-01	
311	2.965349E-01	2.959492E-01	2.937690E-01	
312	2.944092E-01	2.990627E-01	2.945112E-01	
313	2.978016E-01	2.940037E-01	2.959608E-01	
314	2.837381E-01	2.951943E-01	2.984653E-01	
315	2.689076E-01	2.950904E-01	2.963425E-01	
316	2.835407E-01	2.920321E-01	2.953050E-01	
317	2.801704E-01	2.947782E-01	2.964195E-01	
318	2.815290E-01	2.930457E-01	2.983684E-01	
319	2.787124E-01	2.903796E-01	2.968907E-01	
320	2.836612E-01	2.924103E-01	2.953673E-01	
321	2.903155E-01	2.954883E-01	3.008701E-01	
322	2.858612E-01	2.932901E-01	2.933502E-01	
323	2.792618E-01	2.926555E-01	2.956009E-01	
324	2.907712E-01	2.949379E-01	2.971855E-01	
325	2.865530E-01	2.959575E-01	2.971737E-01	
326	2.975114E-01	2.908181E-01	2.986272E-01	
327	2.894317E-01	2.928319E-01	2.976214E-01	
328	2.974358E-01	2.928012E-01	2.941868E-01	
329	2.872208E-01	2.910376E-01	2.957831E-01	
330	2.958846E-01	2.935900E-01	2.923072E-01	
331	2.987089E-01	2.951706E-01	2.889217E-01	
332	3.087949E-01	2.934180E-01	2.950893E-01	
333	2.903039E-01	2.910649E-01	2.909332E-01	
334	2.891445E-01	2.934849E-01	2.896775E-01	
335	2.870391E-01	2.933455E-01	2.907172E-01	
336	3.039970E-01	2.965582E-01	2.918004E-01	
337	2.954358E-01	2.983313E-01	2.926398E-01	
338	2.886355E-01	2.956393E-01	2.901224E-01	
339	2.930837E-01	2.992814E-01	2.895832E-01	
340	3.007772E-01	2.953290E-01	2.923088E-01	
341	3.114213E-01	2.915137E-01	2.913096E-01	
342	2.980642E-01	2.916755E-01	2.891314E-01	
343	3.018463E-01	2.917286E-01	2.892398E-01	
344	3.147335E-01	2.928019E-01	2.899916E-01	
345	3.057256E-01	2.907021E-01	2.896972E-01	
346	2.946654E-01	2.908800E-01	2.915566E-01	
347	2.953586E-01	2.927743E-01	2.903594E-01	
348	2.951096E-01	2.918395E-01	2.902487E-01	
349	2.775063E-01	2.954012E-01	2.918824E-01	
350	2.794647E-01	2.886004E-01	2.890387E-01	
351	2.936399E-01	2.846146E-01	2.902672E-01	
352	2.702294E-01	2.874332E-01	2.864730E-01	
353	2.870176E-01	2.861261E-01	2.899374E-01	
354	2.819265E-01	2.856017E-01	2.925734E-01	
355	2.753261E-01	2.861137E-01	2.913966E-01	
356	2.687365E-01	2.888402E-01	2.920006E-01	
357	2.793098E-01	2.851868E-01	2.906615E-01	
358	2.775289E-01	2.863353E-01	2.922349E-01	
359	2.656418E-01	2.869695E-01	2.920985E-01	
360	2.860701E-01	2.852659E-01	2.908097E-01	
361	2.791782E-01	2.850592E-01	2.957615E-01	
362	2.904827E-01	2.859088E-01	2.897201E-01	
363	2.917656E-01	2.869794E-01	2.910396E-01	
364	2.918512E-01	2.787856E-01	2.927392E-01	
365	2.979668E-01	2.864785E-01	2.886848E-01	
366	2.923350E-01	2.812656E-01	2.902541E-01	
367	2.844200E-01	2.796569E-01	2.904922E-01	
368	3.006215E-01	2.825674E-01	2.839839E-01	
369	2.995043E-01	2.809177E-01	2.856985E-01	
370	2.947525E-01	2.805811E-01	2.894321E-01	
371	2.946878E-01	2.790942E-01	2.870988E-01	
372	3.025320E-01	2.819878E-01	2.873397E-01	
373	2.983997E-01	2.774227E-01	2.817332E-01	
374	2.971200E-01	2.817303E-01	2.831126E-01	
375	2.921629E-01	2.819250E-01	2.751719E-01	
376	2.992854E-01	2.797497E-01	2.801249E-01	
377	2.926456E-01	2.762404E-01	2.815648E-01	
378	2.826742E-01	2.812594E-01	2.790049E-01	
379	2.819093E-01	2.762350E-01	2.780526E-01	
380	2.728742E-01	2.732354E-01	2.774939E-01	
381	3.033580E-01	2.796179E-01	2.782842E-01	
382	2.746413E-01	2.750968E-01	2.736950E-01	
383	2.858892E-01	2.828459E-01	2.832086E-01	
384	2.888825E-01	2.755441E-01	2.805208E-01	
385	2.777499E-01	2.724013E-01	2.774343E-01	
386	2.933310E-01	2.792442E-01	2.815990E-01	
387	2.766821E-01	2.788887E-01	2.829996E-01	
388	2.790175E-01	2.800159E-01	2.811350E-01	
389	2.774157E-01	2.765143E-01	2.804911E-01	
390	2.654710E-01	2.799805E-01	2.797282E-01	
391	2.775231E-01	2.762977E-01	2.797143E-01	
392	2.756130E-01	2.821632E-01	2.791046E-01	
393	2.692866E-01	2.839302E-01	2.731701E-01	
394	2.528727E-01	2.757664E-01	2.771005E-01	
395	2.612277E-01	2.832116E-01	2.839293E-01	
396	2.501214E-01	2.852773E-01	2.804949E-01	
397	2.696092E-01	2.868796E-01	2.750621E-01	
398	2.800870E-01	2.848224E-01	2.792476E-01	
399	2.488013E-01	2.912224E-01	2.805254E-01	
400	2.779625E-01	2.829417E-01	2.740780E-01	
401	2.588592E-01	2.829146E-01	2.743189E-01	
402	2.761026E-01	2.890304E-01	2.753961E-01	
403	2.736881E-01	2.872607E-01	2.759593E-01	
404	2.675171E-01	2.884322E-01	2.762659E-01	
405	2.594043E-01	2.867513E-01	2.775425E-01	
406	2.606349E-01	2.904204E-01	2.751017E-01	
407	2.783908E-01	2.869404E-01	2.824624E-01	
408	2.611832E-01	2.926395E-01	2.758967E-01	
409	2.530847E-01	2.914890E-01	2.775463E-01	
410	2.742855E-01	2.942129E-01	2.849725E-01	
411	2.484055E-01	2.983481E-01	2.814182E-01	
412	2.504536E-01	2.867322E-01	2.785621E-01	
413	2.626884E-01	2.961076E-01	2.892763E-01	
414	2.776983E-01	2.966869E-01	2.933067E-01	
415	2.631470E-01	2.992122E-01	2.965526E-01	
416	2.711083E-01	2.981071E-01	2.914943E-01	
417	2.593294E-01	2.926988E-01	2.882601E-01	
418	2.760119E-01	3.074862E-01	2.973425E-01	
419	2.854157E-01	3.013942E-01	2.971090E-01	
420	2.907802E-01	3.009307E-01	2.951484E-01	
421	2.798081E-01	2.957050E-01	3.043204E-01	
422	2.894878E-01	3.040213E-01	3.032378E-01	
423	2.810753E-01	2.964389E-01	3.039398E-01	
424	2.797265E-01	3.075459E-01	2.984571E-01	
425	2.908540E-01	2.972735E-01	2.991035E-01	
426	2.762534E-01	2.994922E-01	3.033266E-01	
427	2.773169E-01	3.007590E-01	2.952432E-01	
428	2.734390E-01	2.881201E-01	3.057862E-01	
429	2.727960E-01	2.929275E-01	3.000195E-01	
430	2.552437E-01	2.950673E-01	3.127292E-01	
431	2.899897E-01	2.947143E-01	3.022350E-01	
432	3.035098E-01	2.927528E-01	3.144164E-01	
433	2.708194E-01	2.980371E-01	3.158262E-01	
434	2.603342E-01	2.869996E-01	3.066106E-01	
435	2.838932E-01	2.860572E-01	3.068007E-01	
436	2.864136E-01	2.902985E-01	3.102995E-01	
437	3.077051E-01	2.883244E-01	3.137665E-01	
438	3.009413E-01	2.896190E-01	3.132000E-01	
439	2.770160E-01	2.738277E-01	3.004485E-01	
440	2.986279E-01	2.831566E-01	3.130886E-01	
441	2.773163E-01	2.937653E-01	3.075272E-01	
442	2.859390E-01	2.933624E-01	3.159080E-01	
443	2.795561E-01	2.865437E-01	2.986183E-01	
444	2.885192E-01	2.965170E-01	3.102956E-01	
445	3.238233E-01	2.902395E-01	3.113018E-01	
446	2.691602E-01	2.870385E-01	2.992025E-01	
447	2.949231E-01	2.882170E-01	2.987495E-01	
448	2.733984E-01	2.946761E-01	3.006137E-01	
449	2.636191E-01	3.009910E-01	3.122901E-01	
450	2.647000E-01	2.852088E-01	2.940469E-01	
451	2.338754E-01	2.831878E-01	2.994980E-01	
452	2.687274E-01	2.986186E-01	3.006168E-01	
453	2.209370E-01	2.938771E-01	2.941904E-01	
454	2.674863E-01	2.933560E-01	3.015577E-01	
455	2.630705E-01	2.982212E-01	2.971221E-01	
456	2.721828E-01	3.076370E-01	2.973857E-01	
457	2.595170E-01	2.934230E-01	3.045665E-01	
458	2.693798E-01	3.073773E-01	3.120558E-01	
459	2.670775E-01	2.972621E-01	3.136790E-01	
460	2.664186E-01	2.932920E-01	2.911663E-01	
461	2.761758E-01	3.155095E-01	3.202665E-01	
462	2.692882E-01	2.870093E-01	3.088855E-01	
463	2.437217E-01	3.255377E-01	3.141097E-01	
464	2.733831E-01	2.902807E-01	3.161539E-01	
465	2.351779E-01	3.006068E-01	3.105304E-01	
466	2.880250E-01	3.079228E-01	3.230775E-01	
467	2.647248E-01	3.085460E-01	3.179520E-01	
468	3.882766E-01	3.156579E-01	3.152389E-01	
469	2.836620E-01	2.982023E-01	2.958061E-01	
470	4.290118E-01	3.130678E-01	3.324737E-01	
471	3.801738E-01	2.923427E-01	3.207968E-01	
472	3.982656E-01	3.064490E-01	3.222572E-01	
473	3.599781E-01	2.746455E-01	3.102121E-01	
474	3.379817E-01	3.108857E-01	3.304153E-01	
475	3.565544E-01	3.082108E-01	3.187674E-01	
476	3.278440E-01	2.935784E-01	3.178036E-01	
477	4.680146E-01	3.392226E-01	3.597501E-01	
478	3.520857E-01	3.157549E-01	2.930728E-01	
479	3.895928E-01	3.475117E-01	3.190886E-01	
480	4.270267E-01	3.190702E-01	2.984405E-01	
481	3.062373E-01	3.703927E-01	3.277338E-01	
482	3.909315E-01	3.182460E-01	3.192499E-01	
483	3.239646E-01	3.362493E-01	3.094643E-01	
484	5.835442E-01	4.236233E-01	3.984829E-01	
485	3.939943E-01	3.271672E-01	3.056103E-01	
486	4.101056E-01	4.310654E-01	3.843136E-01	
487	3.921250E-01	3.293227E-01	3.366382E-01	
488	2.613322E-01	4.094709E-01	3.874659E-01	
489	4.007707E-01	3.554122E-01	3.563007E-01	
490	3.824986E-01	3.949890E-01	3.915584E-01	
491	4.161683E-01	3.968281E-01	3.974258E-01	
492	3.089879E-01	3.800298E-01	3.938692E-01	
493	1.713847E-01	4.657607E-01	5.190224E-01	
494	4.860858E-01	3.769303E-01	3.928087E-01	
495	2.411164E-01	4.392917E-01	4.866681E-01	
496	5.124206E-01	3.961248E-01	3.885239E-01	
497	4.424119E-01	4.649472E-01	3.816791E-01	
498	6.183811E-01	3.512908E-01	4.002536E-01	
499	6.702299E-01	4.478250E-01	3.920895E-01	
500	0	0	0	
501	5.985524E-01	4.186188E-01	4.295224E-01	
502	0	0	0	
503	5.496880E-01	4.269102E-01	4.729462E-01	
504	0	0	0	
505	5.381637E-01	4.657805E-01	5.333992E-01	
506	0	7.515310E-01	7.243544E-01	
507	0	0	0	
508	4.193535E-01	4.617670E-01	5.230971E-01	
509	0	0	0	
510	2.806724E-01	5.404001E-01	5.604595E-01	
511	0	0	0	
512	3.243457E-01	5.424477E-01	6.249300E-01	
513	0	0	0	
514	0	0	0	
515	2.756607E-01	6.874170E-01	5.825740E-01	
516	0	0	0	
517	0	8.099124E-01	6.392679E-01	
518	0	0	0	
519	0	0	5.725191E-01	
520	0	0	0	
521	0	0	0	
522	0	0	0	
523	0	0	0	
524	0	0	0	
525	0	0	0	
526	0	0	0	
527	0	0	0	
528	0	0	0	
529	0	0	0	
530	0	0	0	
531	0	0	0	
532	0	0	0	
533	0	0	0	
534	0	0	0	
535	0	0	0	
536	0	0	0	
537	0	0	0	
538	0	0	0	
539	0	0	0	
540	0	0	0	
541	0	0	0	
542	0	0	0	
543	0	0	0	
544	0	0	0	
545	0	0	0	
546	0	0	0	
547	0	0	0	
548	0	0	0	
549	0	0	0	
550	0	0	0	
551	0	0	0	
552	0	0	0	
553	0	0	0	
554	0	0	0	
555	0	0	0	
556	0	0	0	
557	0	0	0	
558	0	0	0	
559	0	0	0	
560	0	0	0	
561	0	0	0	
562	0	0	0	
563	0	0	0	
564	0	0	0	
565	0	0	0	
566	0	0	0	
567	0	0	0	
568	0	0	0	
569	0	0	0	
570	0	0	0	
571	0	0	0	
572	0	0	0	
573	0	0	0	
574	0	0	0	
575	0	0	0	
576	0	0	0	
577	0	0	0	
578	0	0	0	
579	0	0	0	
580	0	0	0	
581	0	0	0	
582	0	0	0	
583	0	0	0	
584	0	0	0	
585	0	0	0	
586	0	0	0	
587	0	0	0	
588	0	0	0	
589	0	0	0	
590	0	0	0	
591	0	0	0	
592	0	0	0	
593	0	0	0	
594	0	0	0	
595	0	0	0	
596	0	0	0	
597	0	0	0	
598	0	0	0	
599	0	0	0	
#NewRun
0	0	0	0	
1	0	0	0	
2	0	0	0	
3	0	0	0	
4	3.587360E-01	3.223778E-01	3.302269E-01	
5	3.369113E-01	3.315722E-01	3.247989E-01	
6	3.335158E-01	3.481828E-01	3.351779E-01	
7	0	0	0	
8	3.412150E-01	3.286153E-01	3.364576E-01	
9	3.360052E-01	3.348212E-01	3.216371E-01	
10	0	0	0	
11	3.257316E-01	3.376871E-01	3.193662E-01	
12	3.321333E-01	3.365343E-01	3.305660E-01	
13	3.213524E-01	3.307007E-01	3.328756E-01	
14	3.354464E-01	3.261024E-01	3.336057E-01	
15	0	0	0	
16	3.303106E-01	3.349299E-01	3.449798E-01	
17	3.351892E-01	3.326036E-01	3.313781E-01	
18	3.351357E-01	3.342796E-01	3.420204E-01	
19	3.365453E-01	3.363778E-01	3.304345E-01	
20	3.341072E-01	3.355359E-01	3.373634E-01	
21	3.364603E-01	3.366859E-01	3.420870E-01	
22	3.403551E-01	3.294481E-01	3.427821E-01	
23	3.353134E-01	3.341561E-01	3.349805E-01	
24	3.319813E-01	3.376452E-01	3.448771E-01	
25	3.399796E-01	3.323963E-01	3.400019E-01	
26	3.415835E-01	3.318374E-01	3.306422E-01	
27	3.387555E-01	3.316111E-01	3.415644E-01	
28	3.363582E-01	3.361651E-01	3.398105E-01	
29	3.389751E-01	3.345295E-01	3.416714E-01	
30	3.383245E-01	3.300097E-01	3.391550E-01	
31	3.388299E-01	3.307867E-01	3.410540E-01	
32	3.345202E-01	3.293825E-01	3.389389E-01	
33	3.340565E-01	3.356359E-01	3.361590E-01	
34	3.342522E-01	3.331002E-01	3.393050E-01	
35	3.362632E-01	3.338564E-01	3.364769E-01	
36	3.305406E-01	3.334393E-01	3.320166E-01	
37	3.321542E-01	3.337333E-01	3.346119E-01	
38	3.328541E-01	3.271041E-01	3.365505E-01	
39	3.310015E-01	3.333686E-01	3.398108E-01	
40	3.306138E-01	3.331388E-01	3.354311E-01	
41	3.307522E-01	3.332915E-01	3.382816E-01	
42	3.318027E-01	3.282159E-01	3.359725E-01	
43	3.320307E-01	3.307804E-01	3.316135E-01	
44	3.286996E-01	3.362405E-01	3.333777E-01	
45	3.285473E-01	3.287634E-01	3.356391E-01	
46	3.298342E-01	3.278082E-01	3.348586E-01	
47	3.281036E-01	3.274809E-01	3.339325E-01	
48	3.270703E-01	3.289160E-01	3.332478E-01	
49	3.247132E-01	3.324972E-01	3.282254E-01	
50	3.241965E-01	3.296534E-01	3.320184E-01	
51	3.306392E-01	3.258227E-01	3.283753E-01	
52	3.254512E-01	3.276272E-01	3.296278E-01	
53	3.255749E-01	3.288160E-01	3.276988E-01	
54	3.289198E-01	3.276900E-01	3.293681E-01	
55	3.269976E-01	3.284586E-01	3.281255E-01	
56	3.263781E-01	3.294654E-01	3.267229E-01	
57	3.262121E-01	3.284851E-01	3.301200E-01	
58	3.247192E-01	3.297075E-01	3.250431E-01	
59	3.261443E-01	3.298544E-01	3.257636E-01	
60	3.244741E-01	3.268707E-01	3.246311E-01	
61	3.255054E-01	3.258727E-01	3.251459E-01	
62	3.237143E-01	3.267263E-01	3.242816E-01	
63	3.225198E-01	3.282475E-01	3.266562E-01	
64	3.239090E-01	3.278059E-01	3.239379E-01	
65	3.214057E-01	3.267980E-01	3.208619E-01	
66	3.208687E-01	3.263037E-01	3.242271E-01	
67	3.215171E-01	3.263122E-01	3.247036E-01	
68	3.201387E-01	3.252242E-01	3.234497E-01	
69	3.202753E-01	3.280038E-01	3.225413E-01	
70	3.186844E-01	3.272739E-01	3.218926E-01	
71	3.190255E-01	3.260112E-01	3.187082E-01	
72	3.188281E-01	3.299437E-01	3.200216E-01	
73	3.165225E-01	3.248320E-01	3.180812E-01	
74	3.187080E-01	3.266105E-01	3.174858E-01	
75	3.163422E-01	3.268184E-01	3.173245E-01	
76	3.164677E-01	3.270848E-01	3.190384E-01	
77	3.166739E-01	3.228967E-01	3.178189E-01	
78	3.170395E-01	3.234921E-01	3.173368E-01	
79	3.148791E-01	3.230421E-01	3.170386E-01	
80	3.147527E-01	3.234438E-01	3.183188E-01	
81	3.152651E-01	3.239832E-01	3.190448E-01	
82	3.151470E-01	3.228562E-01	3.175749E-01	
83	3.156367E-01	3.229161E-01	3.194583E-01	
84	3.160739E-01	3.218870E-01	3.187870E-01	
85	3.169197E-01	3.191129E-01	3.175882E-01	
86	3.157242E-01	3.200987E-01	3.204453E-01	
87	3.156669E-01	3.208357E-01	3.170474E-01	
88	3.127451E-01	3.192350E-01	3.201824E-01	
89	3.153417E-01	3.177048E-01	3.188643E-01	
90	3.152313E-01	3.168148E-01	3.193339E-01	
91	3.159678E-01	3.172027E-01	3.183910E-01	
92	3.147041E-01	3.158347E-01	3.196901E-01	
93	3.147786E-01	3.159710E-01	3.197366E-01	
94	3.137885E-01	3.167083E-01	3.191467E-01	
95	3.124053E-01	3.171179E-01	3.189862E-01	
96	3.124154E-01	3.145329E-01	3.205602E-01	
97	3.122197E-01	3.158795E-01	3.196399E-01	
98	3.128885E-01	3.153665E-01	3.183838E-01	
99	3.127485E-01	3.146618E-01	3.212944E-01	
100	3.134438E-01	3.162383E-01	3.212496E-01	
101	3.106296E-01	3.172999E-01	3.192959E-01	
102	3.123802E-01	3.163585E-01	3.216096E-01	
103	3.129137E-01	3.186680E-01	3.198818E-01	
104	3.146598E-01	3.185258E-01	3.207191E-01	
105	3.133455E-01	3.173792E-01	3.199454E-01	
106	3.136125E-01	3.170688E-01	3.208187E-01	
107	3.149341E-01	3.182800E-01	3.218877E-01	
108	3.153083E-01	3.192574E-01	3.202914E-01	
109	3.156210E-01	3.206599E-01	3.206845E-01	
110	3.171934E-01	3.197312E-01	3.219102E-01	
111	3.183831E-01	3.215224E-01	3.212129E-01	
112	3.175069E-01	3.227212E-01	3.213524E-01	
113	3.189113E-01	3.219821E-01	3.223977E-01	
114	3.185817E-01	3.214146E-01	3.211743E-01	
115	3.204993E-01	3.239110E-01	3.230544E-01	
116	3.208090E-01	3.246108E-01	3.230584E-01	
117	3.228502E-01	3.255956E-01	3.233223E-01	
118	3.249884E-01	3.251136E-01	3.247323E-01	
119	3.243268E-01	3.257345E-01	3.251261E-01	
120	3.258948E-01	3.271271E-01	3.264912E-01	
121	3.278617E-01	3.291529E-01	3.262762E-01	
122	3.291161E-01	3.285612E-01	3.287094E-01	
123	3.293099E-01	3.308528E-01	3.294846E-01	
124	3.297175E-01	3.298623E-01	3.300033E-01	
125	3.320912E-01	3.301118E-01	3.328150E-01	
126	3.345680E-01	3.326713E-01	3.331716E-01	
127	3.349566E-01	3.334833E-01	3.343387E-01	
128	3.365357E-01	3.339979E-01	3.339025E-01	
129	3.404350E-01	3.373735E-01	3.360328E-01	
130	3.419311E-01	3.385649E-01	3.393416E-01	
131	3.415756E-01	3.401194E-01	3.387979E-01	
132	3.446210E-01	3.398569E-01	3.397892E-01	
133	3.450626E-01	3.415095E-01	3.400376E-01	
134	3.475688E-01	3.434873E-01	3.432405E-01	
135	3.497268E-01	3.455919E-01	3.442353E-01	
136	3.519751E-01	3.451875E-01	3.459441E-01	
137	3.545907E-01	3.456780E-01	3.464476E-01	
138	3.574537E-01	3.478212E-01	3.469240E-01	
139	3.590090E-01	3.493781E-01	3.465420E-01	
140	3.624138E-01	3.496324E-01	3.489471E-01	
141	3.626954E-01	3.534741E-01	3.507912E-01	
142	3.647988E-01	3.526251E-01	3.516153E-01	
143	3.703319E-01	3.556622E-01	3.535094E-01	
144	3.701407E-01	3.551902E-01	3.540473E-01	
145	3.729360E-01	3.572464E-01	3.570677E-01	
146	3.777540E-01	3.582159E-01	3.562543E-01	
147	3.786530E-01	3.625540E-01	3.595278E-01	
148	3.806500E-01	3.615722E-01	3.589662E-01	
149	3.854665E-01	3.640078E-01	3.604082E-01	
150	3.851734E-01	3.659491E-01	3.645786E-01	
151	3.915001E-01	3.676109E-01	3.636286E-01	
152	3.915240E-01	3.711446E-01	3.666131E-01	
153	3.941580E-01	3.700072E-01	3.709864E-01	
154	3.980198E-01	3.762501E-01	3.696003E-01	
155	4.011452E-01	3.768634E-01	3.728678E-01	
156	4.053964E-01	3.776129E-01	3.749558E-01	
157	4.066819E-01	3.815666E-01	3.773282E-01	
158	4.100793E-01	3.803158E-01	3.809120E-01	
159	4.123064E-01	3.844562E-01	3.836049E-01	
160	4.184706E-01	3.840750E-01	3.839090E-01	
161	4.178128E-01	3.869239E-01	3.867278E-01	
162	4.207571E-01	3.900926E-01	3.889641E-01	
163	4.253771E-01	3.903347E-01	3.905023E-01	
164	4.278180E-01	3.930845E-01	3.929949E-01	
165	4.312015E-01	3.932876E-01	3.945858E-01	
166	4.344234E-01	3.968484E-01	3.972984E-01	
167	4.350003E-01	3.945915E-01	4.003518E-01	
168	4.379054E-01	3.984414E-01	4.001506E-01	
169	4.416289E-01	3.996993E-01	4.027215E-01	
170	4.453054E-01	4.044370E-01	4.064426E-01	
171	4.470468E-01	4.060531E-01	4.087484E-01	
172	4.492102E-01	4.059424E-01	4.103022E-01	
173	4.528484E-01	4.122485E-01	4.112746E-01	
174	4.573773E-01	4.134674E-01	4.123089E-01	
175	4.561934E-01	4.127264E-01	4.136922E-01	
176	4.618700E-01	4.141832E-01	4.148281E-01	
177	4.659427E-01	4.141885E-01	4.144739E-01	
178	4.638544E-01	4.163201E-01	4.174596E-01	
179	4.694252E-01	4.179552E-01	4.173990E-01	
180	4.707847E-01	4.198981E-01	4.166644E-01	
181	4.719006E-01	4.173684E-01	4.224293E-01	
182	4.775714E-01	4.222475E-01	4.204539E-01	
183	4.826999E-01	4.188100E-01	4.229342E-01	
184	4.807311E-01	4.203843E-01	4.229558E-01	
185	4.842611E-01	4.224572E-01	4.231248E-01	
186	4.883430E-01	4.206882E-01	4.274436E-01	
187	4.862929E-01	4.198910E-01	4.250380E-01	
188	4.892191E-01	4.193609E-01	4.270807E-01	
189	4.915162E-01	4.193944E-01	4.299747E-01	
190	4.938065E-01	4.209046E-01	4.317479E-01	
191	5.032589E-01	4.207573E-01	4.297150E-01	
192	4.983625E-01	4.196488E-01	4.312363E-01	
193	5.006545E-01	4.211916E-01	4.299394E-01	
194	5.073798E-01	4.183852E-01	4.281114E-01	
195	5.128353E-01	4.159535E-01	4.300156E-01	
196	5.139068E-01	4.172351E-01	4.323454E-01	
197	5.108252E-01	4.204992E-01	4.298060E-01	
198	5.173483E-01	4.180302E-01	4.300854E-01	
199	5.206042E-01	4.133150E-01	4.291208E-01	
200	5.280306E-01	4.118183E-01	4.300291E-01	
201	5.261425E-01	4.163229E-01	4.253392E-01	
202	5.267258E-01	4.122315E-01	4.282252E-01	
203	5.293201E-01	4.137772E-01	4.231704E-01	
204	5.292722E-01	4.085368E-01	4.265626E-01	
205	5.315625E-01	4.079919E-01	4.196474E-01	
206	5.296126E-01	4.103625E-01	4.230032E-01	
207	5.311394E-01	4.040360E-01	4.212173E-01	
208	5.309220E-01	4.067364E-01	4.216223E-01	
209	5.401656E-01	4.049471E-01	4.142347E-01	
210	5.333879E-01	4.056686E-01	4.185086E-01	
211	5.419335E-01	4.060653E-01	4.151555E-01	
212	5.313243E-01	4.068203E-01	4.119089E-01	
213	5.385698E-01	4.041615E-01	4.088975E-01	
214	5.413244E-01	4.007517E-01	4.110594E-01	
215	5.298757E-01	3.984884E-01	4.070941E-01	
216	5.347420E-01	3.972533E-01	4.033634E-01	
217	5.341054E-01	3.981671E-01	4.034467E-01	
218	5.318421E-01	3.919963E-01	4.010022E-01	
219	5.332105E-01	3.954365E-01	4.035561E-01	
220	5.303312E-01	3.925006E-01	4.004219E-01	
221	5.268541E-01	3.872037E-01	4.015345E-01	
222	5.204581E-01	3.856749E-01	3.967805E-01	
223	5.359459E-01	3.878893E-01	3.918529E-01	
224	5.234478E-01	3.897763E-01	3.958866E-01	
225	5.285110E-01	3.846011E-01	3.985220E-01	
226	5.145681E-01	3.830511E-01	3.911588E-01	
227	5.208606E-01	3.823913E-01	3.923552E-01	
228	5.152052E-01	3.834860E-01	3.877799E-01	
229	5.093613E-01	3.809546E-01	3.883722E-01	
230	5.108546E-01	3.783173E-01	3.867264E-01	
231	5.145304E-01	3.784553E-01	3.829412E-01	
232	5.014048E-01	3.758086E-01	3.829565E-01	
233	5.127886E-01	3.759098E-01	3.817075E-01	
234	4.913528E-01	3.715464E-01	3.779971E-01	
235	4.929764E-01	3.732493E-01	3.731763E-01	
236	4.916071E-01	3.703075E-01	3.762933E-01	
237	4.848386E-01	3.668203E-01	3.668592E-01	
238	4.794261E-01	3.670233E-01	3.713245E-01	
239	4.929742E-01	3.643729E-01	3.693845E-01	
240	4.634260E-01	3.636031E-01	3.691699E-01	
241	4.680341E-01	3.620687E-01	3.637102E-01	
242	4.481328E-01	3.628898E-01	3.647028E-01	
243	4.450739E-01	3.617406E-01	3.598287E-01	
244	4.293701E-01	3.577498E-01	3.609461E-01	
245	4.372824E-01	3.625742E-01	3.565410E-01	
246	4.259850E-01	3.580575E-01	3.557187E-01	
247	4.389322E-01	3.564828E-01	3.526396E-01	
248	4.243053E-01	3.519872E-01	3.526024E-01	
249	4.317838E-01	3.554755E-01	3.533225E-01	
250	4.336303E-01	3.556595E-01	3.421707E-01	
251	4.236393E-01	3.496672E-01	3.439836E-01	
252	4.071169E-01	3.473143E-01	3.422578E-01	
253	4.021380E-01	3.447122E-01	3.455826E-01	
254	4.084321E-01	3.433950E-01	3.420265E-01	
255	4.004573E-01	3.459491E-01	3.385128E-01	
256	3.994750E-01	3.391249E-01	3.389855E-01	
257	3.890965E-01	3.405461E-01	3.373183E-01	
258	3.804489E-01	3.361238E-01	3.351061E-01	
259	3.882888E-01	3.341154E-01	3.360977E-01	
260	3.890405E-01	3.331785E-01	3.286496E-01	
261	3.735311E-01	3.331926E-01	3.289912E-01	
262	3.647363E-01	3.281813E-01	3.313195E-01	
263	3.789763E-01	3.330361E-01	3.261059E-01	
264	3.671903E-01	3.292541E-01	3.217596E-01	
265	3.741133E-01	3.279505E-01	3.223873E-01	
266	3.540093E-01	3.296337E-01	3.277493E-01	
267	3.556968E-01	3.260631E-01	3.201324E-01	
268	3.570908E-01	3.281784E-01	3.187477E-01	
269	3.541978E-01	3.239286E-01	3.202565E-01	
270	3.449279E-01	3.228667E-01	3.211268E-01	
271	3.430056E-01	3.211589E-01	3.182719E-01	
272	3.289966E-01	3.256350E-01	3.158559E-01	
273	3.345203E-01	3.149118E-01	3.139345E-01	
274	3.275820E-01	3.217856E-01	3.143875E-01	
275	3.096642E-01	3.167306E-01	3.140354E-01	
276	3.224845E-01	3.140805E-01	3.116264E-01	
277	3.147833E-01	3.132706E-01	3.104612E-01	
278	3.187056E-01	3.101936E-01	3.102985E-01	
279	3.151365E-01	3.123031E-01	3.062590E-01	
280	3.275737E-01	3.100131E-01	3.098951E-01	
281	3.123279E-01	3.053034E-01	3.022067E-01	
282	2.950594E-01	3.025156E-01	3.064539E-01	
283	2.982494E-01	3.058325E-01	3.054418E-01	
284	3.080851E-01	3.026866E-01	2.989371E-01	
285	3.170977E-01	3.021850E-01	2.959285E-01	
286	3.047280E-01	3.008286E-01	3.011173E-01	
287	3.000136E-01	3.009114E-01	2.950105E-01	
288	3.093218E-01	2.981728E-01	2.928927E-01	
289	3.059965E-01	2.984775E-01	2.963446E-01	
290	3.215535E-01	2.953376E-01	2.923294E-01	
291	3.203632E-01	2.969953E-01	2.944118E-01	
292	3.190667E-01	2.952969E-01	2.911560E-01	
293	3.090799E-01	2.956411E-01	2.955023E-01	
294	3.211673E-01	2.982003E-01	2.905560E-01	
295	3.126160E-01	2.953096E-01	2.929857E-01	
296	3.070769E-01	2.943230E-01	2.953154E-01	
297	3.135557E-01	2.961751E-01	2.883225E-01	
298	3.105904E-01	2.985931E-01	2.919051E-01	
299	3.130901E-01	2.963554E-01	2.911502E-01	
300	3.329397E-01	2.945390E-01	2.917074E-01	
301	3.049593E-01	2.953752E-01	2.897819E-01	
302	3.118940E-01	2.951707E-01	2.878732E-01	
303	3.030552E-01	2.972570E-01	2.896113E-01	
304	3.195311E-01	2.961129E-01	2.882597E-01	
305	2.990330E-01	2.988172E-01	2.921379E-01	
306	2.997513E-01	2.926836E-01	2.891863E-01	
307	3.108466E-01	2.946614E-01	2.890687E-01	
308	3.067757E-01	2.964389E-01	2.883773E-01	
309	2.976058E-01	2.944762E-01	2.887934E-01	
310	3.018902E-01	3.001083E-01	2.902111E-01	
311	3.048791E-01	2.951443E-01	2.902407E-01	
312	3.061329E-01	2.962490E-01	2.890272E-01	
313	2.969160E-01	2.927435E-01	2.879592E-01	
314	2.982653E-01	2.969480E-01	2.918560E-01	
315	3.054942E-01	2.908173E-01	2.861172E-01	
316	3.133862E-01	2.923798E-01	2.904133E-01	
317	2.988852E-01	2.930880E-01	2.865027E-01	
318	2.885246E-01	2.934366E-01	2.883158E-01	
319	3.075659E-01	2.983219E-01	2.885178E-01	
320	2.867100E-01	2.898631E-01	2.871611E-01	
321	2.972180E-01	2.937070E-01	2.910379E-01	
322	2.977974E-01	2.932404E-01	2.885161E-01	
323	3.013535E-01	2.963364E-01	2.896950E-01	
324	2.928393E-01	2.932705E-01	2.874975E-01	
325	2.931787E-01	2.931335E-01	2.891150E-01	
326	3.010616E-01	2.925122E-01	2.894185E-01	
327	3.013791E-01	2.917720E-01	2.877238E-01	
328	3.028559E-01	2.940854E-01	2.898889E-01	
329	2.931397E-01	2.897295E-01	2.921010E-01	
330	2.894693E-01	2.940802E-01	2.877966E-01	
331	3.078063E-01	2.911072E-01	2.893511E-01	
332	2.934187E-01	2.916422E-01	2.867632E-01	
333	3.016313E-01	2.905349E-01	2.891697E-01	
334	3.157122E-01	2.883634E-01	2.866671E-01	
335	3.152491E-01	2.895811E-01	2.871668E-01	
336	3.194275E-01	2.906640E-01	2.887819E-01	
337	3.196714E-01	2.925837E-01	2.878401E-01	
338	3.163373E-01	2.892812E-01	2.859416E-01	
339	3.085123E-01	2.870796E-01	2.879188E-01	
340	3.235935E-01	2.897150E-01	2.876892E-01	
341	3.097022E-01	2.856705E-01	2.853414E-01	
342	3.179085E-01	2.885738E-01	2.843967E-01	
343	3.054719E-01	2.879610E-01	2.837669E-01	
344	3.214564E-01	2.876283E-01	2.856669E-01	
345	3.132066E-01	2.871287E-01	2.885528E-01	
346	3.220942E-01	2.881600E-01	2.868440E-01	
347	3.157179E-01	2.876947E-01	2.849725E-01	
348	3.056110E-01	2.852028E-01	2.867386E-01	
349	3.067463E-01	2.929826E-01	2.882332E-01	
350	3.128476E-01	2.862347E-01	2.818143E-01	
351	3.057938E-01	2.861680E-01	2.873328E-01	
352	3.092692E-01	2.893764E-01	2.825427E-01	
353	3.077489E-01	2.902520E-01	2.865906E-01	
354	2.935609E-01	2.820374E-01	2.842331E-01	
355	3.015941E-01	2.854572E-01	2.856878E-01	
356	2.996158E-01	2.843780E-01	2.842459E-01	
357	2.938737E-01	2.826708E-01	2.862319E-01	
358	2.949140E-01	2.885778E-01	2.846971E-01	
359	2.899888E-01	2.817589E-01	2.835323E-01	
360	2.881328E-01	2.832263E-01	2.823489E-01	
361	2.915146E-01	2.824277E-01	2.813062E-01	
362	2.807978E-01	2.848937E-01	2.763492E-01	
363	2.853421E-01	2.831178E-01	2.830286E-01	
364	3.006250E-01	2.831452E-01	2.810217E-01	
365	2.965385E-01	2.809270E-01	2.756262E-01	
366	2.922006E-01	2.819506E-01	2.809375E-01	
367	2.912687E-01	2.835451E-01	2.824138E-01	
368	2.702282E-01	2.811450E-01	2.769676E-01	
369	2.923815E-01	2.836446E-01	2.722218E-01	
370	2.863557E-01	2.782342E-01	2.750420E-01	
371	2.840784E-01	2.810553E-01	2.720895E-01	
372	2.847049E-01	2.819010E-01	2.801902E-01	
373	2.914108E-01	2.746128E-01	2.748869E-01	
374	2.924488E-01	2.799189E-01	2.777993E-01	
375	2.806086E-01	2.816839E-01	2.732166E-01	
376	2.846981E-01	2.830183E-01	2.748777E-01	
377	2.972651E-01	2.834738E-01	2.785934E-01	
378	2.901187E-01	2.820041E-01	2.797979E-01	
379	2.998468E-01	2.769476E-01	2.739634E-01	
380	2.946875E-01	2.782456E-01	2.756368E-01	
381	3.059785E-01	2.807187E-01	2.734755E-01	
382	2.930870E-01	2.786475E-01	2.727936E-01	
383	2.953290E-01	2.793902E-01	2.818891E-01	
384	2.930593E-01	2.793804E-01	2.783564E-01	
385	2.821712E-01	2.776957E-01	2.705332E-01	
386	2.858125E-01	2.868435E-01	2.763955E-01	
387	2.910021E-01	2.761868E-01	2.731441E-01	
388	2.782684E-01	2.822504E-01	2.750002E-01	
389	2.963818E-01	2.848605E-01	2.803165E-01	
390	2.755103E-01	2.782393E-01	2.745767E-01	
391	3.017374E-01	2.817102E-01	2.777364E-01	
392	2.861757E-01	2.845211E-01	2.709461E-01	
393	2.770386E-01	2.798158E-01	2.748417E-01	
394	2.722667E-01	2.805467E-01	2.812656E-01	
395	2.937957E-01	2.856016E-01	2.789007E-01	
396	2.802726E-01	2.764306E-01	2.784254E-01	
397	2.890460E-01	2.802815E-01	2.801240E-01	
398	2.899219E-01	2.810946E-01	2.803567E-01	
399	2.860850E-01	2.832067E-01	2.788364E-01	
400	2.953727E-01	2.802407E-01	2.793075E-01	
401	2.774155E-01	2.825766E-01	2.766937E-01	
402	2.929209E-01	2.823931E-01	2.837951E-01	
403	2.953826E-01	2.860322E-01	2.806666E-01	
404	3.025715E-01	2.813517E-01	2.773172E-01	
405	2.947432E-01	2.844688E-01	2.820972E-01	
406	2.808182E-01	2.833778E-01	2.763168E-01	
407	2.974964E-01	2.904528E-01	2.852137E-01	
408	2.998208E-01	2.880795E-01	2.818551E-01	
409	3.036588E-01	2.874161E-01	2.763645E-01	
410	3.050308E-01	2.890367E-01	2.898159E-01	
411	2.893202E-01	2.913171E-01	2.832329E-01	
412	2.939333E-01	2.893279E-01	2.780690E-01	
413	2.836622E-01	2.904125E-01	2.870264E-01	
414	2.840103E-01	2.913329E-01	2.839837E-01	
415	2.898379E-01	2.952836E-01	2.922668E-01	
416	2.913690E-01	2.987621E-01	2.891675E-01	
417	2.824466E-01	2.981769E-01	2.818012E-01	
418	2.682386E-01	2.951896E-01	2.917757E-01	
419	2.770460E-01	2.961523E-01	2.913008E-01	
420	2.864048E-01	2.902081E-01	2.941749E-01	
421	2.581773E-01	2.930400E-01	2.932977E-01	
422	2.720783E-01	2.956828E-01	2.925882E-01	
423	2.775980E-01	2.894912E-01	2.944034E-01	
424	2.726489E-01	2.792197E-01	2.964773E-01	
425	2.821716E-01	2.877346E-01	2.967693E-01	
426	2.912243E-01	2.865632E-01	2.981459E-01	
427	2.858329E-01	2.828546E-01	2.985575E-01	
428	2.728580E-01	2.828962E-01	2.947007E-01	
429	2.716568E-01	2.825594E-01	2.860275E-01	
430	2.857818E-01	2.895015E-01	2.967861E-01	
431	3.015763E-01	2.848675E-01	2.891814E-01	
432	2.924856E-01	2.859953E-01	2.898289E-01	
433	2.821708E-01	2.831791E-01	2.974440E-01	
434	3.012551E-01	2.847292E-01	2.918827E-01	
435	2.945900E-01	2.939049E-01	2.982448E-01	
436	3.202865E-01	2.863623E-01	2.854088E-01	
437	3.001462E-01	2.842305E-01	2.934521E-01	
438	3.158936E-01	2.821451E-01	2.826271E-01	
439	3.372424E-01	2.840963E-01	2.808728E-01	
440	3.158578E-01	2.809466E-01	2.941413E-01	
441	2.982612E-01	2.848756E-01	2.871912E-01	
442	3.444451E-01	2.951303E-01	2.971895E-01	
443	3.418430E-01	2.859981E-01	2.818702E-01	
444	3.712915E-01	2.885981E-01	2.868796E-01	
445	3.535473E-01	2.992984E-01	3.015955E-01	
446	3.630944E-01	2.874446E-01	2.897270E-01	
447	3.583176E-01	2.971770E-01	3.004457E-01	
448	3.736353E-01	2.949447E-01	3.015554E-01	
449	3.781669E-01	2.997719E-01	2.937458E-01	
450	4.064393E-01	3.008726E-01	3.069947E-01	
451	3.982153E-01	2.960561E-01	3.055994E-01	
452	3.974454E-01	3.073277E-01	2.982379E-01	
453	4.206875E-01	3.045558E-01	2.993043E-01	
454	3.566456E-01	3.061571E-01	2.961417E-01	
455	3.984206E-01	3.042354E-01	3.017033E-01	
456	3.832262E-01	3.048678E-01	2.980893E-01	
457	3.221034E-01	3.082157E-01	2.878647E-01	
458	3.961506E-01	3.107986E-01	3.039215E-01	
459	3.219609E-01	3.191321E-01	2.939301E-01	
460	3.374318E-01	2.872415E-01	2.974799E-01	
461	3.543869E-01	3.129869E-01	3.076969E-01	
462	3.180017E-01	2.932065E-01	2.897086E-01	
463	3.038130E-01	3.099447E-01	3.128730E-01	
464	2.771604E-01	3.037278E-01	2.946186E-01	
465	3.246147E-01	3.001810E-01	2.936767E-01	
466	2.705950E-01	3.099332E-01	2.940265E-01	
467	2.551919E-01	2.925764E-01	2.998601E-01	
468	2.919066E-01	3.218748E-01	3.182431E-01	
469	2.783640E-01	2.991362E-01	2.987976E-01	
470	2.609594E-01	3.163708E-01	3.089052E-01	
471	3.070432E-01	2.930593E-01	2.869586E-01	
472	2.994390E-01	3.116260E-01	3.081042E-01	
473	2.832817E-01	2.925252E-01	2.818840E-01	
474	2.513467E-01	3.343751E-01	3.182454E-01	
475	3.686032E-01	3.080389E-01	3.066056E-01	
476	2.490535E-01	3.374181E-01	3.065847E-01	
477	4.029276E-01	3.597019E-01	3.714337E-01	
478	2.845232E-01	3.101069E-01	3.057157E-01	
479	2.874924E-01	3.512533E-01	3.468544E-01	
480	3.228268E-01	3.222789E-01	3.056539E-01	
481	3.905457E-01	3.731312E-01	3.363279E-01	
482	3.309595E-01	3.188160E-01	3.424098E-01	
483	4.032756E-01	3.405455E-01	3.326498E-01	
484	2.125138E-01	4.005992E-01	4.833324E-01	
485	3.168553E-01	3.169356E-01	3.219071E-01	
486	3.138267E-01	4.195801E-01	4.517388E-01	
487	3.485364E-01	3.198339E-01	3.311586E-01	
488	3.175751E-01	4.005081E-01	4.291155E-01	
489	3.407402E-01	3.181954E-01	3.485072E-01	
490	2.380842E-01	3.884698E-01	4.106711E-01	
491	2.813922E-01	3.260070E-01	4.304467E-01	
492	3.182896E-01	3.750893E-01	3.660360E-01	
493	5.014726E-01	4.973205E-01	5.056383E-01	
494	3.560766E-01	3.826157E-01	4.169994E-01	
495	3.895678E-01	4.539154E-01	4.813406E-01	
496	3.949045E-01	4.117711E-01	4.181206E-01	
497	3.802570E-01	5.154073E-01	4.793981E-01	
498	3.979994E-01	4.175383E-01	4.333109E-01	
499	3.654795E-01	4.721541E-01	4.412640E-01	
500	0	0	0	
501	3.874394E-01	4.448736E-01	4.752655E-01	
502	0	0	0	
503	4.504671E-01	4.547764E-01	5.225292E-01	
504	0	0	0	
505	4.677475E-01	4.682934E-01	5.454672E-01	
506	4.342860E-01	4.445473E-01	6.123252E-01	
507	0	0	0	
508	5.219271E-01	5.087958E-01	6.389434E-01	
509	0	0	0	
510	4.523233E-01	5.654525E-01	6.828021E-01	
511	0	0	0	
512	0	6.352809E-01	6.842674E-01	
513	0	0	0	
514	0	0	0	
515	0	6.701137E-01	7.442145E-01	
516	0	0	0	
517	0	7.202340E-01	7.427893E-01	
518	0	0	0	
519	0	0	8.464023E-01	
520	0	0	0	
521	0	0	0	
522	0	0	0	
523	0	0	0	
524	0	0	0	
525	0	0	0	
526	0	0	0	
527	0	0	0	
528	0	0	0	
529	0	0	0	
530	0	0	0	
531	0	0	0	
532	0	0	0	
533	0	0	0	
534	0	0	0	
535	0	0	0	
536	0	0	0	
537	0	0	0	
538	0	0	0	
539	0	0	0	
540	0	0	0	
541	0	0	0	
542	0	0	0	
543	0	0	0	
544	0	0	0	
545	0	0	0	
546	0	0	0	
547	0	0	0	
548	0	0	0	
549	0	0	0	
550	0	0	0	
551	0	0	0	
552	0	0	0	
553	0	0	0	
554	0	0	0	
555	0	0	0	
556	0	0	0	
557	0	0	0	
558	0	0	0	
559	0	0	0	
560	0	0	0	
561	0	0	0	
562	0	0	0	
563	0	0	0	
564	0	0	0	
565	0	0	0	
566	0	0	0	
567	0	0	0	
568	0	0	0	
569	0	0	0	
570	0	0	0	
571	0	0	0	
572	0	0	0	
573	0	0	0	
574	0	0	0	
575	0	0	0	
576	0	0	0	
577	0	0	0	
578	0	0	0	
579	0	0	0	
580	0	0	0	
581	0	0	0	
582	0	0	0	
583	0	0	0	
584	0	0	0	
585	0	0	0	
586	0	0	0	
587	0	0	0	
588	0	0	0	
589	0	0	0	
590	0	0	0	
591	0	0	0	
592	0	0	0	
593	0	0	0	
594	0	0	0	
595	0	0	0	
596	0	0	0	
597	0	0	0	
598	0	0	0	
599	0	0	0	
#NewRun
