#COM_Bin	Avg_cosine_squared
#Order is chain type
0	0	0	0	
1	0	0	0	
2	0	0	0	
3	0	0	0	
4	3.327575E-01	3.677264E-01	3.781515E-01	
5	3.362001E-01	2.639382E-01	2.658583E-01	
6	3.373926E-01	3.688695E-01	3.110750E-01	
7	0	0	0	
8	3.427139E-01	2.530397E-01	4.644195E-01	
9	3.443200E-01	3.504698E-01	4.104480E-01	
10	0	0	0	
11	3.395294E-01	1.892519E-01	2.436628E-01	
12	3.376756E-01	2.664724E-01	2.598941E-01	
13	3.311170E-01	3.607852E-01	3.520386E-01	
14	3.408084E-01	3.725048E-01	3.239632E-01	
15	0	0	0	
16	3.431042E-01	3.628145E-01	2.771463E-01	
17	3.310071E-01	3.336292E-01	3.577222E-01	
18	3.428400E-01	2.960345E-01	3.405139E-01	
19	3.384179E-01	2.098258E-01	4.319621E-01	
20	3.384959E-01	3.910598E-01	3.607698E-01	
21	3.357492E-01	3.090193E-01	3.903861E-01	
22	3.381920E-01	3.899024E-01	2.949639E-01	
23	3.353909E-01	3.374072E-01	2.488216E-01	
24	3.360162E-01	2.632649E-01	3.277378E-01	
25	3.341866E-01	3.275817E-01	3.325854E-01	
26	3.414114E-01	3.214525E-01	3.894630E-01	
27	3.375488E-01	3.729384E-01	3.265846E-01	
28	3.374368E-01	3.198397E-01	3.553809E-01	
29	3.331597E-01	3.138519E-01	3.523860E-01	
30	3.361464E-01	3.410158E-01	3.105451E-01	
31	3.273538E-01	3.361341E-01	3.180091E-01	
32	3.336342E-01	3.163785E-01	3.819701E-01	
33	3.338919E-01	3.256940E-01	3.568727E-01	
34	3.301926E-01	3.071212E-01	3.191015E-01	
35	3.319209E-01	3.558612E-01	2.931409E-01	
36	3.342812E-01	3.333618E-01	3.145228E-01	
37	3.304514E-01	3.282074E-01	3.076088E-01	
38	3.310340E-01	3.389571E-01	3.355765E-01	
39	3.315007E-01	2.972189E-01	3.235706E-01	
40	3.315539E-01	3.480869E-01	3.438200E-01	
41	3.318502E-01	3.079274E-01	3.316721E-01	
42	3.307993E-01	3.399836E-01	3.406964E-01	
43	3.271825E-01	3.391082E-01	3.526941E-01	
44	3.305078E-01	3.163170E-01	3.497657E-01	
45	3.291438E-01	3.625970E-01	3.022189E-01	
46	3.318886E-01	3.208495E-01	3.352775E-01	
47	3.322109E-01	2.753096E-01	2.812360E-01	
48	3.309533E-01	3.413522E-01	3.452474E-01	
49	3.326671E-01	3.644307E-01	3.607489E-01	
50	3.308708E-01	3.088630E-01	3.125671E-01	
51	3.326277E-01	3.074471E-01	3.306204E-01	
52	3.298450E-01	3.311082E-01	3.229815E-01	
53	3.298213E-01	2.983939E-01	3.192412E-01	
54	3.297717E-01	3.290252E-01	3.190214E-01	
55	3.293562E-01	3.458344E-01	3.044082E-01	
56	3.270729E-01	3.461698E-01	3.327360E-01	
57	3.277872E-01	3.317625E-01	3.256764E-01	
58	3.287658E-01	3.228692E-01	3.408205E-01	
59	3.271557E-01	3.349882E-01	3.658669E-01	
60	3.286986E-01	3.307844E-01	3.497596E-01	
61	3.258111E-01	3.249748E-01	3.351837E-01	
62	3.273044E-01	3.108344E-01	3.545776E-01	
63	3.263804E-01	3.378506E-01	3.469743E-01	
64	3.284764E-01	3.190047E-01	3.270810E-01	
65	3.267093E-01	3.558801E-01	3.031960E-01	
66	3.276122E-01	3.351873E-01	3.170359E-01	
67	3.273153E-01	3.458018E-01	3.216609E-01	
68	3.254631E-01	3.205178E-01	3.208002E-01	
69	3.250975E-01	3.270366E-01	3.352842E-01	
70	3.259737E-01	3.436411E-01	3.375278E-01	
71	3.258882E-01	3.221703E-01	3.389097E-01	
72	3.255429E-01	3.358309E-01	3.086114E-01	
73	3.259348E-01	3.452610E-01	3.153441E-01	
74	3.252130E-01	3.531867E-01	3.462999E-01	
75	3.282719E-01	3.360953E-01	3.401795E-01	
76	3.256031E-01	3.395115E-01	3.365796E-01	
77	3.281380E-01	3.427931E-01	3.320976E-01	
78	3.261848E-01	3.336811E-01	3.242846E-01	
79	3.272288E-01	3.492789E-01	3.054534E-01	
80	3.271449E-01	3.211301E-01	3.315960E-01	
81	3.279769E-01	3.229938E-01	3.230480E-01	
82	3.278212E-01	3.448578E-01	3.455888E-01	
83	3.298742E-01	3.514726E-01	3.307663E-01	
84	3.314753E-01	3.386477E-01	3.357755E-01	
85	3.298865E-01	3.381908E-01	3.462188E-01	
86	3.315188E-01	3.455340E-01	3.400474E-01	
87	3.309537E-01	3.395203E-01	3.388018E-01	
88	3.320521E-01	3.272185E-01	3.466359E-01	
89	3.345889E-01	3.433935E-01	3.368401E-01	
90	3.316623E-01	3.442513E-01	3.338431E-01	
91	3.341854E-01	3.453715E-01	3.484567E-01	
92	3.332406E-01	3.437858E-01	3.324575E-01	
93	3.336998E-01	3.432476E-01	3.273029E-01	
94	3.350923E-01	3.288213E-01	3.396983E-01	
95	3.347344E-01	3.345204E-01	3.227721E-01	
96	3.346700E-01	3.498392E-01	3.410204E-01	
97	3.363254E-01	3.390984E-01	3.344355E-01	
98	3.377710E-01	3.348060E-01	3.482845E-01	
99	3.369622E-01	3.326145E-01	3.474248E-01	
100	3.386768E-01	3.439834E-01	3.403245E-01	
101	3.404347E-01	3.351826E-01	3.119079E-01	
102	3.413817E-01	3.551262E-01	3.350290E-01	
103	3.413081E-01	3.414858E-01	3.511797E-01	
104	3.431689E-01	3.332140E-01	3.298228E-01	
105	3.414974E-01	3.374636E-01	3.258213E-01	
106	3.429989E-01	3.542662E-01	3.252109E-01	
107	3.436740E-01	3.616025E-01	3.267425E-01	
108	3.448618E-01	3.509727E-01	3.282978E-01	
109	3.424068E-01	3.496968E-01	3.351287E-01	
110	3.454568E-01	3.443955E-01	3.357170E-01	
111	3.453603E-01	3.415709E-01	3.730156E-01	
112	3.461289E-01	3.345538E-01	3.551546E-01	
113	3.481365E-01	3.493157E-01	3.550755E-01	
114	3.483901E-01	3.401722E-01	3.488833E-01	
115	3.489185E-01	3.660161E-01	3.438761E-01	
116	3.516069E-01	3.316275E-01	3.423373E-01	
117	3.503233E-01	3.498516E-01	3.393851E-01	
118	3.520509E-01	3.461487E-01	3.476824E-01	
119	3.548286E-01	3.716943E-01	3.373874E-01	
120	3.526478E-01	3.508421E-01	3.159125E-01	
121	3.542071E-01	3.598188E-01	3.306428E-01	
122	3.547988E-01	3.610382E-01	3.496285E-01	
123	3.564567E-01	3.691661E-01	3.336098E-01	
124	3.571073E-01	3.540641E-01	3.289043E-01	
125	3.559037E-01	3.358904E-01	3.531511E-01	
126	3.576100E-01	3.299751E-01	3.489442E-01	
127	3.590296E-01	3.465384E-01	3.525760E-01	
128	3.573448E-01	3.547020E-01	3.419135E-01	
129	3.590737E-01	3.627797E-01	3.310773E-01	
130	3.614513E-01	3.412240E-01	3.629352E-01	
131	3.581271E-01	3.416260E-01	3.438304E-01	
132	3.608863E-01	3.604772E-01	3.608406E-01	
133	3.616529E-01	3.647589E-01	3.508791E-01	
134	3.637443E-01	3.665144E-01	3.684850E-01	
135	3.622051E-01	3.376561E-01	3.431548E-01	
136	3.633200E-01	3.625458E-01	3.728769E-01	
137	3.642147E-01	3.484152E-01	3.405219E-01	
138	3.650260E-01	3.632740E-01	3.516249E-01	
139	3.684682E-01	3.493249E-01	3.549300E-01	
140	3.672913E-01	3.701068E-01	3.545076E-01	
141	3.706630E-01	3.616240E-01	3.688213E-01	
142	3.703489E-01	3.510387E-01	3.511223E-01	
143	3.739312E-01	3.552369E-01	3.773935E-01	
144	3.744719E-01	3.439841E-01	3.566180E-01	
145	3.721286E-01	3.541856E-01	3.485242E-01	
146	3.772851E-01	3.663306E-01	3.511149E-01	
147	3.753281E-01	3.680675E-01	3.475767E-01	
148	3.754437E-01	3.524755E-01	3.544641E-01	
149	3.786397E-01	3.552158E-01	3.757192E-01	
150	3.790627E-01	3.804171E-01	3.766971E-01	
151	3.792149E-01	3.686681E-01	3.602440E-01	
152	3.787900E-01	3.617620E-01	3.526466E-01	
153	3.814394E-01	3.715451E-01	3.767693E-01	
154	3.817249E-01	3.598273E-01	3.340466E-01	
155	3.838238E-01	3.572353E-01	3.474989E-01	
156	3.844987E-01	3.868317E-01	3.602472E-01	
157	3.885080E-01	3.592805E-01	3.588128E-01	
158	3.863239E-01	3.638995E-01	3.693562E-01	
159	3.878116E-01	3.763570E-01	3.576215E-01	
160	3.904373E-01	3.807471E-01	3.581113E-01	
161	3.913518E-01	3.831167E-01	3.755245E-01	
162	3.904300E-01	3.595733E-01	3.466403E-01	
163	3.890791E-01	3.696933E-01	3.455647E-01	
164	3.949436E-01	3.652587E-01	3.622411E-01	
165	3.953336E-01	3.810885E-01	3.714939E-01	
166	3.973223E-01	3.692237E-01	3.508416E-01	
167	4.008194E-01	3.741909E-01	3.536140E-01	
168	4.021442E-01	3.840454E-01	3.854101E-01	
169	4.025381E-01	3.608114E-01	3.639876E-01	
170	4.051931E-01	3.630321E-01	3.653261E-01	
171	4.049584E-01	3.412700E-01	3.693797E-01	
172	4.038257E-01	3.628238E-01	3.879864E-01	
173	4.043516E-01	3.709070E-01	3.855547E-01	
174	4.039916E-01	3.671037E-01	3.666760E-01	
175	4.036202E-01	3.796305E-01	3.446508E-01	
176	4.076847E-01	3.515886E-01	3.574500E-01	
177	4.071720E-01	3.555088E-01	3.711405E-01	
178	4.034211E-01	3.723727E-01	3.531643E-01	
179	4.046932E-01	3.857963E-01	3.525101E-01	
180	4.082125E-01	3.812683E-01	3.469545E-01	
181	4.057868E-01	3.823360E-01	3.791105E-01	
182	4.040285E-01	3.820152E-01	3.524551E-01	
183	4.047206E-01	3.835741E-01	3.684006E-01	
184	4.052577E-01	3.717446E-01	3.762495E-01	
185	4.082555E-01	3.758908E-01	3.743095E-01	
186	4.076890E-01	3.513833E-01	3.560059E-01	
187	4.017476E-01	3.431660E-01	3.662284E-01	
188	4.070216E-01	3.710311E-01	3.550016E-01	
189	4.016858E-01	3.487950E-01	3.391808E-01	
190	4.018756E-01	3.314832E-01	3.739397E-01	
191	4.037855E-01	3.630938E-01	3.616431E-01	
192	4.038354E-01	3.802910E-01	3.768599E-01	
193	4.016666E-01	3.575012E-01	3.626530E-01	
194	4.001635E-01	3.702018E-01	3.521799E-01	
195	3.976576E-01	3.771928E-01	3.651826E-01	
196	3.933130E-01	3.415627E-01	3.663057E-01	
197	3.959603E-01	3.773545E-01	3.559654E-01	
198	3.917152E-01	3.717473E-01	3.529616E-01	
199	3.899266E-01	3.367584E-01	3.251489E-01	
200	3.920617E-01	3.630622E-01	3.457878E-01	
201	3.900034E-01	3.537132E-01	3.339405E-01	
202	3.897991E-01	3.949438E-01	3.556663E-01	
203	3.908202E-01	3.579677E-01	3.903225E-01	
204	3.888730E-01	3.438179E-01	3.655770E-01	
205	3.900529E-01	3.483489E-01	3.732879E-01	
206	3.855682E-01	3.505709E-01	3.300405E-01	
207	3.883235E-01	3.545306E-01	3.592375E-01	
208	3.850993E-01	3.373063E-01	3.405695E-01	
209	3.826789E-01	3.512838E-01	3.462981E-01	
210	3.812093E-01	3.878214E-01	3.310097E-01	
211	3.845507E-01	3.444265E-01	3.352063E-01	
212	3.768818E-01	3.399759E-01	3.445681E-01	
213	3.798636E-01	3.592451E-01	3.545695E-01	
214	3.830082E-01	3.648899E-01	3.647917E-01	
215	3.803399E-01	3.447630E-01	3.586451E-01	
216	3.767126E-01	3.429085E-01	3.461794E-01	
217	3.788330E-01	3.401789E-01	3.335984E-01	
218	3.787903E-01	3.492160E-01	3.291164E-01	
219	3.810557E-01	3.456214E-01	3.286703E-01	
220	3.778771E-01	3.397343E-01	3.658775E-01	
221	3.788420E-01	3.383088E-01	3.194610E-01	
222	3.772373E-01	3.567007E-01	3.424243E-01	
223	3.713936E-01	3.378258E-01	3.611299E-01	
224	3.730006E-01	3.380903E-01	3.454654E-01	
225	3.752055E-01	3.451734E-01	3.306261E-01	
226	3.724511E-01	3.380479E-01	3.478101E-01	
227	3.704477E-01	3.408641E-01	3.391728E-01	
228	3.669858E-01	3.619737E-01	3.369600E-01	
229	3.706935E-01	3.469444E-01	3.358332E-01	
230	3.719118E-01	3.519005E-01	3.253021E-01	
231	3.668856E-01	3.459495E-01	3.622716E-01	
232	3.713186E-01	3.257621E-01	3.315669E-01	
233	3.669871E-01	3.414660E-01	3.395563E-01	
234	3.660314E-01	3.295942E-01	3.379330E-01	
235	3.682861E-01	3.297569E-01	3.352302E-01	
236	3.649539E-01	3.159035E-01	3.079791E-01	
237	3.665339E-01	3.570059E-01	3.536614E-01	
238	3.604128E-01	3.434662E-01	3.171223E-01	
239	3.647921E-01	3.359735E-01	3.627853E-01	
240	3.591840E-01	3.369836E-01	3.496626E-01	
241	3.662041E-01	3.437945E-01	3.414085E-01	
242	3.623375E-01	3.176990E-01	3.293367E-01	
243	3.581602E-01	3.381458E-01	3.389185E-01	
244	3.578533E-01	3.323707E-01	3.364461E-01	
245	3.541559E-01	3.277441E-01	3.394719E-01	
246	3.557064E-01	3.336128E-01	3.371087E-01	
247	3.531828E-01	3.378051E-01	3.129163E-01	
248	3.498307E-01	3.317159E-01	3.474302E-01	
249	3.460641E-01	3.283998E-01	3.203392E-01	
250	3.488301E-01	3.209810E-01	3.388853E-01	
251	3.457629E-01	3.312644E-01	3.190795E-01	
252	3.465502E-01	3.384028E-01	3.253819E-01	
253	3.377415E-01	3.197903E-01	3.036004E-01	
254	3.384922E-01	3.331067E-01	3.093561E-01	
255	3.390822E-01	3.327636E-01	3.317350E-01	
256	3.383629E-01	3.121581E-01	3.104758E-01	
257	3.376568E-01	3.285970E-01	3.291821E-01	
258	3.370871E-01	3.079381E-01	3.305617E-01	
259	3.373595E-01	3.367473E-01	3.257381E-01	
260	3.350085E-01	3.169805E-01	3.180539E-01	
261	3.359844E-01	3.229067E-01	3.131596E-01	
262	3.345837E-01	2.994715E-01	3.170504E-01	
263	3.371149E-01	3.265637E-01	3.146697E-01	
264	3.291037E-01	3.158947E-01	3.342112E-01	
265	3.321660E-01	3.164379E-01	3.094043E-01	
266	3.326969E-01	3.245652E-01	2.992522E-01	
267	3.272582E-01	3.054456E-01	3.148364E-01	
268	3.281142E-01	3.098148E-01	3.181842E-01	
269	3.292194E-01	3.141830E-01	2.965537E-01	
270	3.284653E-01	3.168100E-01	2.871737E-01	
271	3.251072E-01	3.229555E-01	3.256817E-01	
272	3.223102E-01	2.967875E-01	3.249984E-01	
273	3.226036E-01	3.122156E-01	3.297828E-01	
274	3.250867E-01	2.899577E-01	3.238621E-01	
275	3.223877E-01	3.217547E-01	3.347375E-01	
276	3.161389E-01	2.963822E-01	3.175982E-01	
277	3.185670E-01	2.940147E-01	3.160037E-01	
278	3.135450E-01	2.962092E-01	3.118594E-01	
279	3.159642E-01	3.144595E-01	3.184198E-01	
280	3.146927E-01	2.950589E-01	3.076172E-01	
281	3.130176E-01	2.898009E-01	2.936304E-01	
282	3.101893E-01	2.880022E-01	2.891378E-01	
283	3.123725E-01	2.943098E-01	3.044509E-01	
284	3.082527E-01	3.088131E-01	3.041155E-01	
285	3.071940E-01	2.908912E-01	3.116567E-01	
286	3.088511E-01	3.076388E-01	3.140486E-01	
287	3.057003E-01	3.047396E-01	3.108366E-01	
288	3.023093E-01	2.889121E-01	2.852365E-01	
289	3.022931E-01	2.958333E-01	2.968129E-01	
290	2.997018E-01	2.976241E-01	2.774111E-01	
291	3.014737E-01	2.945184E-01	2.993093E-01	
292	2.955892E-01	3.001278E-01	2.877153E-01	
293	2.976072E-01	2.962625E-01	2.789349E-01	
294	2.997712E-01	2.790986E-01	2.949200E-01	
295	2.971138E-01	2.904947E-01	2.902903E-01	
296	2.941807E-01	2.903790E-01	3.055400E-01	
297	2.959308E-01	3.029761E-01	2.865836E-01	
298	2.965867E-01	2.892933E-01	3.014003E-01	
299	2.955118E-01	2.984706E-01	2.862488E-01	
300	2.973912E-01	3.004673E-01	3.005130E-01	
301	2.959524E-01	2.888509E-01	2.927030E-01	
302	2.954779E-01	2.972415E-01	2.973401E-01	
303	2.948237E-01	2.856945E-01	2.931938E-01	
304	2.930949E-01	2.867721E-01	2.946760E-01	
305	2.951315E-01	2.966859E-01	2.989128E-01	
306	2.976490E-01	2.835419E-01	2.889965E-01	
307	2.958747E-01	2.908641E-01	2.892270E-01	
308	2.985260E-01	3.002570E-01	3.018845E-01	
309	2.945786E-01	2.889039E-01	2.856166E-01	
310	2.951676E-01	2.888300E-01	2.945245E-01	
311	2.990175E-01	3.005090E-01	2.912564E-01	
312	2.928521E-01	2.752889E-01	3.025637E-01	
313	2.965468E-01	2.897585E-01	2.892325E-01	
314	2.983233E-01	3.025192E-01	2.873579E-01	
315	2.967687E-01	2.866975E-01	2.904593E-01	
316	2.943315E-01	3.026617E-01	2.987321E-01	
317	2.968266E-01	3.039401E-01	3.048267E-01	
318	2.920487E-01	2.920086E-01	2.873328E-01	
319	2.950732E-01	3.024538E-01	2.741910E-01	
320	2.987169E-01	2.914800E-01	3.008880E-01	
321	2.990008E-01	2.936135E-01	3.071588E-01	
322	2.924245E-01	2.977970E-01	3.015592E-01	
323	2.953356E-01	2.960411E-01	2.915855E-01	
324	2.930732E-01	2.887448E-01	2.901315E-01	
325	2.944583E-01	2.784439E-01	2.895648E-01	
326	2.914903E-01	2.906487E-01	2.864178E-01	
327	2.907278E-01	3.025864E-01	2.757345E-01	
328	2.947399E-01	2.955432E-01	2.835177E-01	
329	2.880384E-01	2.954348E-01	3.056942E-01	
330	2.920104E-01	2.875714E-01	2.883484E-01	
331	2.911258E-01	2.899816E-01	2.950218E-01	
332	2.904872E-01	2.830452E-01	2.880634E-01	
333	2.949346E-01	3.145275E-01	2.953132E-01	
334	2.939332E-01	2.739177E-01	2.942535E-01	
335	2.902528E-01	2.935789E-01	2.697047E-01	
336	2.916427E-01	2.744051E-01	3.000680E-01	
337	2.940781E-01	2.829806E-01	3.046805E-01	
338	2.921596E-01	2.967133E-01	2.744802E-01	
339	2.915118E-01	2.897170E-01	3.019000E-01	
340	2.907758E-01	2.746367E-01	2.952147E-01	
341	2.891512E-01	2.890164E-01	2.813833E-01	
342	2.931118E-01	2.888922E-01	2.881528E-01	
343	2.908975E-01	2.840903E-01	2.786297E-01	
344	2.934464E-01	2.802956E-01	2.957395E-01	
345	2.901880E-01	2.863840E-01	2.977796E-01	
346	2.915959E-01	2.741308E-01	2.848684E-01	
347	2.886368E-01	2.810535E-01	2.890062E-01	
348	2.910059E-01	2.901584E-01	2.824121E-01	
349	2.900365E-01	3.076572E-01	2.978053E-01	
350	2.902237E-01	2.889057E-01	2.854244E-01	
351	2.885630E-01	2.913809E-01	2.919729E-01	
352	2.866810E-01	2.952944E-01	2.895954E-01	
353	2.884868E-01	2.788677E-01	2.706453E-01	
354	2.898581E-01	3.034555E-01	3.052241E-01	
355	2.865247E-01	2.904612E-01	2.854813E-01	
356	2.878299E-01	2.806687E-01	2.785713E-01	
357	2.872727E-01	2.962868E-01	2.887013E-01	
358	2.916200E-01	2.826347E-01	2.991020E-01	
359	2.926077E-01	2.999492E-01	2.783401E-01	
360	2.901197E-01	2.846989E-01	2.829379E-01	
361	2.914715E-01	2.888379E-01	2.842275E-01	
362	2.898457E-01	2.841253E-01	2.800433E-01	
363	2.951099E-01	2.789814E-01	2.780034E-01	
364	2.909398E-01	2.850214E-01	2.709622E-01	
365	2.963525E-01	3.056332E-01	2.811926E-01	
366	2.865137E-01	2.823321E-01	2.951002E-01	
367	2.882320E-01	2.765837E-01	2.716164E-01	
368	2.859608E-01	2.878800E-01	2.854918E-01	
369	2.903910E-01	2.772643E-01	2.823498E-01	
370	2.931334E-01	2.942089E-01	2.887390E-01	
371	2.823657E-01	2.999611E-01	2.753997E-01	
372	2.896866E-01	2.777382E-01	2.832827E-01	
373	2.860124E-01	2.760015E-01	2.766811E-01	
374	2.890189E-01	2.943752E-01	2.814180E-01	
375	2.881625E-01	2.686601E-01	3.011873E-01	
376	2.894038E-01	2.780289E-01	3.044164E-01	
377	2.874049E-01	2.937918E-01	2.746941E-01	
378	2.915335E-01	2.902577E-01	2.663967E-01	
379	2.855792E-01	2.743937E-01	2.899290E-01	
380	2.852723E-01	2.919381E-01	2.759534E-01	
381	2.897961E-01	2.860449E-01	2.814085E-01	
382	2.847499E-01	2.531265E-01	2.856791E-01	
383	2.904551E-01	3.028376E-01	2.642119E-01	
384	2.897563E-01	2.806634E-01	3.025656E-01	
385	2.866096E-01	2.910725E-01	2.519051E-01	
386	2.867532E-01	2.753058E-01	2.707493E-01	
387	2.862648E-01	2.813527E-01	3.018360E-01	
388	2.876201E-01	2.902190E-01	2.753314E-01	
389	2.841421E-01	2.633866E-01	3.090903E-01	
390	2.896806E-01	2.641355E-01	2.664406E-01	
391	2.838882E-01	2.678782E-01	2.983529E-01	
392	2.845813E-01	2.861093E-01	2.697524E-01	
393	2.810555E-01	2.785506E-01	2.740691E-01	
394	2.837881E-01	2.562285E-01	2.701207E-01	
395	2.868942E-01	3.068045E-01	2.922563E-01	
396	2.821076E-01	2.783586E-01	2.767472E-01	
397	2.837999E-01	3.046762E-01	2.960897E-01	
398	2.774562E-01	2.632986E-01	2.871401E-01	
399	2.840044E-01	2.771913E-01	2.941784E-01	
400	2.818784E-01	2.357753E-01	2.952485E-01	
401	2.796729E-01	2.986438E-01	2.820033E-01	
402	2.849397E-01	2.700876E-01	2.497866E-01	
403	2.831846E-01	3.024516E-01	2.711257E-01	
404	2.776014E-01	3.059230E-01	2.587990E-01	
405	2.857321E-01	2.987952E-01	2.546763E-01	
406	2.892709E-01	2.861352E-01	2.841321E-01	
407	2.944082E-01	2.708625E-01	2.910151E-01	
408	2.960765E-01	2.833907E-01	2.988456E-01	
409	2.867333E-01	2.936669E-01	2.766567E-01	
410	3.004937E-01	2.748421E-01	2.698498E-01	
411	2.951189E-01	2.601619E-01	2.930572E-01	
412	2.921737E-01	3.176485E-01	2.746584E-01	
413	2.966462E-01	3.037705E-01	2.974592E-01	
414	2.988311E-01	2.956308E-01	2.804506E-01	
415	2.981451E-01	2.908524E-01	3.051348E-01	
416	2.970630E-01	2.991474E-01	2.815485E-01	
417	2.982172E-01	3.081505E-01	3.002160E-01	
418	2.992735E-01	2.790443E-01	3.044894E-01	
419	3.005175E-01	2.941790E-01	2.914993E-01	
420	3.017933E-01	2.859350E-01	3.329270E-01	
421	3.039409E-01	3.385391E-01	3.253980E-01	
422	3.011779E-01	3.153259E-01	3.172781E-01	
423	3.064974E-01	2.850381E-01	3.043054E-01	
424	3.074998E-01	3.048837E-01	2.869733E-01	
425	3.079159E-01	2.874897E-01	2.959251E-01	
426	3.103003E-01	3.048271E-01	2.818156E-01	
427	3.091463E-01	2.852197E-01	3.542909E-01	
428	3.177753E-01	2.870109E-01	3.065669E-01	
429	3.122863E-01	2.997873E-01	3.076716E-01	
430	3.077334E-01	2.827909E-01	3.075992E-01	
431	3.106910E-01	2.816758E-01	3.624088E-01	
432	3.114070E-01	3.106953E-01	2.918764E-01	
433	3.039343E-01	3.255436E-01	2.818983E-01	
434	3.089873E-01	2.897503E-01	2.986563E-01	
435	3.041411E-01	3.314124E-01	2.803389E-01	
436	3.126186E-01	3.278048E-01	3.125585E-01	
437	3.095888E-01	3.163917E-01	3.154738E-01	
438	3.089349E-01	2.961109E-01	3.007559E-01	
439	3.112184E-01	2.922112E-01	3.233929E-01	
440	3.115513E-01	2.912496E-01	3.347122E-01	
441	3.138040E-01	2.835088E-01	3.364305E-01	
442	3.175878E-01	2.759106E-01	2.742341E-01	
443	3.073773E-01	2.808117E-01	2.885565E-01	
444	3.218957E-01	2.713790E-01	2.712315E-01	
445	3.151338E-01	3.196607E-01	2.634492E-01	
446	3.200729E-01	2.995089E-01	3.014115E-01	
447	3.222036E-01	3.201134E-01	3.405551E-01	
448	3.146881E-01	2.711554E-01	3.090059E-01	
449	3.181837E-01	3.005398E-01	3.090488E-01	
450	3.120029E-01	2.935459E-01	2.981946E-01	
451	3.148198E-01	2.854132E-01	3.208833E-01	
452	3.179338E-01	2.956087E-01	3.111457E-01	
453	3.183466E-01	3.102134E-01	2.839946E-01	
454	3.176674E-01	3.380039E-01	3.086327E-01	
455	3.040730E-01	2.466342E-01	2.749666E-01	
456	3.122768E-01	3.010105E-01	2.974814E-01	
457	3.071190E-01	2.578986E-01	3.150708E-01	
458	3.065767E-01	3.186240E-01	3.232962E-01	
459	3.213948E-01	3.135580E-01	3.072911E-01	
460	3.047580E-01	3.243847E-01	2.993346E-01	
461	3.342351E-01	3.184350E-01	3.603629E-01	
462	3.175420E-01	2.109452E-01	3.354634E-01	
463	3.434280E-01	3.117369E-01	3.290979E-01	
464	3.167176E-01	2.722129E-01	2.180332E-01	
465	3.337945E-01	3.208616E-01	2.701390E-01	
466	3.280094E-01	2.686348E-01	2.631436E-01	
467	2.989065E-01	3.661386E-01	3.481938E-01	
468	3.442801E-01	4.068717E-01	3.602475E-01	
469	3.313287E-01	3.442460E-01	2.737529E-01	
470	3.383061E-01	2.252557E-01	3.770367E-01	
471	3.207221E-01	2.587270E-01	3.359183E-01	
472	3.364008E-01	3.395211E-01	2.921774E-01	
473	3.196385E-01	3.054397E-01	2.743634E-01	
474	3.270237E-01	3.170425E-01	2.657820E-01	
475	3.308840E-01	3.003221E-01	3.345744E-01	
476	3.236450E-01	3.373763E-01	3.884933E-01	
477	3.529375E-01	3.235678E-01	4.400342E-01	
478	3.201010E-01	3.416752E-01	3.466051E-01	
479	3.633500E-01	4.599405E-01	4.023064E-01	
480	3.433062E-01	3.486859E-01	2.599294E-01	
481	3.275390E-01	3.400574E-01	2.824366E-01	
482	3.301676E-01	2.723246E-01	5.689764E-01	
483	3.307707E-01	3.262272E-01	3.298852E-01	
484	4.137106E-01	3.165951E-01	3.685518E-01	
485	3.375503E-01	2.741318E-01	3.733106E-01	
486	3.535375E-01	4.521381E-01	3.916406E-01	
487	3.263190E-01	2.975996E-01	2.949479E-01	
488	3.587346E-01	3.316468E-01	5.180354E-01	
489	3.482783E-01	3.061454E-01	3.783768E-01	
490	3.833766E-01	3.932158E-01	3.938541E-01	
491	4.203390E-01	5.034644E-01	3.704007E-01	
492	3.604649E-01	3.109848E-01	3.982509E-01	
493	6.050012E-01	5.549979E-01	2.694315E-01	
494	3.885342E-01	4.034505E-01	3.388396E-01	
495	4.461317E-01	7.466791E-01	4.302109E-01	
496	3.849469E-01	3.953195E-01	3.758891E-01	
497	4.244001E-01	2.446865E-01	3.378007E-01	
498	3.717124E-01	3.072038E-01	5.821256E-01	
499	4.267708E-01	3.468231E-01	3.634518E-01	
500	0	0	0	
501	4.059111E-01	3.994343E-01	5.315272E-01	
502	0	0	0	
503	4.291456E-01	4.170024E-01	3.427945E-01	
504	0	0	0	
505	4.715169E-01	5.522761E-01	5.597548E-01	
506	6.809292E-01	0	0	
507	0	0	0	
508	5.054556E-01	4.880838E-01	3.383484E-01	
509	0	0	0	
510	5.189577E-01	2.809512E-01	5.299994E-01	
511	0	0	0	
512	5.410433E-01	6.458133E-01	6.120926E-01	
513	0	0	0	
514	0	0	0	
515	5.946695E-01	0	0	
516	0	0	0	
517	6.540020E-01	0	7.347697E-01	
518	0	0	0	
519	6.274510E-01	0	0	
520	0	0	0	
521	0	0	0	
522	0	0	0	
523	0	0	0	
524	0	0	0	
525	0	0	0	
526	0	0	0	
527	0	0	0	
528	0	0	0	
529	0	0	0	
530	0	0	0	
531	0	0	0	
532	0	0	0	
533	0	0	0	
534	0	0	0	
535	0	0	0	
536	0	0	0	
537	0	0	0	
538	0	0	0	
539	0	0	0	
540	0	0	0	
541	0	0	0	
542	0	0	0	
543	0	0	0	
544	0	0	0	
545	0	0	0	
546	0	0	0	
547	0	0	0	
548	0	0	0	
549	0	0	0	
550	0	0	0	
551	0	0	0	
552	0	0	0	
553	0	0	0	
554	0	0	0	
555	0	0	0	
556	0	0	0	
557	0	0	0	
558	0	0	0	
559	0	0	0	
560	0	0	0	
561	0	0	0	
562	0	0	0	
563	0	0	0	
564	0	0	0	
565	0	0	0	
566	0	0	0	
567	0	0	0	
568	0	0	0	
569	0	0	0	
570	0	0	0	
571	0	0	0	
572	0	0	0	
573	0	0	0	
574	0	0	0	
575	0	0	0	
576	0	0	0	
577	0	0	0	
578	0	0	0	
579	0	0	0	
580	0	0	0	
581	0	0	0	
582	0	0	0	
583	0	0	0	
584	0	0	0	
585	0	0	0	
586	0	0	0	
587	0	0	0	
588	0	0	0	
589	0	0	0	
590	0	0	0	
591	0	0	0	
592	0	0	0	
593	0	0	0	
594	0	0	0	
595	0	0	0	
596	0	0	0	
597	0	0	0	
598	0	0	0	
599	0	0	0	
#NewRun
0	0	0	0	
1	0	0	0	
2	0	0	0	
3	0	0	0	
4	3.277968E-01	5.027645E-01	2.818720E-01	
5	3.379084E-01	2.434736E-01	3.314471E-01	
6	3.429408E-01	3.970951E-01	2.658247E-01	
7	0	0	0	
8	3.389799E-01	2.755252E-01	3.025106E-01	
9	3.177047E-01	3.371706E-01	2.856740E-01	
10	0	0	0	
11	3.074811E-01	2.290496E-01	1.581758E-01	
12	3.264650E-01	2.955117E-01	3.640963E-01	
13	3.312507E-01	3.257323E-01	2.475776E-01	
14	3.264337E-01	3.622671E-01	2.406071E-01	
15	0	0	0	
16	3.243413E-01	2.404675E-01	3.616759E-01	
17	3.203839E-01	2.771590E-01	4.632153E-01	
18	3.265996E-01	3.612999E-01	3.878255E-01	
19	3.246609E-01	3.531775E-01	3.025294E-01	
20	3.267486E-01	3.096038E-01	3.756212E-01	
21	3.257020E-01	3.991200E-01	4.183541E-01	
22	3.279121E-01	3.388811E-01	3.486070E-01	
23	3.287061E-01	3.060651E-01	3.297421E-01	
24	3.262071E-01	3.279062E-01	3.700288E-01	
25	3.328286E-01	2.905403E-01	3.501073E-01	
26	3.302916E-01	3.307805E-01	3.237229E-01	
27	3.357892E-01	3.891690E-01	3.568326E-01	
28	3.309381E-01	3.429848E-01	2.787772E-01	
29	3.299887E-01	3.312478E-01	3.476206E-01	
30	3.340416E-01	2.904740E-01	3.333844E-01	
31	3.308368E-01	2.887588E-01	3.421256E-01	
32	3.291672E-01	3.379658E-01	3.306097E-01	
33	3.271940E-01	3.678100E-01	2.851316E-01	
34	3.326706E-01	3.687421E-01	3.371950E-01	
35	3.358452E-01	3.176497E-01	3.902497E-01	
36	3.333698E-01	3.033181E-01	3.138803E-01	
37	3.354337E-01	3.358285E-01	3.003997E-01	
38	3.300871E-01	3.320773E-01	3.862206E-01	
39	3.366133E-01	3.747988E-01	3.324698E-01	
40	3.327137E-01	3.301633E-01	3.627550E-01	
41	3.353494E-01	3.053103E-01	2.869118E-01	
42	3.346168E-01	3.256411E-01	3.509853E-01	
43	3.317505E-01	3.608563E-01	3.403640E-01	
44	3.325354E-01	2.908382E-01	3.581337E-01	
45	3.316327E-01	3.306509E-01	3.455860E-01	
46	3.317305E-01	3.104981E-01	3.370051E-01	
47	3.301457E-01	3.506571E-01	3.663719E-01	
48	3.313766E-01	3.486449E-01	3.253330E-01	
49	3.298381E-01	3.519093E-01	3.344204E-01	
50	3.315931E-01	3.558423E-01	3.438988E-01	
51	3.302155E-01	3.438450E-01	3.339002E-01	
52	3.295789E-01	3.353689E-01	3.145436E-01	
53	3.320019E-01	3.314807E-01	3.291638E-01	
54	3.308486E-01	3.271795E-01	3.169121E-01	
55	3.319694E-01	3.441444E-01	3.379898E-01	
56	3.305696E-01	3.405080E-01	3.346651E-01	
57	3.325318E-01	3.177056E-01	3.531545E-01	
58	3.331228E-01	3.468786E-01	3.240381E-01	
59	3.345129E-01	3.134022E-01	3.554809E-01	
60	3.315226E-01	3.375439E-01	3.360944E-01	
61	3.311398E-01	3.190820E-01	3.267249E-01	
62	3.317884E-01	3.356072E-01	3.271781E-01	
63	3.338558E-01	3.132326E-01	3.167282E-01	
64	3.322274E-01	3.319750E-01	3.412726E-01	
65	3.306137E-01	3.393562E-01	3.274000E-01	
66	3.322338E-01	3.198596E-01	3.362029E-01	
67	3.343098E-01	3.485546E-01	3.101954E-01	
68	3.322563E-01	3.318227E-01	3.236089E-01	
69	3.312563E-01	3.417638E-01	3.462429E-01	
70	3.331297E-01	3.079862E-01	3.353351E-01	
71	3.335420E-01	3.329063E-01	3.348237E-01	
72	3.349833E-01	3.494724E-01	3.453180E-01	
73	3.330304E-01	3.549066E-01	3.565129E-01	
74	3.360646E-01	3.394549E-01	3.474648E-01	
75	3.362591E-01	3.367621E-01	3.440961E-01	
76	3.348315E-01	3.351981E-01	3.415232E-01	
77	3.353102E-01	3.229647E-01	3.286514E-01	
78	3.373134E-01	3.301596E-01	3.489411E-01	
79	3.375282E-01	3.334572E-01	3.146164E-01	
80	3.369247E-01	3.434520E-01	3.371835E-01	
81	3.378973E-01	3.462558E-01	3.344941E-01	
82	3.394252E-01	3.219941E-01	3.431881E-01	
83	3.391044E-01	3.341704E-01	3.491053E-01	
84	3.376074E-01	3.284802E-01	3.360756E-01	
85	3.372991E-01	3.328877E-01	3.249495E-01	
86	3.368373E-01	3.266064E-01	3.410862E-01	
87	3.407183E-01	3.424057E-01	3.328176E-01	
88	3.378322E-01	3.409324E-01	3.311877E-01	
89	3.407272E-01	3.130889E-01	3.355138E-01	
90	3.397799E-01	3.256389E-01	3.321033E-01	
91	3.399714E-01	3.214422E-01	3.390806E-01	
92	3.388378E-01	3.378939E-01	3.363970E-01	
93	3.429694E-01	3.346813E-01	3.582964E-01	
94	3.413710E-01	3.505577E-01	3.448770E-01	
95	3.438504E-01	3.466745E-01	3.500533E-01	
96	3.407982E-01	3.420763E-01	3.609095E-01	
97	3.441762E-01	3.467684E-01	3.447684E-01	
98	3.440033E-01	3.295688E-01	3.351029E-01	
99	3.447205E-01	3.374158E-01	3.477414E-01	
100	3.459723E-01	3.384624E-01	3.506637E-01	
101	3.466250E-01	3.527490E-01	3.430126E-01	
102	3.462856E-01	3.601443E-01	3.469039E-01	
103	3.449000E-01	3.223744E-01	3.498060E-01	
104	3.500574E-01	3.442946E-01	3.406419E-01	
105	3.500402E-01	3.578721E-01	3.226563E-01	
106	3.492210E-01	3.453214E-01	3.332121E-01	
107	3.513629E-01	3.633695E-01	3.438739E-01	
108	3.513414E-01	3.471331E-01	3.388021E-01	
109	3.526647E-01	3.458118E-01	3.499712E-01	
110	3.524111E-01	3.447652E-01	3.593556E-01	
111	3.544255E-01	3.586391E-01	3.467097E-01	
112	3.574836E-01	3.359110E-01	3.409175E-01	
113	3.563443E-01	3.731694E-01	3.443862E-01	
114	3.575107E-01	3.445813E-01	3.310488E-01	
115	3.598267E-01	3.314745E-01	3.499066E-01	
116	3.583758E-01	3.658364E-01	3.377181E-01	
117	3.610956E-01	3.704978E-01	3.633465E-01	
118	3.621570E-01	3.417015E-01	3.407627E-01	
119	3.631636E-01	3.714013E-01	3.439189E-01	
120	3.631632E-01	3.544313E-01	3.507753E-01	
121	3.646313E-01	3.431552E-01	3.396421E-01	
122	3.631808E-01	3.518208E-01	3.490969E-01	
123	3.661997E-01	3.407465E-01	3.391053E-01	
124	3.657001E-01	3.501702E-01	3.385921E-01	
125	3.683239E-01	3.745299E-01	3.550243E-01	
126	3.676500E-01	3.464916E-01	3.649370E-01	
127	3.679559E-01	3.231864E-01	3.266444E-01	
128	3.693538E-01	3.609420E-01	3.586631E-01	
129	3.714792E-01	3.617594E-01	3.509342E-01	
130	3.693028E-01	3.578291E-01	3.632318E-01	
131	3.716175E-01	3.588527E-01	3.444843E-01	
132	3.741143E-01	3.682375E-01	3.415444E-01	
133	3.725381E-01	3.782857E-01	3.560720E-01	
134	3.730632E-01	3.607304E-01	3.644673E-01	
135	3.748846E-01	3.608332E-01	3.451334E-01	
136	3.749163E-01	3.501602E-01	3.650220E-01	
137	3.757306E-01	3.598257E-01	3.496356E-01	
138	3.752557E-01	3.646191E-01	3.503585E-01	
139	3.765324E-01	3.622737E-01	3.555644E-01	
140	3.787922E-01	3.773917E-01	3.451129E-01	
141	3.751700E-01	3.467618E-01	3.406770E-01	
142	3.777464E-01	3.642518E-01	3.691194E-01	
143	3.809363E-01	3.582507E-01	3.711243E-01	
144	3.785261E-01	3.592403E-01	3.469921E-01	
145	3.783443E-01	3.648302E-01	4.005871E-01	
146	3.784549E-01	3.772297E-01	3.687870E-01	
147	3.804168E-01	3.568031E-01	3.599658E-01	
148	3.797940E-01	3.677899E-01	3.574257E-01	
149	3.803404E-01	3.590312E-01	3.824674E-01	
150	3.821460E-01	3.707679E-01	3.633296E-01	
151	3.836644E-01	3.437307E-01	3.413896E-01	
152	3.851856E-01	3.759716E-01	3.544688E-01	
153	3.839104E-01	3.685735E-01	3.839951E-01	
154	3.840359E-01	3.829712E-01	3.648427E-01	
155	3.850602E-01	3.749910E-01	3.524238E-01	
156	3.835824E-01	3.632930E-01	3.389763E-01	
157	3.863727E-01	3.629648E-01	3.606432E-01	
158	3.872516E-01	3.718233E-01	3.657135E-01	
159	3.855649E-01	3.448359E-01	3.781649E-01	
160	3.871471E-01	3.697247E-01	3.801415E-01	
161	3.881919E-01	3.560793E-01	3.464399E-01	
162	3.879325E-01	3.826577E-01	3.683211E-01	
163	3.879491E-01	3.603781E-01	3.711727E-01	
164	3.892979E-01	3.558740E-01	3.623263E-01	
165	3.888121E-01	3.635913E-01	3.547410E-01	
166	3.908663E-01	3.772043E-01	3.327513E-01	
167	3.915192E-01	3.605846E-01	3.723513E-01	
168	3.896205E-01	3.838513E-01	3.782270E-01	
169	3.916279E-01	3.629686E-01	3.800055E-01	
170	3.892878E-01	3.802523E-01	3.593087E-01	
171	3.913167E-01	3.551467E-01	3.671319E-01	
172	3.901471E-01	3.576847E-01	3.533232E-01	
173	3.927749E-01	3.572630E-01	3.563407E-01	
174	3.899801E-01	3.443638E-01	3.625912E-01	
175	3.912109E-01	3.552867E-01	3.587901E-01	
176	3.918471E-01	3.554274E-01	3.592378E-01	
177	3.901717E-01	3.807791E-01	3.606683E-01	
178	3.907813E-01	3.449719E-01	3.502691E-01	
179	3.932103E-01	3.564284E-01	3.577591E-01	
180	3.880205E-01	3.430571E-01	3.612483E-01	
181	3.918468E-01	3.406489E-01	3.576954E-01	
182	3.918003E-01	3.659360E-01	3.664039E-01	
183	3.901387E-01	3.561330E-01	3.814598E-01	
184	3.931174E-01	3.747638E-01	3.620823E-01	
185	3.915434E-01	3.366187E-01	3.677154E-01	
186	3.891642E-01	3.532262E-01	3.440214E-01	
187	3.932677E-01	3.686966E-01	3.668689E-01	
188	3.928858E-01	3.611111E-01	3.624380E-01	
189	3.933005E-01	3.372610E-01	3.919055E-01	
190	3.931698E-01	3.819064E-01	3.413835E-01	
191	3.938729E-01	3.500830E-01	3.566074E-01	
192	3.944607E-01	3.343947E-01	3.797906E-01	
193	3.932927E-01	3.541240E-01	3.338270E-01	
194	3.922319E-01	3.560026E-01	3.488748E-01	
195	3.908122E-01	3.563024E-01	3.695446E-01	
196	3.870394E-01	3.661679E-01	3.702219E-01	
197	3.910735E-01	3.560516E-01	3.653515E-01	
198	3.868596E-01	3.513918E-01	3.630682E-01	
199	3.831294E-01	3.669973E-01	3.552841E-01	
200	3.835776E-01	3.637676E-01	3.396745E-01	
201	3.874740E-01	3.553912E-01	3.391271E-01	
202	3.836915E-01	3.667458E-01	3.582540E-01	
203	3.867089E-01	3.826757E-01	3.520578E-01	
204	3.846470E-01	3.611756E-01	3.553581E-01	
205	3.816295E-01	3.498002E-01	3.494962E-01	
206	3.828177E-01	3.500097E-01	3.548908E-01	
207	3.784588E-01	3.603657E-01	3.388899E-01	
208	3.824740E-01	3.548614E-01	3.545749E-01	
209	3.805757E-01	3.485435E-01	3.451200E-01	
210	3.827236E-01	3.774655E-01	3.505483E-01	
211	3.814837E-01	3.468468E-01	3.631774E-01	
212	3.780736E-01	3.289267E-01	3.430933E-01	
213	3.780980E-01	3.459786E-01	3.515538E-01	
214	3.779386E-01	3.468940E-01	3.410786E-01	
215	3.786420E-01	3.577959E-01	3.234641E-01	
216	3.751470E-01	3.596292E-01	3.427776E-01	
217	3.735812E-01	3.271382E-01	3.450943E-01	
218	3.753649E-01	3.575642E-01	3.435379E-01	
219	3.729759E-01	3.611131E-01	3.395796E-01	
220	3.698997E-01	3.457258E-01	3.471515E-01	
221	3.739109E-01	3.322967E-01	3.364506E-01	
222	3.702088E-01	3.492847E-01	3.410943E-01	
223	3.692961E-01	3.430681E-01	3.549677E-01	
224	3.698961E-01	3.471592E-01	3.498495E-01	
225	3.672421E-01	3.353896E-01	3.565275E-01	
226	3.667219E-01	3.384824E-01	3.536996E-01	
227	3.663271E-01	3.465951E-01	3.309222E-01	
228	3.637302E-01	3.251893E-01	3.524467E-01	
229	3.633362E-01	3.578589E-01	3.337439E-01	
230	3.646451E-01	3.279206E-01	3.585179E-01	
231	3.638580E-01	3.179551E-01	3.414891E-01	
232	3.625492E-01	3.446716E-01	3.221614E-01	
233	3.618414E-01	3.272633E-01	3.329313E-01	
234	3.598132E-01	3.407613E-01	3.246661E-01	
235	3.568243E-01	3.634903E-01	3.528952E-01	
236	3.597879E-01	3.328151E-01	3.185106E-01	
237	3.552948E-01	3.337937E-01	3.337595E-01	
238	3.558353E-01	3.039650E-01	3.329601E-01	
239	3.553500E-01	3.227003E-01	3.374257E-01	
240	3.576754E-01	3.326541E-01	3.182636E-01	
241	3.535196E-01	3.236866E-01	3.368321E-01	
242	3.537015E-01	3.183090E-01	3.609888E-01	
243	3.549230E-01	3.308902E-01	3.200315E-01	
244	3.505821E-01	3.382840E-01	3.544554E-01	
245	3.507505E-01	3.435053E-01	3.297611E-01	
246	3.492041E-01	3.334698E-01	3.428151E-01	
247	3.495871E-01	3.236798E-01	3.346751E-01	
248	3.474807E-01	3.303110E-01	3.451361E-01	
249	3.464609E-01	3.276441E-01	3.273237E-01	
250	3.442995E-01	3.365527E-01	3.043891E-01	
251	3.439579E-01	3.356789E-01	3.293654E-01	
252	3.447310E-01	3.030964E-01	3.351769E-01	
253	3.428027E-01	3.165106E-01	3.345019E-01	
254	3.428859E-01	3.303405E-01	3.442100E-01	
255	3.446153E-01	3.165726E-01	3.267969E-01	
256	3.442043E-01	3.171689E-01	3.321484E-01	
257	3.427577E-01	3.266191E-01	3.304948E-01	
258	3.407299E-01	3.072415E-01	3.151590E-01	
259	3.404996E-01	3.188738E-01	3.056492E-01	
260	3.364428E-01	3.276272E-01	3.140315E-01	
261	3.360200E-01	3.400531E-01	3.023492E-01	
262	3.350547E-01	2.994690E-01	3.539788E-01	
263	3.343269E-01	3.301312E-01	3.236942E-01	
264	3.333657E-01	3.189431E-01	3.302195E-01	
265	3.309395E-01	3.243980E-01	3.022373E-01	
266	3.319631E-01	3.091421E-01	3.158631E-01	
267	3.336700E-01	3.380284E-01	3.294160E-01	
268	3.280093E-01	3.066142E-01	3.369143E-01	
269	3.285599E-01	3.143248E-01	3.113867E-01	
270	3.300466E-01	3.221120E-01	2.895624E-01	
271	3.303122E-01	2.959956E-01	3.077752E-01	
272	3.265531E-01	3.217658E-01	3.131192E-01	
273	3.245220E-01	3.003883E-01	2.913658E-01	
274	3.213076E-01	3.009096E-01	3.114153E-01	
275	3.248403E-01	3.200140E-01	3.182528E-01	
276	3.180931E-01	2.924044E-01	3.131646E-01	
277	3.210807E-01	3.078862E-01	3.065138E-01	
278	3.175434E-01	3.056265E-01	3.117900E-01	
279	3.186039E-01	3.196636E-01	3.171289E-01	
280	3.166522E-01	3.180649E-01	2.976344E-01	
281	3.139139E-01	2.983131E-01	2.993053E-01	
282	3.147289E-01	3.056708E-01	3.222900E-01	
283	3.085027E-01	3.024137E-01	2.985584E-01	
284	3.103267E-01	2.914164E-01	3.124576E-01	
285	3.059470E-01	3.009629E-01	2.978736E-01	
286	3.053696E-01	3.001509E-01	2.988759E-01	
287	3.073070E-01	2.934205E-01	2.937218E-01	
288	2.995309E-01	3.012101E-01	2.896061E-01	
289	3.017394E-01	3.036052E-01	2.863514E-01	
290	2.979352E-01	2.894553E-01	3.113361E-01	
291	2.983758E-01	2.916560E-01	3.094083E-01	
292	2.959189E-01	2.833329E-01	3.090270E-01	
293	2.952735E-01	2.916097E-01	2.783555E-01	
294	2.952546E-01	2.897965E-01	2.977364E-01	
295	2.961255E-01	2.904063E-01	3.055499E-01	
296	2.925123E-01	2.794708E-01	2.942754E-01	
297	2.946795E-01	2.839679E-01	2.938766E-01	
298	2.961827E-01	2.916738E-01	2.903996E-01	
299	2.932087E-01	2.821382E-01	2.849293E-01	
300	2.967902E-01	2.845342E-01	2.930556E-01	
301	2.963384E-01	2.942002E-01	2.870228E-01	
302	2.962658E-01	2.895772E-01	2.962787E-01	
303	2.943978E-01	2.892885E-01	3.043546E-01	
304	2.934921E-01	3.057499E-01	2.904999E-01	
305	2.967202E-01	2.957972E-01	3.022510E-01	
306	2.948628E-01	2.874182E-01	2.915858E-01	
307	2.931790E-01	2.836259E-01	2.868844E-01	
308	2.980098E-01	3.125425E-01	3.018028E-01	
309	2.935956E-01	3.013638E-01	2.857577E-01	
310	2.948211E-01	3.052506E-01	2.958896E-01	
311	2.958181E-01	2.910552E-01	2.966305E-01	
312	2.976444E-01	3.020762E-01	2.968684E-01	
313	2.967398E-01	3.123802E-01	2.723894E-01	
314	2.996655E-01	2.888448E-01	2.952541E-01	
315	2.975392E-01	2.718690E-01	2.803728E-01	
316	2.946539E-01	2.801224E-01	2.984907E-01	
317	2.983421E-01	2.984578E-01	2.741733E-01	
318	2.967786E-01	2.724922E-01	3.064716E-01	
319	2.928533E-01	2.906860E-01	2.623549E-01	
320	2.935268E-01	3.006038E-01	2.883580E-01	
321	2.953873E-01	2.934768E-01	2.982235E-01	
322	2.925670E-01	3.184384E-01	2.834080E-01	
323	2.939516E-01	3.053461E-01	3.064451E-01	
324	2.904385E-01	2.954997E-01	2.921966E-01	
325	2.908117E-01	3.126143E-01	2.944486E-01	
326	2.927509E-01	2.979086E-01	2.969202E-01	
327	2.877408E-01	2.764542E-01	3.132931E-01	
328	2.922517E-01	2.925773E-01	2.772874E-01	
329	2.891150E-01	2.829636E-01	2.923528E-01	
330	2.902952E-01	3.043994E-01	2.818040E-01	
331	2.884253E-01	2.853344E-01	3.026938E-01	
332	2.887018E-01	2.794305E-01	2.798064E-01	
333	2.884237E-01	3.257206E-01	2.809754E-01	
334	2.836160E-01	2.811646E-01	2.853800E-01	
335	2.859062E-01	2.762758E-01	2.831039E-01	
336	2.863398E-01	2.851064E-01	2.919100E-01	
337	2.882001E-01	2.873338E-01	2.839544E-01	
338	2.863857E-01	3.091337E-01	2.748637E-01	
339	2.881775E-01	2.972031E-01	2.962928E-01	
340	2.856385E-01	2.994677E-01	2.826101E-01	
341	2.862296E-01	2.825935E-01	2.868677E-01	
342	2.890643E-01	2.974032E-01	3.034308E-01	
343	2.882360E-01	2.919928E-01	2.790982E-01	
344	2.887881E-01	2.876680E-01	3.033215E-01	
345	2.892297E-01	2.875746E-01	2.887395E-01	
346	2.897987E-01	2.897850E-01	2.851592E-01	
347	2.882576E-01	2.788969E-01	2.708586E-01	
348	2.888968E-01	3.049989E-01	2.784522E-01	
349	2.926747E-01	2.843983E-01	2.957765E-01	
350	2.871118E-01	2.973636E-01	2.928131E-01	
351	2.894781E-01	2.953190E-01	2.897334E-01	
352	2.887558E-01	2.831296E-01	2.993471E-01	
353	2.879857E-01	2.876078E-01	2.982944E-01	
354	2.890521E-01	2.813777E-01	2.803004E-01	
355	2.916545E-01	2.846998E-01	2.892860E-01	
356	2.901248E-01	2.847808E-01	2.710354E-01	
357	2.880383E-01	2.832115E-01	2.680003E-01	
358	2.893083E-01	2.864802E-01	2.786362E-01	
359	2.894049E-01	3.018601E-01	2.879447E-01	
360	2.937147E-01	2.978145E-01	2.833160E-01	
361	2.911306E-01	3.104695E-01	2.990927E-01	
362	2.911049E-01	2.823112E-01	2.983569E-01	
363	2.909566E-01	2.834200E-01	2.879741E-01	
364	2.960724E-01	2.885703E-01	2.954446E-01	
365	2.909437E-01	3.030656E-01	2.867532E-01	
366	2.907527E-01	2.653840E-01	2.865993E-01	
367	2.964153E-01	2.984777E-01	2.975963E-01	
368	2.890090E-01	2.963065E-01	2.954157E-01	
369	2.893711E-01	2.770061E-01	2.757723E-01	
370	2.896227E-01	2.928009E-01	2.698627E-01	
371	2.888380E-01	2.937958E-01	2.852450E-01	
372	2.882272E-01	3.011514E-01	3.008712E-01	
373	2.893381E-01	2.885094E-01	2.767704E-01	
374	2.861052E-01	2.907789E-01	2.787559E-01	
375	2.871422E-01	3.150875E-01	2.564924E-01	
376	2.819263E-01	2.951292E-01	2.896142E-01	
377	2.842787E-01	2.867454E-01	2.829739E-01	
378	2.837317E-01	2.760454E-01	2.818613E-01	
379	2.850247E-01	2.698523E-01	3.049619E-01	
380	2.835012E-01	2.676385E-01	2.770843E-01	
381	2.865681E-01	2.729788E-01	2.853887E-01	
382	2.797298E-01	2.933998E-01	2.716676E-01	
383	2.836646E-01	2.784151E-01	2.791807E-01	
384	2.841635E-01	2.881342E-01	2.643318E-01	
385	2.808892E-01	2.715816E-01	2.794720E-01	
386	2.861622E-01	2.930362E-01	2.877428E-01	
387	2.792560E-01	2.665395E-01	2.946501E-01	
388	2.845227E-01	2.782840E-01	2.784307E-01	
389	2.830162E-01	2.978603E-01	2.846735E-01	
390	2.834043E-01	2.653627E-01	2.717446E-01	
391	2.834065E-01	2.942853E-01	2.700072E-01	
392	2.845926E-01	3.041033E-01	2.870591E-01	
393	2.804509E-01	2.886267E-01	2.834726E-01	
394	2.871241E-01	2.733243E-01	2.816085E-01	
395	2.848172E-01	2.764217E-01	2.942725E-01	
396	2.829781E-01	2.811569E-01	2.712144E-01	
397	2.885174E-01	2.865354E-01	2.697554E-01	
398	2.874916E-01	2.892643E-01	2.833464E-01	
399	2.853142E-01	2.745953E-01	2.804652E-01	
400	2.871756E-01	2.938033E-01	2.606237E-01	
401	2.878941E-01	3.041798E-01	2.773161E-01	
402	2.869696E-01	2.995187E-01	3.098172E-01	
403	2.847885E-01	2.863599E-01	2.654799E-01	
404	2.849951E-01	2.826375E-01	2.706459E-01	
405	2.863348E-01	2.788997E-01	2.769950E-01	
406	2.829912E-01	2.809675E-01	3.030517E-01	
407	2.870900E-01	3.091948E-01	2.997366E-01	
408	2.894786E-01	2.748374E-01	2.903149E-01	
409	2.861846E-01	2.869738E-01	2.912902E-01	
410	2.947688E-01	2.866102E-01	2.869828E-01	
411	2.885432E-01	2.753484E-01	2.957292E-01	
412	2.910417E-01	3.193559E-01	3.104727E-01	
413	3.019977E-01	2.889160E-01	2.571958E-01	
414	2.958785E-01	2.812108E-01	3.018654E-01	
415	3.027586E-01	2.880945E-01	2.730438E-01	
416	2.991546E-01	2.998458E-01	3.021520E-01	
417	2.945892E-01	2.991851E-01	2.897969E-01	
418	3.042077E-01	3.010021E-01	3.005352E-01	
419	2.971686E-01	2.600489E-01	3.104637E-01	
420	2.963779E-01	2.766179E-01	3.140734E-01	
421	2.951327E-01	2.633769E-01	2.847889E-01	
422	3.007903E-01	3.335272E-01	3.275164E-01	
423	2.879689E-01	3.182825E-01	2.812608E-01	
424	2.980303E-01	3.041897E-01	3.125804E-01	
425	2.945420E-01	3.219194E-01	2.999489E-01	
426	2.896292E-01	2.809342E-01	2.924444E-01	
427	2.833592E-01	3.033428E-01	2.813889E-01	
428	2.891985E-01	3.078900E-01	3.011137E-01	
429	2.765007E-01	2.725520E-01	2.681751E-01	
430	2.817073E-01	3.201643E-01	3.113114E-01	
431	2.787638E-01	3.126952E-01	3.148128E-01	
432	2.852452E-01	2.816950E-01	2.942150E-01	
433	2.827171E-01	3.260646E-01	2.685572E-01	
434	2.800995E-01	3.051165E-01	3.407879E-01	
435	2.808184E-01	3.094499E-01	2.869597E-01	
436	2.838729E-01	3.137603E-01	3.507935E-01	
437	2.881688E-01	3.164687E-01	3.186289E-01	
438	2.858643E-01	2.923080E-01	2.912743E-01	
439	2.766981E-01	3.073355E-01	2.716390E-01	
440	2.891553E-01	3.024028E-01	3.325983E-01	
441	2.888981E-01	2.895112E-01	2.744782E-01	
442	2.811605E-01	2.939309E-01	3.263844E-01	
443	2.831202E-01	3.058361E-01	2.866504E-01	
444	2.926475E-01	2.501665E-01	2.871503E-01	
445	2.902139E-01	3.062335E-01	2.999318E-01	
446	2.854945E-01	2.963724E-01	3.114640E-01	
447	2.837638E-01	2.729720E-01	3.518534E-01	
448	2.886951E-01	2.923968E-01	3.008594E-01	
449	2.887828E-01	2.762709E-01	3.155716E-01	
450	2.839196E-01	2.990036E-01	2.904872E-01	
451	2.732200E-01	3.107401E-01	3.030712E-01	
452	2.907638E-01	2.368276E-01	3.007710E-01	
453	2.810423E-01	3.297806E-01	3.102234E-01	
454	2.907783E-01	3.191258E-01	3.050828E-01	
455	2.779504E-01	2.883060E-01	2.713307E-01	
456	2.844799E-01	2.914265E-01	3.869167E-01	
457	2.868433E-01	3.005954E-01	2.845661E-01	
458	2.934968E-01	2.818303E-01	3.489464E-01	
459	2.953070E-01	2.982160E-01	2.765630E-01	
460	2.839916E-01	2.372276E-01	2.520337E-01	
461	2.922614E-01	3.175659E-01	3.085042E-01	
462	2.811783E-01	3.106958E-01	2.853635E-01	
463	3.059664E-01	2.501014E-01	2.913976E-01	
464	2.957201E-01	2.993572E-01	2.899130E-01	
465	2.916168E-01	3.102248E-01	3.216114E-01	
466	2.956589E-01	2.528413E-01	3.639187E-01	
467	2.938811E-01	2.672410E-01	3.403530E-01	
468	2.993568E-01	3.525396E-01	3.077781E-01	
469	2.891123E-01	2.784986E-01	3.138395E-01	
470	3.123520E-01	3.491145E-01	3.387408E-01	
471	2.935283E-01	3.138754E-01	2.853201E-01	
472	3.221937E-01	3.158637E-01	3.078566E-01	
473	2.899723E-01	3.654453E-01	3.506303E-01	
474	3.212792E-01	3.878682E-01	2.340306E-01	
475	3.285715E-01	2.881847E-01	3.040122E-01	
476	3.046577E-01	2.769869E-01	3.253470E-01	
477	3.699055E-01	2.650176E-01	3.733667E-01	
478	3.042363E-01	3.434130E-01	3.194917E-01	
479	3.437085E-01	3.479190E-01	2.338196E-01	
480	3.072367E-01	3.339561E-01	3.539845E-01	
481	3.456605E-01	3.899337E-01	3.492360E-01	
482	3.192258E-01	3.429196E-01	4.395510E-01	
483	3.171005E-01	3.213365E-01	3.352304E-01	
484	4.424233E-01	4.056033E-01	2.057294E-01	
485	2.967602E-01	2.518499E-01	2.955966E-01	
486	4.227202E-01	3.487792E-01	8.396467E-02	
487	2.971519E-01	4.029329E-01	2.949733E-01	
488	3.752016E-01	5.216361E-01	2.889509E-01	
489	2.988698E-01	3.870089E-01	3.118303E-01	
490	3.474470E-01	2.719317E-01	3.303996E-01	
491	3.595785E-01	3.155599E-01	4.859043E-01	
492	3.141560E-01	4.100179E-01	4.061426E-01	
493	4.811959E-01	5.059760E-01	3.994832E-01	
494	3.277255E-01	3.701605E-01	4.933564E-01	
495	4.277496E-01	6.065875E-01	7.067284E-01	
496	3.345138E-01	2.577613E-01	5.149779E-01	
497	4.218950E-01	2.941608E-01	4.812095E-01	
498	3.703652E-01	3.062771E-01	4.024461E-01	
499	3.884234E-01	4.439011E-01	2.519791E-01	
500	0	0	0	
501	3.778620E-01	3.317849E-01	5.267536E-01	
502	0	0	0	
503	4.157298E-01	5.258019E-01	3.387008E-01	
504	0	0	0	
505	4.269875E-01	3.961654E-01	5.700996E-01	
506	4.398740E-01	0	0	
507	0	0	0	
508	4.977582E-01	4.935098E-01	4.921364E-01	
509	0	0	0	
510	5.100403E-01	4.264673E-01	5.107252E-01	
511	0	0	0	
512	5.824547E-01	7.593176E-01	5.967097E-01	
513	0	0	0	
514	0	0	0	
515	6.519737E-01	0	5.265064E-01	
516	0	0	0	
517	7.034282E-01	0	0	
518	0	0	0	
519	0	0	0	
520	0	0	0	
521	0	0	0	
522	0	0	0	
523	0	0	0	
524	0	0	0	
525	0	0	0	
526	0	0	0	
527	0	0	0	
528	0	0	0	
529	0	0	0	
530	0	0	0	
531	0	0	0	
532	0	0	0	
533	0	0	0	
534	0	0	0	
535	0	0	0	
536	0	0	0	
537	0	0	0	
538	0	0	0	
539	0	0	0	
540	0	0	0	
541	0	0	0	
542	0	0	0	
543	0	0	0	
544	0	0	0	
545	0	0	0	
546	0	0	0	
547	0	0	0	
548	0	0	0	
549	0	0	0	
550	0	0	0	
551	0	0	0	
552	0	0	0	
553	0	0	0	
554	0	0	0	
555	0	0	0	
556	0	0	0	
557	0	0	0	
558	0	0	0	
559	0	0	0	
560	0	0	0	
561	0	0	0	
562	0	0	0	
563	0	0	0	
564	0	0	0	
565	0	0	0	
566	0	0	0	
567	0	0	0	
568	0	0	0	
569	0	0	0	
570	0	0	0	
571	0	0	0	
572	0	0	0	
573	0	0	0	
574	0	0	0	
575	0	0	0	
576	0	0	0	
577	0	0	0	
578	0	0	0	
579	0	0	0	
580	0	0	0	
581	0	0	0	
582	0	0	0	
583	0	0	0	
584	0	0	0	
585	0	0	0	
586	0	0	0	
587	0	0	0	
588	0	0	0	
589	0	0	0	
590	0	0	0	
591	0	0	0	
592	0	0	0	
593	0	0	0	
594	0	0	0	
595	0	0	0	
596	0	0	0	
597	0	0	0	
598	0	0	0	
599	0	0	0	
#NewRun
0	0	0	0	
1	0	0	0	
2	0	0	0	
3	0	0	0	
4	3.489233E-01	3.128740E-01	7.813853E-01	
5	3.162535E-01	3.930976E-02	3.353512E-01	
6	3.270564E-01	1.207762E-01	3.041786E-01	
7	0	0	0	
8	3.270389E-01	1.841774E-01	2.857548E-01	
9	3.321992E-01	4.144320E-01	2.270876E-01	
10	0	0	0	
11	3.272835E-01	3.924019E-01	2.877214E-01	
12	3.301162E-01	4.185583E-01	4.080626E-01	
13	3.280283E-01	3.150226E-01	3.812905E-01	
14	3.271211E-01	3.025092E-01	2.367469E-01	
15	0	0	0	
16	3.268283E-01	2.824796E-01	3.560966E-01	
17	3.293809E-01	3.717224E-01	3.682079E-01	
18	3.272923E-01	3.150104E-01	3.608307E-01	
19	3.276777E-01	3.222820E-01	2.700672E-01	
20	3.266781E-01	3.101743E-01	3.197334E-01	
21	3.287269E-01	3.493006E-01	3.927915E-01	
22	3.330504E-01	2.871453E-01	2.467156E-01	
23	3.334116E-01	3.829703E-01	3.725771E-01	
24	3.299502E-01	3.519578E-01	3.430734E-01	
25	3.283220E-01	3.224790E-01	3.715815E-01	
26	3.288235E-01	3.739027E-01	2.868337E-01	
27	3.267161E-01	3.920363E-01	3.400500E-01	
28	3.291687E-01	3.385274E-01	3.180572E-01	
29	3.320296E-01	3.189836E-01	2.482994E-01	
30	3.283186E-01	3.218474E-01	3.679427E-01	
31	3.302108E-01	3.068542E-01	3.247255E-01	
32	3.260837E-01	3.339898E-01	3.362458E-01	
33	3.227147E-01	3.268354E-01	3.473355E-01	
34	3.272257E-01	3.702687E-01	3.179380E-01	
35	3.244516E-01	3.590303E-01	2.994610E-01	
36	3.244213E-01	3.201955E-01	3.225541E-01	
37	3.263764E-01	3.263346E-01	3.439127E-01	
38	3.266576E-01	3.293904E-01	3.169830E-01	
39	3.306859E-01	3.220215E-01	3.193719E-01	
40	3.265265E-01	3.645578E-01	2.950125E-01	
41	3.264399E-01	3.094434E-01	3.461931E-01	
42	3.300787E-01	3.272597E-01	3.602607E-01	
43	3.304358E-01	3.020203E-01	3.283437E-01	
44	3.274556E-01	3.230177E-01	3.310790E-01	
45	3.338519E-01	3.413959E-01	3.176230E-01	
46	3.318571E-01	3.395512E-01	3.522048E-01	
47	3.264687E-01	2.820740E-01	3.148733E-01	
48	3.318914E-01	3.350942E-01	3.280451E-01	
49	3.323854E-01	3.080870E-01	3.481344E-01	
50	3.329709E-01	3.426962E-01	3.090110E-01	
51	3.359509E-01	3.809886E-01	3.256984E-01	
52	3.297131E-01	3.019429E-01	3.421810E-01	
53	3.341572E-01	3.589561E-01	3.242434E-01	
54	3.354532E-01	3.509011E-01	3.295909E-01	
55	3.349745E-01	3.349840E-01	3.758000E-01	
56	3.353175E-01	3.182980E-01	3.379812E-01	
57	3.371123E-01	3.349632E-01	3.044397E-01	
58	3.400241E-01	3.431248E-01	3.399917E-01	
59	3.384152E-01	3.248925E-01	3.621015E-01	
60	3.358480E-01	3.475941E-01	3.057965E-01	
61	3.373591E-01	3.446357E-01	3.416048E-01	
62	3.393158E-01	3.341821E-01	3.386904E-01	
63	3.396304E-01	3.182700E-01	3.461591E-01	
64	3.367984E-01	3.468322E-01	3.567898E-01	
65	3.370003E-01	3.261184E-01	3.505306E-01	
66	3.408355E-01	3.351322E-01	3.189699E-01	
67	3.392092E-01	3.102872E-01	3.594915E-01	
68	3.374822E-01	3.324785E-01	3.192402E-01	
69	3.396158E-01	3.532133E-01	3.491466E-01	
70	3.403544E-01	3.388762E-01	3.321263E-01	
71	3.401907E-01	3.636728E-01	3.527324E-01	
72	3.394738E-01	3.483432E-01	3.393539E-01	
73	3.400679E-01	3.387105E-01	3.502570E-01	
74	3.380091E-01	3.233569E-01	3.524939E-01	
75	3.389683E-01	3.462322E-01	3.361686E-01	
76	3.387660E-01	3.295918E-01	3.481938E-01	
77	3.401401E-01	3.579192E-01	3.430928E-01	
78	3.403549E-01	3.629151E-01	3.524504E-01	
79	3.392348E-01	3.500954E-01	3.285365E-01	
80	3.395727E-01	3.390152E-01	3.455547E-01	
81	3.387354E-01	3.442731E-01	3.239154E-01	
82	3.403081E-01	3.286673E-01	3.267734E-01	
83	3.418404E-01	3.424221E-01	3.316175E-01	
84	3.401050E-01	3.563947E-01	3.406092E-01	
85	3.395453E-01	3.270187E-01	3.466694E-01	
86	3.398145E-01	3.305565E-01	3.609319E-01	
87	3.399147E-01	3.489786E-01	3.222298E-01	
88	3.398262E-01	3.354814E-01	3.379635E-01	
89	3.415466E-01	3.405360E-01	3.206391E-01	
90	3.412814E-01	3.448261E-01	3.439700E-01	
91	3.394097E-01	3.412828E-01	3.644018E-01	
92	3.406842E-01	3.400166E-01	3.451643E-01	
93	3.402940E-01	3.490912E-01	3.444291E-01	
94	3.423126E-01	3.341042E-01	3.255417E-01	
95	3.419846E-01	3.565869E-01	3.537892E-01	
96	3.422147E-01	3.441983E-01	3.292380E-01	
97	3.438557E-01	3.409224E-01	3.260305E-01	
98	3.435053E-01	3.268028E-01	3.403737E-01	
99	3.432959E-01	3.574184E-01	3.450527E-01	
100	3.431170E-01	3.629229E-01	3.408174E-01	
101	3.455752E-01	3.447957E-01	3.662608E-01	
102	3.460132E-01	3.665660E-01	3.538644E-01	
103	3.453495E-01	3.300651E-01	3.379016E-01	
104	3.461458E-01	3.360602E-01	3.476892E-01	
105	3.469445E-01	3.538728E-01	3.498419E-01	
106	3.471104E-01	3.305849E-01	3.335663E-01	
107	3.490353E-01	3.414379E-01	3.474114E-01	
108	3.491159E-01	3.582730E-01	3.294845E-01	
109	3.512633E-01	3.610159E-01	3.446246E-01	
110	3.515888E-01	3.780285E-01	3.555085E-01	
111	3.510021E-01	3.453008E-01	3.367488E-01	
112	3.523447E-01	3.625229E-01	3.458567E-01	
113	3.508405E-01	3.568552E-01	3.231905E-01	
114	3.535575E-01	3.440533E-01	3.554358E-01	
115	3.548693E-01	3.756834E-01	3.395383E-01	
116	3.553636E-01	3.581212E-01	3.491430E-01	
117	3.567674E-01	3.780069E-01	3.432803E-01	
118	3.567677E-01	3.307110E-01	3.516539E-01	
119	3.600295E-01	3.487703E-01	3.195427E-01	
120	3.583759E-01	3.577544E-01	3.411999E-01	
121	3.618927E-01	3.468825E-01	3.454992E-01	
122	3.634189E-01	3.335149E-01	3.529845E-01	
123	3.628893E-01	3.619206E-01	3.369241E-01	
124	3.638287E-01	3.504871E-01	3.526104E-01	
125	3.635232E-01	3.451125E-01	3.499862E-01	
126	3.640229E-01	3.555907E-01	3.405256E-01	
127	3.653037E-01	3.303829E-01	3.439760E-01	
128	3.670666E-01	3.396485E-01	3.468353E-01	
129	3.647296E-01	3.698259E-01	3.640482E-01	
130	3.670637E-01	3.434155E-01	3.471464E-01	
131	3.663433E-01	3.480132E-01	3.461034E-01	
132	3.649371E-01	3.586089E-01	3.495534E-01	
133	3.650789E-01	3.542997E-01	3.732902E-01	
134	3.667146E-01	3.457483E-01	3.442227E-01	
135	3.687467E-01	3.651202E-01	3.470197E-01	
136	3.686132E-01	3.398795E-01	3.621424E-01	
137	3.675467E-01	3.488751E-01	3.382219E-01	
138	3.693121E-01	3.512177E-01	3.693828E-01	
139	3.720135E-01	3.527532E-01	3.552550E-01	
140	3.708873E-01	3.372438E-01	3.678928E-01	
141	3.698339E-01	3.442136E-01	3.758007E-01	
142	3.699431E-01	3.562165E-01	3.543140E-01	
143	3.696581E-01	3.463644E-01	3.556532E-01	
144	3.722745E-01	3.408972E-01	3.719555E-01	
145	3.743459E-01	3.459702E-01	3.635993E-01	
146	3.730448E-01	3.601523E-01	3.655784E-01	
147	3.723639E-01	3.545520E-01	3.627573E-01	
148	3.733512E-01	3.514993E-01	3.628111E-01	
149	3.743073E-01	3.689882E-01	3.416892E-01	
150	3.733644E-01	3.590669E-01	3.507076E-01	
151	3.763443E-01	3.759700E-01	3.492073E-01	
152	3.743778E-01	3.618390E-01	3.581049E-01	
153	3.738448E-01	3.497987E-01	3.675766E-01	
154	3.753451E-01	3.512739E-01	3.700865E-01	
155	3.742935E-01	3.649581E-01	3.605066E-01	
156	3.755849E-01	3.684617E-01	3.611826E-01	
157	3.752649E-01	3.675450E-01	3.548336E-01	
158	3.779186E-01	3.591791E-01	3.570739E-01	
159	3.759322E-01	3.683797E-01	3.575959E-01	
160	3.772158E-01	3.627538E-01	3.688251E-01	
161	3.766269E-01	3.666537E-01	3.523658E-01	
162	3.774693E-01	3.492917E-01	3.409623E-01	
163	3.767378E-01	3.528818E-01	3.591667E-01	
164	3.742668E-01	3.660782E-01	3.457721E-01	
165	3.760629E-01	3.848445E-01	3.239427E-01	
166	3.809121E-01	3.497515E-01	4.038893E-01	
167	3.780256E-01	3.440254E-01	3.443592E-01	
168	3.806446E-01	3.634678E-01	3.584466E-01	
169	3.814841E-01	3.685356E-01	3.617351E-01	
170	3.818442E-01	3.718689E-01	3.703686E-01	
171	3.815889E-01	3.800013E-01	3.411565E-01	
172	3.827511E-01	3.507300E-01	3.582484E-01	
173	3.812863E-01	3.632817E-01	3.557777E-01	
174	3.827401E-01	3.593592E-01	3.832313E-01	
175	3.814998E-01	3.754400E-01	3.508176E-01	
176	3.853742E-01	3.768251E-01	3.755505E-01	
177	3.855829E-01	3.618215E-01	3.547088E-01	
178	3.882384E-01	3.379214E-01	3.441537E-01	
179	3.862381E-01	3.670919E-01	3.446488E-01	
180	3.865971E-01	3.510933E-01	3.806940E-01	
181	3.884838E-01	3.662787E-01	3.561265E-01	
182	3.871534E-01	3.610788E-01	3.480216E-01	
183	3.843485E-01	3.756364E-01	3.429110E-01	
184	3.869556E-01	3.616652E-01	3.887184E-01	
185	3.853440E-01	3.702281E-01	3.595920E-01	
186	3.858702E-01	3.478070E-01	3.584065E-01	
187	3.840542E-01	3.548577E-01	3.513915E-01	
188	3.867443E-01	3.746775E-01	3.659125E-01	
189	3.864860E-01	3.745910E-01	3.656317E-01	
190	3.856809E-01	3.767044E-01	3.684755E-01	
191	3.817137E-01	3.550266E-01	3.763791E-01	
192	3.857731E-01	3.579571E-01	3.736730E-01	
193	3.823580E-01	3.646949E-01	3.278246E-01	
194	3.855989E-01	3.410138E-01	3.510157E-01	
195	3.830351E-01	3.292145E-01	3.496003E-01	
196	3.863854E-01	3.560005E-01	3.405950E-01	
197	3.845354E-01	3.528859E-01	3.752987E-01	
198	3.800995E-01	3.577135E-01	3.587093E-01	
199	3.844257E-01	3.450914E-01	3.404639E-01	
200	3.838935E-01	3.575589E-01	3.638358E-01	
201	3.835185E-01	3.799699E-01	3.451868E-01	
202	3.812266E-01	3.373529E-01	3.402744E-01	
203	3.829155E-01	3.613869E-01	3.498917E-01	
204	3.810548E-01	3.399976E-01	3.406998E-01	
205	3.783295E-01	3.425318E-01	3.379776E-01	
206	3.802265E-01	3.672361E-01	3.409002E-01	
207	3.800205E-01	3.586701E-01	3.622234E-01	
208	3.832442E-01	3.681370E-01	3.516956E-01	
209	3.813160E-01	3.361764E-01	3.658444E-01	
210	3.805464E-01	3.619792E-01	3.178320E-01	
211	3.805435E-01	3.354224E-01	3.385322E-01	
212	3.758371E-01	3.448743E-01	3.572834E-01	
213	3.759427E-01	3.555769E-01	3.554781E-01	
214	3.758783E-01	3.250896E-01	3.245222E-01	
215	3.767254E-01	3.504730E-01	3.587863E-01	
216	3.722649E-01	3.415685E-01	3.519557E-01	
217	3.698753E-01	3.457870E-01	3.215494E-01	
218	3.726628E-01	3.548848E-01	3.687660E-01	
219	3.676618E-01	3.164664E-01	3.405265E-01	
220	3.681834E-01	3.495684E-01	3.304593E-01	
221	3.655764E-01	3.441858E-01	3.548395E-01	
222	3.648554E-01	3.493311E-01	3.714951E-01	
223	3.652872E-01	3.376605E-01	3.179229E-01	
224	3.638963E-01	3.420025E-01	3.347061E-01	
225	3.637032E-01	3.386021E-01	3.508554E-01	
226	3.618754E-01	3.146912E-01	3.567380E-01	
227	3.636496E-01	3.345514E-01	3.314487E-01	
228	3.607655E-01	3.234887E-01	3.540588E-01	
229	3.608008E-01	3.214421E-01	3.418528E-01	
230	3.555557E-01	3.424651E-01	3.279015E-01	
231	3.578411E-01	3.316747E-01	3.379866E-01	
232	3.571737E-01	3.768810E-01	3.385954E-01	
233	3.534627E-01	3.303109E-01	3.288083E-01	
234	3.533169E-01	3.531290E-01	3.147298E-01	
235	3.554688E-01	3.426524E-01	3.654759E-01	
236	3.566076E-01	3.529729E-01	3.477435E-01	
237	3.535333E-01	3.273551E-01	3.442221E-01	
238	3.523226E-01	3.296933E-01	3.251521E-01	
239	3.512251E-01	3.378875E-01	3.591701E-01	
240	3.494908E-01	3.428501E-01	3.392325E-01	
241	3.464924E-01	3.273471E-01	3.302702E-01	
242	3.493044E-01	3.156891E-01	3.154315E-01	
243	3.471562E-01	3.472283E-01	3.192009E-01	
244	3.459450E-01	3.511759E-01	3.361999E-01	
245	3.481105E-01	3.369531E-01	3.508438E-01	
246	3.425829E-01	3.193480E-01	3.370270E-01	
247	3.442727E-01	3.442157E-01	3.610009E-01	
248	3.435242E-01	3.376824E-01	3.217638E-01	
249	3.404079E-01	3.344154E-01	3.479118E-01	
250	3.435334E-01	3.426656E-01	3.576075E-01	
251	3.427411E-01	3.020883E-01	3.202653E-01	
252	3.436597E-01	3.378451E-01	3.361195E-01	
253	3.428977E-01	3.163904E-01	3.106651E-01	
254	3.413556E-01	3.448653E-01	3.340032E-01	
255	3.400122E-01	3.384979E-01	3.257079E-01	
256	3.386549E-01	3.051486E-01	3.591579E-01	
257	3.390644E-01	3.171605E-01	3.452924E-01	
258	3.391654E-01	3.131484E-01	3.260283E-01	
259	3.403375E-01	3.211506E-01	3.107337E-01	
260	3.364651E-01	3.066155E-01	3.398110E-01	
261	3.390770E-01	3.345791E-01	3.299069E-01	
262	3.355730E-01	3.109420E-01	3.166856E-01	
263	3.382684E-01	3.204733E-01	3.358410E-01	
264	3.322629E-01	3.173087E-01	3.168428E-01	
265	3.345877E-01	3.317238E-01	3.173303E-01	
266	3.305373E-01	3.139288E-01	3.255375E-01	
267	3.301623E-01	3.141444E-01	3.242794E-01	
268	3.305616E-01	3.172326E-01	3.363226E-01	
269	3.280320E-01	3.330601E-01	3.057754E-01	
270	3.248960E-01	3.116040E-01	3.254345E-01	
271	3.265494E-01	3.151298E-01	3.120743E-01	
272	3.272522E-01	3.275783E-01	3.041276E-01	
273	3.235249E-01	2.920187E-01	3.208395E-01	
274	3.229026E-01	3.306426E-01	3.184246E-01	
275	3.219523E-01	3.073400E-01	3.286930E-01	
276	3.197421E-01	2.977363E-01	3.139362E-01	
277	3.211757E-01	3.119059E-01	3.251175E-01	
278	3.153862E-01	3.300663E-01	3.190115E-01	
279	3.162685E-01	3.118448E-01	2.989189E-01	
280	3.177825E-01	3.102840E-01	2.985460E-01	
281	3.125292E-01	2.895255E-01	2.907520E-01	
282	3.120074E-01	2.941134E-01	2.941527E-01	
283	3.115777E-01	3.015852E-01	2.938422E-01	
284	3.134167E-01	2.940529E-01	3.151313E-01	
285	3.118677E-01	2.978847E-01	3.060479E-01	
286	3.110774E-01	2.941453E-01	2.920048E-01	
287	3.119215E-01	3.025626E-01	2.771682E-01	
288	3.056262E-01	3.009214E-01	3.059694E-01	
289	3.092197E-01	2.891177E-01	2.674390E-01	
290	3.081600E-01	2.773333E-01	2.943424E-01	
291	3.055471E-01	3.041676E-01	2.983951E-01	
292	3.063127E-01	2.999557E-01	2.814717E-01	
293	3.027788E-01	2.948836E-01	2.999619E-01	
294	3.018665E-01	2.899167E-01	2.971123E-01	
295	3.065746E-01	2.793314E-01	2.760146E-01	
296	3.033772E-01	2.944638E-01	2.964104E-01	
297	3.025496E-01	2.753323E-01	3.007074E-01	
298	3.025998E-01	2.973976E-01	2.959932E-01	
299	3.050667E-01	2.850365E-01	2.833658E-01	
300	3.028886E-01	2.871152E-01	3.019814E-01	
301	2.990096E-01	3.075112E-01	2.954345E-01	
302	2.967062E-01	2.925168E-01	3.086726E-01	
303	3.026269E-01	2.932473E-01	3.077405E-01	
304	2.988035E-01	2.806757E-01	2.984894E-01	
305	2.973067E-01	2.850548E-01	2.989926E-01	
306	2.998577E-01	2.824354E-01	2.711768E-01	
307	2.952911E-01	2.944213E-01	3.015576E-01	
308	2.986741E-01	2.910770E-01	3.007964E-01	
309	2.996814E-01	2.933277E-01	3.016643E-01	
310	2.977560E-01	2.859017E-01	2.726469E-01	
311	2.955804E-01	2.807581E-01	2.849840E-01	
312	2.937968E-01	2.917901E-01	2.919793E-01	
313	2.913971E-01	2.904694E-01	2.886753E-01	
314	2.953315E-01	2.964850E-01	2.957963E-01	
315	2.952401E-01	2.846641E-01	3.135112E-01	
316	2.924439E-01	2.920101E-01	3.003745E-01	
317	2.944429E-01	3.058471E-01	2.863166E-01	
318	2.949164E-01	2.960621E-01	2.998897E-01	
319	2.941549E-01	2.854550E-01	2.980360E-01	
320	2.923427E-01	2.799591E-01	2.808653E-01	
321	2.984773E-01	3.117861E-01	3.010993E-01	
322	2.929560E-01	2.928130E-01	2.942610E-01	
323	2.944744E-01	2.802664E-01	2.856698E-01	
324	2.928301E-01	2.940008E-01	2.876734E-01	
325	2.923525E-01	2.926654E-01	2.960680E-01	
326	2.922280E-01	2.834249E-01	3.020625E-01	
327	2.896273E-01	2.907232E-01	2.879439E-01	
328	2.930517E-01	3.049186E-01	2.926726E-01	
329	2.890795E-01	2.855185E-01	2.856613E-01	
330	2.888450E-01	3.071180E-01	2.896787E-01	
331	2.927390E-01	2.964339E-01	2.971040E-01	
332	2.890047E-01	2.773037E-01	2.902676E-01	
333	2.890598E-01	2.929339E-01	2.895629E-01	
334	2.902328E-01	3.134329E-01	2.852793E-01	
335	2.907724E-01	2.765557E-01	2.826748E-01	
336	2.899283E-01	2.870527E-01	2.883298E-01	
337	2.915218E-01	3.107250E-01	2.909192E-01	
338	2.880654E-01	2.853997E-01	2.946034E-01	
339	2.895234E-01	3.180526E-01	3.040553E-01	
340	2.905931E-01	3.023457E-01	3.117289E-01	
341	2.895559E-01	2.899096E-01	2.904454E-01	
342	2.883354E-01	2.882945E-01	2.834759E-01	
343	2.888788E-01	2.927356E-01	2.905596E-01	
344	2.911472E-01	2.784463E-01	2.876856E-01	
345	2.882210E-01	2.712831E-01	2.905205E-01	
346	2.895907E-01	2.768337E-01	2.719413E-01	
347	2.894305E-01	2.897653E-01	2.987102E-01	
348	2.862559E-01	2.943198E-01	2.957982E-01	
349	2.894014E-01	2.726028E-01	2.808464E-01	
350	2.903187E-01	3.078572E-01	2.897109E-01	
351	2.878284E-01	2.719770E-01	3.001149E-01	
352	2.901149E-01	2.920894E-01	2.937985E-01	
353	2.865793E-01	2.813423E-01	2.952878E-01	
354	2.871856E-01	3.122412E-01	2.869223E-01	
355	2.891447E-01	2.852709E-01	2.780577E-01	
356	2.891503E-01	2.878948E-01	2.971038E-01	
357	2.892987E-01	2.708046E-01	2.763829E-01	
358	2.902157E-01	2.859772E-01	2.661484E-01	
359	2.858547E-01	2.900067E-01	2.867780E-01	
360	2.890814E-01	2.951028E-01	2.825221E-01	
361	2.861338E-01	2.984254E-01	2.864395E-01	
362	2.811615E-01	2.887929E-01	2.807249E-01	
363	2.855515E-01	2.948864E-01	2.647934E-01	
364	2.825269E-01	2.715729E-01	2.921565E-01	
365	2.876458E-01	3.082364E-01	2.702319E-01	
366	2.856630E-01	3.131923E-01	3.064907E-01	
367	2.876821E-01	3.048558E-01	2.903418E-01	
368	2.823155E-01	2.854706E-01	2.932187E-01	
369	2.874943E-01	2.959952E-01	2.744360E-01	
370	2.831676E-01	2.807347E-01	2.807538E-01	
371	2.805729E-01	2.781095E-01	2.864517E-01	
372	2.821527E-01	2.956550E-01	2.748443E-01	
373	2.803013E-01	2.768449E-01	2.792844E-01	
374	2.817354E-01	2.895037E-01	2.920551E-01	
375	2.807681E-01	2.663053E-01	2.964726E-01	
376	2.803061E-01	2.812734E-01	2.946640E-01	
377	2.787643E-01	2.967951E-01	2.915492E-01	
378	2.818576E-01	2.689526E-01	2.946605E-01	
379	2.803725E-01	2.867868E-01	2.697334E-01	
380	2.802897E-01	2.658188E-01	2.770178E-01	
381	2.824809E-01	2.889478E-01	3.008105E-01	
382	2.777286E-01	2.811061E-01	2.831708E-01	
383	2.814896E-01	2.785732E-01	2.807620E-01	
384	2.781778E-01	2.959424E-01	2.648397E-01	
385	2.792697E-01	2.589465E-01	2.659741E-01	
386	2.806933E-01	2.538694E-01	2.657583E-01	
387	2.755061E-01	2.845992E-01	2.581099E-01	
388	2.769506E-01	3.013759E-01	2.962385E-01	
389	2.791817E-01	2.810245E-01	2.641684E-01	
390	2.757996E-01	2.694621E-01	3.132509E-01	
391	2.764667E-01	2.807851E-01	2.944337E-01	
392	2.775897E-01	2.756067E-01	2.675217E-01	
393	2.759902E-01	2.817806E-01	2.654773E-01	
394	2.796536E-01	2.771564E-01	2.780682E-01	
395	2.797579E-01	2.935630E-01	2.670684E-01	
396	2.778610E-01	2.692673E-01	2.655345E-01	
397	2.810163E-01	2.765482E-01	2.778938E-01	
398	2.836919E-01	2.751764E-01	2.778645E-01	
399	2.799588E-01	2.667644E-01	3.044279E-01	
400	2.868693E-01	2.857981E-01	2.606282E-01	
401	2.870750E-01	2.946741E-01	2.855695E-01	
402	2.878079E-01	3.070398E-01	2.682275E-01	
403	2.862504E-01	2.745692E-01	3.071391E-01	
404	2.916763E-01	2.795123E-01	2.770339E-01	
405	2.906707E-01	2.717686E-01	2.849696E-01	
406	2.909728E-01	2.638960E-01	2.867904E-01	
407	3.000618E-01	2.860037E-01	2.755805E-01	
408	2.901201E-01	2.492691E-01	2.830346E-01	
409	2.966639E-01	2.655007E-01	2.701727E-01	
410	3.017930E-01	2.853424E-01	2.724648E-01	
411	3.020370E-01	2.696632E-01	2.734594E-01	
412	2.972674E-01	2.995942E-01	2.547301E-01	
413	3.010457E-01	2.817857E-01	2.874316E-01	
414	2.989909E-01	2.994484E-01	2.727843E-01	
415	3.030165E-01	2.903422E-01	2.870170E-01	
416	3.005729E-01	2.949285E-01	3.100723E-01	
417	2.971234E-01	3.088293E-01	2.733974E-01	
418	3.058789E-01	3.085689E-01	2.735597E-01	
419	2.973272E-01	2.882399E-01	3.261199E-01	
420	3.020478E-01	2.776794E-01	3.031902E-01	
421	2.998799E-01	2.917272E-01	2.827277E-01	
422	3.054015E-01	3.088805E-01	3.016127E-01	
423	3.012830E-01	3.065473E-01	3.190525E-01	
424	2.941735E-01	3.330684E-01	3.063689E-01	
425	2.976233E-01	3.009769E-01	2.742351E-01	
426	2.929112E-01	3.157217E-01	3.012912E-01	
427	3.044043E-01	2.969203E-01	2.607054E-01	
428	2.966505E-01	2.867259E-01	2.709613E-01	
429	3.029058E-01	2.830451E-01	2.398569E-01	
430	3.094162E-01	2.625352E-01	2.675477E-01	
431	2.935105E-01	2.871953E-01	3.169026E-01	
432	3.047797E-01	2.569093E-01	2.851544E-01	
433	3.034603E-01	3.310604E-01	3.191847E-01	
434	3.021396E-01	3.144058E-01	2.723782E-01	
435	2.988453E-01	2.270669E-01	2.966380E-01	
436	2.994092E-01	3.030748E-01	3.010362E-01	
437	3.024213E-01	2.899175E-01	3.147627E-01	
438	3.026360E-01	3.024651E-01	2.832881E-01	
439	3.022840E-01	2.395672E-01	3.075838E-01	
440	3.141224E-01	2.762079E-01	3.131279E-01	
441	3.014988E-01	2.817278E-01	3.232606E-01	
442	3.145357E-01	2.856355E-01	2.245240E-01	
443	3.013893E-01	2.919413E-01	2.668503E-01	
444	3.129415E-01	2.885986E-01	3.009796E-01	
445	3.084480E-01	3.328505E-01	2.502135E-01	
446	3.044687E-01	2.735835E-01	3.087104E-01	
447	3.134441E-01	3.373266E-01	3.640256E-01	
448	3.057288E-01	3.027532E-01	3.114424E-01	
449	3.186914E-01	3.234407E-01	3.085963E-01	
450	3.116397E-01	2.783229E-01	2.854404E-01	
451	3.081915E-01	2.368618E-01	2.960494E-01	
452	3.227488E-01	2.885172E-01	3.181239E-01	
453	3.194022E-01	2.780752E-01	2.176229E-01	
454	3.318997E-01	3.059244E-01	3.244605E-01	
455	3.221079E-01	2.731535E-01	2.796629E-01	
456	3.317254E-01	3.206281E-01	2.651099E-01	
457	3.223933E-01	3.216599E-01	3.253791E-01	
458	3.341079E-01	3.544068E-01	2.784900E-01	
459	3.371171E-01	3.259069E-01	2.891805E-01	
460	3.205655E-01	2.775235E-01	2.776375E-01	
461	3.425592E-01	3.003689E-01	2.981921E-01	
462	3.152193E-01	2.987213E-01	2.491443E-01	
463	3.457094E-01	3.196855E-01	3.480383E-01	
464	3.200661E-01	2.342894E-01	3.543447E-01	
465	3.149797E-01	3.269276E-01	3.275112E-01	
466	3.140889E-01	2.932636E-01	2.766869E-01	
467	3.189576E-01	3.703945E-01	3.260060E-01	
468	3.241689E-01	2.925329E-01	3.127634E-01	
469	3.013249E-01	3.413914E-01	3.514815E-01	
470	3.408584E-01	3.004227E-01	2.595606E-01	
471	2.959847E-01	3.422175E-01	3.163380E-01	
472	3.178431E-01	4.047921E-01	3.307100E-01	
473	2.896196E-01	2.789848E-01	2.671164E-01	
474	3.146321E-01	3.504615E-01	3.144841E-01	
475	3.267810E-01	3.106206E-01	4.455694E-01	
476	2.993018E-01	3.310250E-01	2.982473E-01	
477	3.412134E-01	4.019726E-01	4.473342E-01	
478	2.896000E-01	2.924672E-01	2.994685E-01	
479	3.195507E-01	3.387582E-01	3.318392E-01	
480	2.913441E-01	2.659721E-01	3.323454E-01	
481	3.124330E-01	3.254092E-01	3.110007E-01	
482	3.118582E-01	3.548796E-01	3.886676E-01	
483	3.174728E-01	3.277089E-01	3.249285E-01	
484	4.056700E-01	4.224004E-01	4.219354E-01	
485	3.135540E-01	2.847024E-01	3.638909E-01	
486	4.165403E-01	2.979515E-01	3.588329E-01	
487	3.296175E-01	3.883149E-01	3.804326E-01	
488	3.920570E-01	2.995218E-01	3.562063E-01	
489	3.191562E-01	3.322341E-01	3.085117E-01	
490	3.871513E-01	2.563451E-01	3.387676E-01	
491	3.908074E-01	4.782231E-01	7.420475E-01	
492	3.584787E-01	2.893879E-01	3.551746E-01	
493	4.489768E-01	7.698906E-01	6.813359E-01	
494	3.494514E-01	2.954922E-01	3.648387E-01	
495	4.076897E-01	8.056610E-02	7.283759E-01	
496	3.574964E-01	5.244926E-01	4.873684E-01	
497	3.894774E-01	6.278924E-01	6.619434E-01	
498	3.721041E-01	4.047236E-01	3.270014E-01	
499	4.025786E-01	2.674626E-01	4.558559E-01	
500	0	0	0	
501	4.051266E-01	3.160305E-01	3.085367E-01	
502	0	0	0	
503	4.217969E-01	4.318012E-01	4.834870E-01	
504	0	0	0	
505	4.839323E-01	5.626320E-01	5.205716E-01	
506	3.945336E-01	0	0	
507	0	0	0	
508	5.334211E-01	5.480984E-01	4.303154E-01	
509	0	0	0	
510	6.234647E-01	4.139004E-01	8.081888E-01	
511	0	0	0	
512	6.748280E-01	7.014629E-01	5.765058E-01	
513	0	0	0	
514	0	0	0	
515	7.017333E-01	5.684856E-01	5.185294E-01	
516	0	0	0	
517	7.251022E-01	0	0	
518	0	0	0	
519	9.607843E-01	0	0	
520	0	0	0	
521	0	0	0	
522	0	0	0	
523	0	0	0	
524	0	0	0	
525	0	0	0	
526	0	0	0	
527	0	0	0	
528	0	0	0	
529	0	0	0	
530	0	0	0	
531	0	0	0	
532	0	0	0	
533	0	0	0	
534	0	0	0	
535	0	0	0	
536	0	0	0	
537	0	0	0	
538	0	0	0	
539	0	0	0	
540	0	0	0	
541	0	0	0	
542	0	0	0	
543	0	0	0	
544	0	0	0	
545	0	0	0	
546	0	0	0	
547	0	0	0	
548	0	0	0	
549	0	0	0	
550	0	0	0	
551	0	0	0	
552	0	0	0	
553	0	0	0	
554	0	0	0	
555	0	0	0	
556	0	0	0	
557	0	0	0	
558	0	0	0	
559	0	0	0	
560	0	0	0	
561	0	0	0	
562	0	0	0	
563	0	0	0	
564	0	0	0	
565	0	0	0	
566	0	0	0	
567	0	0	0	
568	0	0	0	
569	0	0	0	
570	0	0	0	
571	0	0	0	
572	0	0	0	
573	0	0	0	
574	0	0	0	
575	0	0	0	
576	0	0	0	
577	0	0	0	
578	0	0	0	
579	0	0	0	
580	0	0	0	
581	0	0	0	
582	0	0	0	
583	0	0	0	
584	0	0	0	
585	0	0	0	
586	0	0	0	
587	0	0	0	
588	0	0	0	
589	0	0	0	
590	0	0	0	
591	0	0	0	
592	0	0	0	
593	0	0	0	
594	0	0	0	
595	0	0	0	
596	0	0	0	
597	0	0	0	
598	0	0	0	
599	0	0	0	
#NewRun
