#COM_Bin	Avg_cosine_squared
#Order is chain type
0	0	0	0	
1	0	0	0	
2	0	0	0	
3	0	0	0	
4	3.384802E-01	3.354566E-01	3.460977E-01	
5	3.272449E-01	3.168206E-01	3.253430E-01	
6	3.217620E-01	3.398461E-01	3.298824E-01	
7	0	0	0	
8	3.358757E-01	3.265990E-01	3.317242E-01	
9	3.468367E-01	3.174620E-01	3.402369E-01	
10	0	0	0	
11	3.430924E-01	3.408345E-01	3.433066E-01	
12	3.349187E-01	3.228096E-01	3.266099E-01	
13	3.298988E-01	3.294725E-01	3.281024E-01	
14	3.342202E-01	3.316011E-01	3.400346E-01	
15	0	0	0	
16	3.302062E-01	3.308562E-01	3.340855E-01	
17	3.329576E-01	3.291280E-01	3.346591E-01	
18	3.354990E-01	3.383756E-01	3.328807E-01	
19	3.311453E-01	3.295387E-01	3.395035E-01	
20	3.369636E-01	3.351922E-01	3.327724E-01	
21	3.373352E-01	3.374658E-01	3.360421E-01	
22	3.264262E-01	3.457749E-01	3.362272E-01	
23	3.311238E-01	3.383862E-01	3.369521E-01	
24	3.346369E-01	3.374176E-01	3.337081E-01	
25	3.356995E-01	3.355944E-01	3.320576E-01	
26	3.337688E-01	3.450887E-01	3.324578E-01	
27	3.361536E-01	3.379584E-01	3.316885E-01	
28	3.345946E-01	3.363126E-01	3.371382E-01	
29	3.318062E-01	3.390714E-01	3.341587E-01	
30	3.383903E-01	3.363681E-01	3.329360E-01	
31	3.254114E-01	3.408674E-01	3.280358E-01	
32	3.368786E-01	3.379827E-01	3.280826E-01	
33	3.319365E-01	3.381566E-01	3.302239E-01	
34	3.315240E-01	3.379067E-01	3.272752E-01	
35	3.310824E-01	3.403881E-01	3.237597E-01	
36	3.316122E-01	3.343114E-01	3.311203E-01	
37	3.320507E-01	3.389984E-01	3.265260E-01	
38	3.304487E-01	3.391591E-01	3.312477E-01	
39	3.299191E-01	3.375704E-01	3.265149E-01	
40	3.325953E-01	3.315193E-01	3.322803E-01	
41	3.291944E-01	3.339309E-01	3.276427E-01	
42	3.281655E-01	3.337219E-01	3.295547E-01	
43	3.286664E-01	3.345007E-01	3.296713E-01	
44	3.303169E-01	3.355194E-01	3.293244E-01	
45	3.280914E-01	3.337177E-01	3.322908E-01	
46	3.304348E-01	3.374327E-01	3.274347E-01	
47	3.271826E-01	3.351344E-01	3.303817E-01	
48	3.310838E-01	3.335174E-01	3.321830E-01	
49	3.259980E-01	3.339227E-01	3.317507E-01	
50	3.285594E-01	3.326510E-01	3.276198E-01	
51	3.283029E-01	3.312020E-01	3.280998E-01	
52	3.289889E-01	3.328113E-01	3.293095E-01	
53	3.251631E-01	3.333789E-01	3.273280E-01	
54	3.263464E-01	3.333524E-01	3.272936E-01	
55	3.265452E-01	3.344999E-01	3.273897E-01	
56	3.266858E-01	3.342338E-01	3.272942E-01	
57	3.250230E-01	3.347894E-01	3.264869E-01	
58	3.245756E-01	3.371915E-01	3.253416E-01	
59	3.237326E-01	3.354394E-01	3.225188E-01	
60	3.246350E-01	3.364822E-01	3.249234E-01	
61	3.225779E-01	3.362814E-01	3.245660E-01	
62	3.225552E-01	3.351913E-01	3.239051E-01	
63	3.227188E-01	3.364419E-01	3.241269E-01	
64	3.206776E-01	3.389145E-01	3.248363E-01	
65	3.219233E-01	3.360081E-01	3.206264E-01	
66	3.219689E-01	3.366864E-01	3.238332E-01	
67	3.229648E-01	3.388963E-01	3.243697E-01	
68	3.216603E-01	3.351868E-01	3.233030E-01	
69	3.201792E-01	3.358288E-01	3.260970E-01	
70	3.218348E-01	3.340602E-01	3.259873E-01	
71	3.193389E-01	3.325086E-01	3.259665E-01	
72	3.200337E-01	3.337982E-01	3.254203E-01	
73	3.198103E-01	3.317684E-01	3.266678E-01	
74	3.210755E-01	3.323889E-01	3.262122E-01	
75	3.221835E-01	3.316291E-01	3.251417E-01	
76	3.190219E-01	3.307226E-01	3.261560E-01	
77	3.185311E-01	3.293077E-01	3.254026E-01	
78	3.177882E-01	3.298456E-01	3.238863E-01	
79	3.186673E-01	3.266890E-01	3.228691E-01	
80	3.158022E-01	3.288452E-01	3.235062E-01	
81	3.164439E-01	3.274662E-01	3.234697E-01	
82	3.163924E-01	3.264961E-01	3.232082E-01	
83	3.144514E-01	3.255746E-01	3.215855E-01	
84	3.166013E-01	3.253792E-01	3.233420E-01	
85	3.158947E-01	3.241961E-01	3.212036E-01	
86	3.166911E-01	3.258122E-01	3.240422E-01	
87	3.165075E-01	3.244057E-01	3.227715E-01	
88	3.155944E-01	3.246930E-01	3.213851E-01	
89	3.153376E-01	3.223458E-01	3.214620E-01	
90	3.154114E-01	3.250620E-01	3.217143E-01	
91	3.162205E-01	3.212892E-01	3.223726E-01	
92	3.160781E-01	3.248602E-01	3.187574E-01	
93	3.160946E-01	3.248811E-01	3.203136E-01	
94	3.161834E-01	3.213579E-01	3.204947E-01	
95	3.165974E-01	3.247291E-01	3.173129E-01	
96	3.160173E-01	3.233173E-01	3.182654E-01	
97	3.169923E-01	3.226599E-01	3.172988E-01	
98	3.178777E-01	3.235133E-01	3.168291E-01	
99	3.159185E-01	3.221216E-01	3.196805E-01	
100	3.175410E-01	3.242250E-01	3.169432E-01	
101	3.172265E-01	3.229751E-01	3.160754E-01	
102	3.156039E-01	3.217646E-01	3.172083E-01	
103	3.177740E-01	3.229232E-01	3.168309E-01	
104	3.172269E-01	3.232955E-01	3.176990E-01	
105	3.169918E-01	3.219108E-01	3.170841E-01	
106	3.181569E-01	3.228932E-01	3.179322E-01	
107	3.177668E-01	3.246555E-01	3.180690E-01	
108	3.176600E-01	3.251112E-01	3.182032E-01	
109	3.203898E-01	3.240578E-01	3.196595E-01	
110	3.183794E-01	3.244440E-01	3.185400E-01	
111	3.197794E-01	3.263802E-01	3.194173E-01	
112	3.194431E-01	3.253355E-01	3.191899E-01	
113	3.205705E-01	3.267595E-01	3.202795E-01	
114	3.228458E-01	3.272991E-01	3.201548E-01	
115	3.223704E-01	3.285853E-01	3.217054E-01	
116	3.230524E-01	3.270239E-01	3.232399E-01	
117	3.250924E-01	3.287951E-01	3.234070E-01	
118	3.255564E-01	3.292264E-01	3.235759E-01	
119	3.271396E-01	3.280065E-01	3.266223E-01	
120	3.280890E-01	3.310384E-01	3.256568E-01	
121	3.284595E-01	3.304671E-01	3.266178E-01	
122	3.294838E-01	3.314839E-01	3.277568E-01	
123	3.314536E-01	3.318607E-01	3.278548E-01	
124	3.319359E-01	3.327498E-01	3.278507E-01	
125	3.334606E-01	3.331136E-01	3.295083E-01	
126	3.343510E-01	3.348374E-01	3.296587E-01	
127	3.362537E-01	3.356508E-01	3.324228E-01	
128	3.371858E-01	3.353121E-01	3.310761E-01	
129	3.395073E-01	3.374536E-01	3.322775E-01	
130	3.403314E-01	3.372894E-01	3.345402E-01	
131	3.415484E-01	3.377801E-01	3.354279E-01	
132	3.425459E-01	3.395881E-01	3.347493E-01	
133	3.431448E-01	3.391444E-01	3.370144E-01	
134	3.447877E-01	3.424213E-01	3.375329E-01	
135	3.460789E-01	3.417011E-01	3.404975E-01	
136	3.481016E-01	3.433288E-01	3.410145E-01	
137	3.485134E-01	3.432066E-01	3.401538E-01	
138	3.518457E-01	3.433399E-01	3.414553E-01	
139	3.512905E-01	3.440379E-01	3.447999E-01	
140	3.544835E-01	3.461494E-01	3.453077E-01	
141	3.561462E-01	3.472078E-01	3.467883E-01	
142	3.563045E-01	3.476274E-01	3.475934E-01	
143	3.591638E-01	3.484738E-01	3.470521E-01	
144	3.615129E-01	3.494841E-01	3.493652E-01	
145	3.620334E-01	3.490241E-01	3.501623E-01	
146	3.638867E-01	3.503481E-01	3.500440E-01	
147	3.648261E-01	3.497752E-01	3.535575E-01	
148	3.694284E-01	3.531573E-01	3.534641E-01	
149	3.715830E-01	3.529766E-01	3.550916E-01	
150	3.729455E-01	3.518039E-01	3.551205E-01	
151	3.753870E-01	3.563650E-01	3.548215E-01	
152	3.766697E-01	3.568367E-01	3.580950E-01	
153	3.786976E-01	3.562255E-01	3.583214E-01	
154	3.801409E-01	3.596522E-01	3.581680E-01	
155	3.808911E-01	3.598654E-01	3.586975E-01	
156	3.853177E-01	3.602399E-01	3.586424E-01	
157	3.867592E-01	3.627121E-01	3.607395E-01	
158	3.882479E-01	3.644789E-01	3.637107E-01	
159	3.906032E-01	3.658884E-01	3.632813E-01	
160	3.933560E-01	3.664837E-01	3.641697E-01	
161	3.935643E-01	3.685578E-01	3.646115E-01	
162	3.961111E-01	3.703839E-01	3.669539E-01	
163	4.026742E-01	3.707330E-01	3.658753E-01	
164	4.005261E-01	3.715172E-01	3.691637E-01	
165	4.043745E-01	3.749414E-01	3.702075E-01	
166	4.044663E-01	3.730086E-01	3.716611E-01	
167	4.094002E-01	3.761884E-01	3.707345E-01	
168	4.113373E-01	3.799472E-01	3.730625E-01	
169	4.132945E-01	3.788833E-01	3.769861E-01	
170	4.158168E-01	3.792341E-01	3.777465E-01	
171	4.212488E-01	3.837435E-01	3.786026E-01	
172	4.237618E-01	3.820951E-01	3.788319E-01	
173	4.243903E-01	3.864435E-01	3.813466E-01	
174	4.287731E-01	3.897842E-01	3.829484E-01	
175	4.332354E-01	3.891091E-01	3.866450E-01	
176	4.330766E-01	3.919316E-01	3.845721E-01	
177	4.355167E-01	3.932372E-01	3.856438E-01	
178	4.392163E-01	3.963611E-01	3.866740E-01	
179	4.417411E-01	3.970115E-01	3.893157E-01	
180	4.414581E-01	3.970195E-01	3.864812E-01	
181	4.438958E-01	3.995963E-01	3.895481E-01	
182	4.485395E-01	4.037383E-01	3.911464E-01	
183	4.547638E-01	4.031095E-01	3.943024E-01	
184	4.512544E-01	4.025378E-01	3.951873E-01	
185	4.606937E-01	4.081443E-01	3.951385E-01	
186	4.575459E-01	4.045048E-01	3.978945E-01	
187	4.624584E-01	4.081855E-01	3.991215E-01	
188	4.651405E-01	4.060142E-01	4.005751E-01	
189	4.694724E-01	4.070939E-01	4.011885E-01	
190	4.715007E-01	4.107669E-01	4.043253E-01	
191	4.711671E-01	4.091867E-01	4.041242E-01	
192	4.751999E-01	4.075754E-01	4.023588E-01	
193	4.750283E-01	4.121081E-01	4.072933E-01	
194	4.789743E-01	4.122527E-01	4.063921E-01	
195	4.818546E-01	4.168138E-01	4.078863E-01	
196	4.890550E-01	4.166952E-01	4.088106E-01	
197	4.879565E-01	4.170241E-01	4.113821E-01	
198	4.869700E-01	4.176196E-01	4.111652E-01	
199	4.932966E-01	4.194988E-01	4.135633E-01	
200	4.921047E-01	4.211828E-01	4.132492E-01	
201	4.987076E-01	4.210841E-01	4.170822E-01	
202	4.984523E-01	4.207160E-01	4.158316E-01	
203	4.989503E-01	4.208987E-01	4.170001E-01	
204	5.033348E-01	4.207712E-01	4.189310E-01	
205	5.111533E-01	4.224057E-01	4.206162E-01	
206	5.062105E-01	4.231813E-01	4.203692E-01	
207	5.027574E-01	4.248994E-01	4.199962E-01	
208	5.237831E-01	4.218109E-01	4.208624E-01	
209	5.189072E-01	4.241510E-01	4.212846E-01	
210	5.223780E-01	4.260872E-01	4.191759E-01	
211	5.170314E-01	4.253687E-01	4.242417E-01	
212	5.219869E-01	4.263156E-01	4.230880E-01	
213	5.241537E-01	4.265647E-01	4.195411E-01	
214	5.216121E-01	4.260053E-01	4.224801E-01	
215	5.254110E-01	4.277304E-01	4.222882E-01	
216	5.251575E-01	4.233550E-01	4.219566E-01	
217	5.218647E-01	4.275855E-01	4.196171E-01	
218	5.313426E-01	4.227724E-01	4.203303E-01	
219	5.244921E-01	4.255405E-01	4.241536E-01	
220	5.221327E-01	4.268622E-01	4.219616E-01	
221	5.411075E-01	4.240119E-01	4.197130E-01	
222	5.410780E-01	4.256088E-01	4.240822E-01	
223	5.418865E-01	4.247585E-01	4.248163E-01	
224	5.394100E-01	4.212612E-01	4.227802E-01	
225	5.434658E-01	4.177449E-01	4.221316E-01	
226	5.555692E-01	4.176308E-01	4.238133E-01	
227	5.473353E-01	4.175585E-01	4.207980E-01	
228	5.466136E-01	4.167216E-01	4.164386E-01	
229	5.536096E-01	4.076257E-01	4.193484E-01	
230	5.483145E-01	4.141317E-01	4.192400E-01	
231	5.405837E-01	4.132979E-01	4.184308E-01	
232	5.451481E-01	4.086010E-01	4.121072E-01	
233	5.383503E-01	4.105525E-01	4.200937E-01	
234	5.389586E-01	4.070240E-01	4.155440E-01	
235	5.307506E-01	4.047755E-01	4.144180E-01	
236	5.372495E-01	4.065750E-01	4.137396E-01	
237	5.334425E-01	4.052584E-01	4.109561E-01	
238	5.543339E-01	3.995009E-01	4.058785E-01	
239	5.302506E-01	4.013494E-01	4.114557E-01	
240	5.309141E-01	3.963884E-01	4.039917E-01	
241	5.441475E-01	3.991372E-01	4.019335E-01	
242	5.383494E-01	3.956252E-01	4.006449E-01	
243	5.414359E-01	3.927026E-01	3.946415E-01	
244	5.121143E-01	3.927453E-01	3.974988E-01	
245	5.299284E-01	3.916488E-01	3.905818E-01	
246	5.074387E-01	3.863755E-01	3.867753E-01	
247	5.097584E-01	3.894133E-01	3.910786E-01	
248	5.089240E-01	3.854890E-01	3.844666E-01	
249	5.040981E-01	3.871969E-01	3.833873E-01	
250	4.898861E-01	3.846003E-01	3.832001E-01	
251	4.940505E-01	3.807676E-01	3.803707E-01	
252	4.852981E-01	3.798210E-01	3.781189E-01	
253	4.854351E-01	3.785955E-01	3.774232E-01	
254	4.764110E-01	3.750030E-01	3.761631E-01	
255	4.662785E-01	3.785798E-01	3.781890E-01	
256	4.708908E-01	3.770498E-01	3.715190E-01	
257	4.723116E-01	3.733965E-01	3.718417E-01	
258	4.427466E-01	3.655214E-01	3.686683E-01	
259	4.481844E-01	3.642413E-01	3.690658E-01	
260	4.323221E-01	3.674053E-01	3.626535E-01	
261	4.221747E-01	3.662861E-01	3.622368E-01	
262	4.234624E-01	3.620375E-01	3.622062E-01	
263	4.073263E-01	3.641174E-01	3.590934E-01	
264	4.024304E-01	3.625464E-01	3.558795E-01	
265	4.040828E-01	3.568185E-01	3.578260E-01	
266	4.021506E-01	3.592182E-01	3.515220E-01	
267	4.067316E-01	3.603351E-01	3.543210E-01	
268	4.127548E-01	3.552925E-01	3.511474E-01	
269	4.034308E-01	3.509863E-01	3.498573E-01	
270	3.953481E-01	3.506122E-01	3.462778E-01	
271	4.088116E-01	3.484222E-01	3.471000E-01	
272	3.876172E-01	3.475347E-01	3.458916E-01	
273	4.015964E-01	3.444138E-01	3.412615E-01	
274	3.997911E-01	3.423213E-01	3.405814E-01	
275	4.040153E-01	3.380211E-01	3.417837E-01	
276	3.786524E-01	3.354767E-01	3.332648E-01	
277	4.025172E-01	3.353360E-01	3.370662E-01	
278	3.730573E-01	3.302108E-01	3.329032E-01	
279	3.911039E-01	3.308616E-01	3.284453E-01	
280	3.794101E-01	3.306068E-01	3.242707E-01	
281	3.684740E-01	3.217404E-01	3.258011E-01	
282	3.458530E-01	3.246344E-01	3.225895E-01	
283	3.446044E-01	3.214698E-01	3.198966E-01	
284	3.385044E-01	3.203192E-01	3.194806E-01	
285	3.406420E-01	3.200895E-01	3.132616E-01	
286	3.349433E-01	3.168562E-01	3.147369E-01	
287	3.137531E-01	3.191072E-01	3.166651E-01	
288	3.273806E-01	3.121240E-01	3.088036E-01	
289	3.174815E-01	3.162636E-01	3.099240E-01	
290	3.122628E-01	3.143404E-01	3.079679E-01	
291	3.157955E-01	3.133932E-01	3.063409E-01	
292	2.945689E-01	3.130540E-01	3.062164E-01	
293	2.917313E-01	3.096329E-01	3.057466E-01	
294	2.857396E-01	3.130203E-01	3.051767E-01	
295	2.925221E-01	3.062890E-01	2.989477E-01	
296	2.840866E-01	3.078982E-01	3.059705E-01	
297	2.698396E-01	3.037164E-01	3.017024E-01	
298	2.552722E-01	3.062847E-01	3.045731E-01	
299	2.798233E-01	3.037209E-01	3.008568E-01	
300	2.642880E-01	3.103525E-01	3.057886E-01	
301	2.755707E-01	3.055952E-01	3.010782E-01	
302	2.746002E-01	2.993171E-01	2.992088E-01	
303	2.686217E-01	3.018589E-01	2.993440E-01	
304	2.757309E-01	2.975095E-01	2.952775E-01	
305	2.722215E-01	3.006367E-01	3.003411E-01	
306	2.622324E-01	2.964699E-01	2.980105E-01	
307	2.922198E-01	2.967245E-01	2.907466E-01	
308	2.649088E-01	2.991210E-01	2.943429E-01	
309	2.787387E-01	2.956573E-01	2.958803E-01	
310	2.870928E-01	2.947290E-01	2.926240E-01	
311	2.729269E-01	2.925062E-01	2.948988E-01	
312	2.991303E-01	2.958691E-01	2.948274E-01	
313	2.822977E-01	2.921057E-01	2.913293E-01	
314	2.966862E-01	2.960638E-01	2.973961E-01	
315	2.914242E-01	2.935745E-01	2.953501E-01	
316	3.126116E-01	2.922462E-01	2.935483E-01	
317	2.871140E-01	2.929257E-01	2.928917E-01	
318	3.071989E-01	2.902860E-01	2.936788E-01	
319	2.945197E-01	2.937704E-01	2.952196E-01	
320	2.766586E-01	2.926928E-01	2.935402E-01	
321	3.157410E-01	2.958280E-01	2.941167E-01	
322	3.016464E-01	2.898131E-01	2.926914E-01	
323	3.282073E-01	2.910024E-01	2.962922E-01	
324	3.064685E-01	2.941509E-01	2.901358E-01	
325	3.049006E-01	2.916679E-01	2.980835E-01	
326	3.075054E-01	2.931213E-01	2.928278E-01	
327	3.414310E-01	2.908851E-01	2.922809E-01	
328	3.196878E-01	2.896520E-01	2.945281E-01	
329	3.009415E-01	2.906201E-01	2.864529E-01	
330	3.290490E-01	2.946432E-01	2.922118E-01	
331	2.820062E-01	2.943500E-01	2.938931E-01	
332	3.195578E-01	2.909978E-01	2.882340E-01	
333	3.223413E-01	2.969439E-01	2.882019E-01	
334	2.749881E-01	2.945810E-01	2.909215E-01	
335	3.007156E-01	2.939700E-01	2.873957E-01	
336	2.965070E-01	2.941502E-01	2.848755E-01	
337	2.922663E-01	2.977612E-01	2.925924E-01	
338	2.947796E-01	2.938500E-01	2.883579E-01	
339	2.872085E-01	2.990187E-01	2.888898E-01	
340	3.051001E-01	2.977343E-01	2.899482E-01	
341	3.209517E-01	2.953113E-01	2.882623E-01	
342	2.889206E-01	3.008561E-01	2.936002E-01	
343	3.063147E-01	2.956043E-01	2.886014E-01	
344	3.014776E-01	2.999953E-01	2.920749E-01	
345	2.786597E-01	2.988093E-01	2.923979E-01	
346	2.964987E-01	2.943472E-01	2.928859E-01	
347	3.052536E-01	2.991504E-01	2.942861E-01	
348	3.050096E-01	3.032003E-01	2.920499E-01	
349	3.289254E-01	3.001051E-01	2.902585E-01	
350	3.038983E-01	2.950029E-01	2.897475E-01	
351	3.028249E-01	3.007433E-01	2.884269E-01	
352	3.521635E-01	2.953799E-01	2.899325E-01	
353	3.400178E-01	2.959756E-01	2.904538E-01	
354	2.945078E-01	2.953461E-01	2.868763E-01	
355	3.165906E-01	2.937509E-01	2.855781E-01	
356	3.196370E-01	2.988769E-01	2.821635E-01	
357	3.136352E-01	2.937962E-01	2.842058E-01	
358	2.963257E-01	2.953504E-01	2.852488E-01	
359	3.277086E-01	2.949546E-01	2.845112E-01	
360	3.165510E-01	2.904926E-01	2.848335E-01	
361	3.065411E-01	2.873466E-01	2.815373E-01	
362	3.172629E-01	2.895816E-01	2.836516E-01	
363	3.358661E-01	2.888311E-01	2.809291E-01	
364	3.255550E-01	2.877664E-01	2.794267E-01	
365	3.050741E-01	2.898122E-01	2.795399E-01	
366	3.248757E-01	2.870341E-01	2.814914E-01	
367	2.678341E-01	2.854783E-01	2.839563E-01	
368	3.206646E-01	2.837738E-01	2.777410E-01	
369	2.467292E-01	2.821603E-01	2.862305E-01	
370	2.840688E-01	2.814108E-01	2.847516E-01	
371	2.883485E-01	2.787471E-01	2.827305E-01	
372	2.866810E-01	2.840295E-01	2.893654E-01	
373	3.212062E-01	2.776627E-01	2.811651E-01	
374	2.790791E-01	2.756545E-01	2.892122E-01	
375	2.515114E-01	2.761052E-01	2.879392E-01	
376	2.709024E-01	2.755224E-01	2.872103E-01	
377	2.677649E-01	2.756638E-01	2.881012E-01	
378	3.040012E-01	2.731586E-01	2.865053E-01	
379	2.884101E-01	2.725647E-01	2.874543E-01	
380	2.932770E-01	2.710915E-01	2.797094E-01	
381	2.717803E-01	2.795129E-01	2.857384E-01	
382	2.795219E-01	2.676127E-01	2.796472E-01	
383	2.814022E-01	2.771839E-01	2.852598E-01	
384	2.867762E-01	2.745157E-01	2.828550E-01	
385	2.817103E-01	2.709420E-01	2.787734E-01	
386	3.055503E-01	2.716051E-01	2.807186E-01	
387	2.610694E-01	2.722653E-01	2.741498E-01	
388	2.986842E-01	2.737639E-01	2.844384E-01	
389	3.010518E-01	2.712689E-01	2.773878E-01	
390	2.570475E-01	2.775594E-01	2.838271E-01	
391	2.580011E-01	2.701778E-01	2.795707E-01	
392	2.583067E-01	2.660440E-01	2.805233E-01	
393	2.816991E-01	2.772699E-01	2.863658E-01	
394	2.816409E-01	2.752679E-01	2.809588E-01	
395	2.833654E-01	2.720914E-01	2.879829E-01	
396	2.596300E-01	2.799993E-01	2.847637E-01	
397	3.109541E-01	2.745150E-01	2.847263E-01	
398	2.539645E-01	2.753869E-01	2.808311E-01	
399	2.646309E-01	2.870413E-01	2.898157E-01	
400	2.530784E-01	2.809556E-01	2.834670E-01	
401	2.362000E-01	2.804223E-01	2.880023E-01	
402	2.343993E-01	2.862905E-01	2.905827E-01	
403	2.960663E-01	2.887232E-01	2.789671E-01	
404	2.985290E-01	2.840951E-01	2.861157E-01	
405	2.404406E-01	2.845653E-01	2.902469E-01	
406	2.748185E-01	2.861844E-01	2.895774E-01	
407	3.026007E-01	2.937450E-01	2.976589E-01	
408	2.594830E-01	2.865499E-01	2.906545E-01	
409	3.182684E-01	2.813060E-01	2.799945E-01	
410	3.098155E-01	2.966210E-01	2.895639E-01	
411	2.835724E-01	2.862010E-01	2.863517E-01	
412	3.412540E-01	2.859661E-01	2.800489E-01	
413	3.328395E-01	3.020078E-01	2.935692E-01	
414	3.211090E-01	3.019967E-01	2.804785E-01	
415	3.582809E-01	2.983263E-01	2.938546E-01	
416	3.245204E-01	2.943502E-01	2.806049E-01	
417	3.276428E-01	2.957891E-01	2.832310E-01	
418	3.838723E-01	2.988422E-01	2.871184E-01	
419	4.054935E-01	2.978117E-01	2.938619E-01	
420	3.297114E-01	2.888180E-01	2.863184E-01	
421	3.400419E-01	3.044144E-01	2.907204E-01	
422	3.832489E-01	2.917974E-01	2.887864E-01	
423	3.210157E-01	3.020647E-01	2.843972E-01	
424	3.963518E-01	2.931009E-01	2.830648E-01	
425	3.056320E-01	2.826020E-01	2.872393E-01	
426	3.411685E-01	2.942555E-01	2.819568E-01	
427	3.740244E-01	2.867016E-01	2.861867E-01	
428	2.648838E-01	3.025489E-01	2.768879E-01	
429	3.384532E-01	2.940444E-01	2.898405E-01	
430	3.822651E-01	2.846937E-01	2.846391E-01	
431	3.915511E-01	2.979125E-01	2.773763E-01	
432	3.434756E-01	2.898111E-01	2.859350E-01	
433	5.030634E-01	2.976350E-01	2.891787E-01	
434	3.339525E-01	2.976125E-01	2.837578E-01	
435	3.291432E-01	2.950150E-01	2.778549E-01	
436	2.704917E-01	2.962234E-01	2.841737E-01	
437	3.999991E-01	2.957029E-01	2.823390E-01	
438	3.766022E-01	2.962935E-01	2.904441E-01	
439	3.364266E-01	2.843726E-01	2.814401E-01	
440	3.026682E-01	3.084029E-01	2.844494E-01	
441	1.771310E-01	2.974401E-01	2.883291E-01	
442	4.267746E-01	2.962905E-01	2.998888E-01	
443	3.111031E-01	3.007116E-01	2.768326E-01	
444	2.915553E-01	3.031344E-01	2.999606E-01	
445	4.799058E-01	3.049829E-01	2.880062E-01	
446	2.965320E-01	2.969670E-01	2.952908E-01	
447	2.602171E-01	3.025245E-01	3.050008E-01	
448	3.557070E-01	2.946550E-01	2.933981E-01	
449	2.498320E-01	3.086989E-01	3.109717E-01	
450	3.736901E-01	3.038101E-01	2.966728E-01	
451	2.214431E-01	2.975636E-01	2.952316E-01	
452	4.299918E-01	3.128268E-01	3.071967E-01	
453	1.892012E-01	3.067557E-01	3.179336E-01	
454	3.005823E-01	3.140163E-01	3.207594E-01	
455	2.557739E-01	3.041264E-01	3.133512E-01	
456	3.396647E-01	3.204795E-01	3.241584E-01	
457	2.605265E-01	3.111248E-01	3.111181E-01	
458	3.454791E-01	3.185656E-01	3.188800E-01	
459	3.669504E-01	3.084595E-01	3.189132E-01	
460	2.191699E-01	3.053006E-01	3.192356E-01	
461	4.600906E-01	3.370519E-01	3.482753E-01	
462	2.496615E-01	3.157043E-01	3.017396E-01	
463	4.703974E-01	3.254688E-01	3.578990E-01	
464	4.502404E-01	3.286230E-01	3.036689E-01	
465	4.218734E-01	3.210771E-01	3.306947E-01	
466	3.869536E-01	3.212506E-01	3.194300E-01	
467	3.382236E-01	3.108939E-01	3.387250E-01	
468	5.772663E-01	3.195433E-01	3.452888E-01	
469	4.095499E-01	3.232009E-01	3.151254E-01	
470	5.826635E-01	3.141874E-01	3.976583E-01	
471	2.669726E-01	3.075964E-01	3.193446E-01	
472	3.514056E-01	3.271845E-01	3.320020E-01	
473	0	2.998023E-01	3.562992E-01	
474	3.934440E-01	3.224865E-01	3.300965E-01	
475	0	3.178810E-01	3.491803E-01	
476	3.231844E-01	3.209830E-01	3.221552E-01	
477	0	3.415712E-01	3.465106E-01	
478	3.124147E-01	2.952272E-01	2.986769E-01	
479	0	3.254343E-01	3.221725E-01	
480	0	3.018878E-01	3.051191E-01	
481	3.172878E-01	3.430438E-01	3.470995E-01	
482	0	3.110706E-01	3.276478E-01	
483	2.962313E-01	3.472737E-01	3.433740E-01	
484	0	3.429022E-01	3.959396E-01	
485	0	3.235018E-01	3.553242E-01	
486	0	3.741756E-01	3.951750E-01	
487	0	3.260890E-01	3.540985E-01	
488	0	3.624565E-01	4.114023E-01	
489	0	3.302851E-01	3.541995E-01	
490	0	3.739335E-01	4.120882E-01	
491	0	3.793637E-01	3.789200E-01	
492	0	3.464651E-01	3.789532E-01	
493	0	4.837357E-01	5.359076E-01	
494	0	3.562131E-01	3.966695E-01	
495	0	4.190783E-01	5.142581E-01	
496	0	3.541070E-01	4.044605E-01	
497	0	4.294152E-01	4.884366E-01	
498	0	3.850087E-01	4.052931E-01	
499	0	4.130060E-01	4.716336E-01	
500	0	0	0	
501	0	4.759304E-01	4.898568E-01	
502	0	0	0	
503	0	4.614764E-01	5.112120E-01	
504	0	0	0	
505	0	5.314861E-01	5.161909E-01	
506	0	5.696911E-01	4.961470E-01	
507	0	0	0	
508	0	5.564086E-01	5.838891E-01	
509	0	0	0	
510	0	6.310115E-01	6.014985E-01	
511	0	0	0	
512	0	5.995582E-01	5.917473E-01	
513	0	0	0	
514	0	0	0	
515	0	7.453907E-01	6.044537E-01	
516	0	0	0	
517	0	7.622716E-01	6.664758E-01	
518	0	0	0	
519	0	8.673835E-01	0	
520	0	0	0	
521	0	0	0	
522	0	0	0	
523	0	0	0	
524	0	0	0	
525	0	0	0	
526	0	0	0	
527	0	0	0	
528	0	0	0	
529	0	0	0	
530	0	0	0	
531	0	0	0	
532	0	0	0	
533	0	0	0	
534	0	0	0	
535	0	0	0	
536	0	0	0	
537	0	0	0	
538	0	0	0	
539	0	0	0	
540	0	0	0	
541	0	0	0	
542	0	0	0	
543	0	0	0	
544	0	0	0	
545	0	0	0	
546	0	0	0	
547	0	0	0	
548	0	0	0	
549	0	0	0	
550	0	0	0	
551	0	0	0	
552	0	0	0	
553	0	0	0	
554	0	0	0	
555	0	0	0	
556	0	0	0	
557	0	0	0	
558	0	0	0	
559	0	0	0	
560	0	0	0	
561	0	0	0	
562	0	0	0	
563	0	0	0	
564	0	0	0	
565	0	0	0	
566	0	0	0	
567	0	0	0	
568	0	0	0	
569	0	0	0	
570	0	0	0	
571	0	0	0	
572	0	0	0	
573	0	0	0	
574	0	0	0	
575	0	0	0	
576	0	0	0	
577	0	0	0	
578	0	0	0	
579	0	0	0	
580	0	0	0	
581	0	0	0	
582	0	0	0	
583	0	0	0	
584	0	0	0	
585	0	0	0	
586	0	0	0	
587	0	0	0	
588	0	0	0	
589	0	0	0	
590	0	0	0	
591	0	0	0	
592	0	0	0	
593	0	0	0	
594	0	0	0	
595	0	0	0	
596	0	0	0	
597	0	0	0	
598	0	0	0	
599	0	0	0	
#NewRun
0	0	0	0	
1	0	0	0	
2	0	0	0	
3	0	0	0	
4	3.271525E-01	3.394837E-01	3.224081E-01	
5	3.421837E-01	3.297875E-01	3.108279E-01	
6	3.104059E-01	3.261578E-01	3.345192E-01	
7	0	0	0	
8	3.262473E-01	3.476077E-01	3.223087E-01	
9	3.326075E-01	3.310552E-01	3.298373E-01	
10	0	0	0	
11	3.279219E-01	3.445294E-01	3.235995E-01	
12	3.260092E-01	3.364004E-01	3.284550E-01	
13	3.304847E-01	3.350409E-01	3.303584E-01	
14	3.335383E-01	3.347621E-01	3.351610E-01	
15	0	0	0	
16	3.340013E-01	3.247195E-01	3.310032E-01	
17	3.329234E-01	3.318987E-01	3.465042E-01	
18	3.266979E-01	3.282963E-01	3.303044E-01	
19	3.216072E-01	3.370337E-01	3.424472E-01	
20	3.308647E-01	3.281647E-01	3.423661E-01	
21	3.363479E-01	3.283402E-01	3.340356E-01	
22	3.258010E-01	3.258501E-01	3.354028E-01	
23	3.308344E-01	3.262619E-01	3.360921E-01	
24	3.353367E-01	3.301265E-01	3.327102E-01	
25	3.280700E-01	3.283192E-01	3.339163E-01	
26	3.305969E-01	3.248035E-01	3.357634E-01	
27	3.297924E-01	3.332059E-01	3.256386E-01	
28	3.342246E-01	3.304317E-01	3.279210E-01	
29	3.310193E-01	3.267787E-01	3.298224E-01	
30	3.325678E-01	3.284499E-01	3.303503E-01	
31	3.318943E-01	3.245703E-01	3.296825E-01	
32	3.314947E-01	3.287013E-01	3.292763E-01	
33	3.281853E-01	3.255246E-01	3.274244E-01	
34	3.287830E-01	3.289045E-01	3.251347E-01	
35	3.309440E-01	3.272499E-01	3.297019E-01	
36	3.281305E-01	3.313140E-01	3.273100E-01	
37	3.304482E-01	3.345970E-01	3.269919E-01	
38	3.279808E-01	3.356363E-01	3.245918E-01	
39	3.290552E-01	3.353613E-01	3.270206E-01	
40	3.277080E-01	3.366714E-01	3.245094E-01	
41	3.269738E-01	3.356313E-01	3.264181E-01	
42	3.284885E-01	3.335655E-01	3.299864E-01	
43	3.300605E-01	3.343205E-01	3.280092E-01	
44	3.246150E-01	3.353911E-01	3.291890E-01	
45	3.247372E-01	3.363625E-01	3.309507E-01	
46	3.268592E-01	3.371459E-01	3.277884E-01	
47	3.271692E-01	3.337063E-01	3.295890E-01	
48	3.235986E-01	3.357835E-01	3.291409E-01	
49	3.226368E-01	3.355550E-01	3.277746E-01	
50	3.251914E-01	3.348288E-01	3.311146E-01	
51	3.217984E-01	3.339588E-01	3.289519E-01	
52	3.238383E-01	3.337279E-01	3.268619E-01	
53	3.230997E-01	3.326405E-01	3.288413E-01	
54	3.242041E-01	3.345882E-01	3.287288E-01	
55	3.236501E-01	3.330281E-01	3.263640E-01	
56	3.231979E-01	3.329977E-01	3.253033E-01	
57	3.218771E-01	3.338301E-01	3.266541E-01	
58	3.208387E-01	3.348823E-01	3.275175E-01	
59	3.218963E-01	3.305737E-01	3.266087E-01	
60	3.217741E-01	3.309434E-01	3.254100E-01	
61	3.219712E-01	3.295124E-01	3.247009E-01	
62	3.223869E-01	3.289883E-01	3.268502E-01	
63	3.191584E-01	3.291251E-01	3.254111E-01	
64	3.224051E-01	3.285969E-01	3.239818E-01	
65	3.212409E-01	3.278515E-01	3.270976E-01	
66	3.198641E-01	3.278498E-01	3.239702E-01	
67	3.190540E-01	3.271639E-01	3.253950E-01	
68	3.201250E-01	3.255248E-01	3.246136E-01	
69	3.204840E-01	3.259946E-01	3.240919E-01	
70	3.198749E-01	3.252414E-01	3.244819E-01	
71	3.184467E-01	3.251722E-01	3.234421E-01	
72	3.198393E-01	3.250395E-01	3.235998E-01	
73	3.185209E-01	3.222928E-01	3.212121E-01	
74	3.172925E-01	3.257306E-01	3.210896E-01	
75	3.173956E-01	3.211611E-01	3.218632E-01	
76	3.178238E-01	3.231958E-01	3.207171E-01	
77	3.175783E-01	3.218129E-01	3.168722E-01	
78	3.159640E-01	3.236558E-01	3.171999E-01	
79	3.165031E-01	3.247523E-01	3.173764E-01	
80	3.154211E-01	3.228407E-01	3.171410E-01	
81	3.156090E-01	3.230423E-01	3.157547E-01	
82	3.129918E-01	3.224505E-01	3.146925E-01	
83	3.146126E-01	3.225453E-01	3.153856E-01	
84	3.152718E-01	3.200896E-01	3.139669E-01	
85	3.136391E-01	3.221500E-01	3.130569E-01	
86	3.158056E-01	3.206303E-01	3.136356E-01	
87	3.136679E-01	3.189158E-01	3.109089E-01	
88	3.137885E-01	3.192570E-01	3.127715E-01	
89	3.119209E-01	3.178970E-01	3.115485E-01	
90	3.134749E-01	3.201204E-01	3.128384E-01	
91	3.113653E-01	3.197706E-01	3.115851E-01	
92	3.128281E-01	3.188445E-01	3.128411E-01	
93	3.126224E-01	3.191015E-01	3.108286E-01	
94	3.119287E-01	3.183185E-01	3.111249E-01	
95	3.119853E-01	3.191649E-01	3.124366E-01	
96	3.107613E-01	3.209477E-01	3.132768E-01	
97	3.119047E-01	3.201279E-01	3.131200E-01	
98	3.099927E-01	3.203427E-01	3.139441E-01	
99	3.111253E-01	3.190763E-01	3.135849E-01	
100	3.099249E-01	3.203331E-01	3.134835E-01	
101	3.117989E-01	3.193396E-01	3.146254E-01	
102	3.102332E-01	3.196355E-01	3.139785E-01	
103	3.100441E-01	3.205697E-01	3.136964E-01	
104	3.121393E-01	3.198047E-01	3.160060E-01	
105	3.132588E-01	3.213676E-01	3.148664E-01	
106	3.125451E-01	3.222196E-01	3.162949E-01	
107	3.143091E-01	3.210215E-01	3.162286E-01	
108	3.142608E-01	3.212217E-01	3.165332E-01	
109	3.143143E-01	3.220569E-01	3.170432E-01	
110	3.141495E-01	3.233041E-01	3.166934E-01	
111	3.151762E-01	3.233686E-01	3.170343E-01	
112	3.139003E-01	3.231845E-01	3.192950E-01	
113	3.160401E-01	3.254302E-01	3.177936E-01	
114	3.172589E-01	3.248475E-01	3.166607E-01	
115	3.168225E-01	3.258904E-01	3.202395E-01	
116	3.189367E-01	3.250502E-01	3.190834E-01	
117	3.199517E-01	3.261826E-01	3.201274E-01	
118	3.202571E-01	3.290756E-01	3.195980E-01	
119	3.217726E-01	3.296738E-01	3.208301E-01	
120	3.221332E-01	3.285809E-01	3.188652E-01	
121	3.243487E-01	3.285755E-01	3.201599E-01	
122	3.250088E-01	3.302503E-01	3.212076E-01	
123	3.264463E-01	3.311374E-01	3.202930E-01	
124	3.280632E-01	3.299024E-01	3.213607E-01	
125	3.298220E-01	3.344372E-01	3.219321E-01	
126	3.304482E-01	3.324765E-01	3.214809E-01	
127	3.333306E-01	3.346833E-01	3.222892E-01	
128	3.344362E-01	3.326085E-01	3.229044E-01	
129	3.356047E-01	3.360971E-01	3.238413E-01	
130	3.383240E-01	3.377654E-01	3.256502E-01	
131	3.392965E-01	3.378077E-01	3.262253E-01	
132	3.398482E-01	3.390467E-01	3.294953E-01	
133	3.423152E-01	3.404376E-01	3.283410E-01	
134	3.444190E-01	3.420093E-01	3.303616E-01	
135	3.481869E-01	3.434413E-01	3.314505E-01	
136	3.495147E-01	3.432544E-01	3.330151E-01	
137	3.516323E-01	3.451718E-01	3.344248E-01	
138	3.523362E-01	3.491490E-01	3.339131E-01	
139	3.560133E-01	3.468187E-01	3.368570E-01	
140	3.582781E-01	3.498227E-01	3.391748E-01	
141	3.592523E-01	3.499382E-01	3.383801E-01	
142	3.619047E-01	3.509827E-01	3.413501E-01	
143	3.620034E-01	3.524224E-01	3.444200E-01	
144	3.653537E-01	3.544870E-01	3.446378E-01	
145	3.680200E-01	3.549435E-01	3.460072E-01	
146	3.703217E-01	3.575157E-01	3.474401E-01	
147	3.702734E-01	3.587831E-01	3.492165E-01	
148	3.746723E-01	3.611504E-01	3.497947E-01	
149	3.784154E-01	3.615377E-01	3.528562E-01	
150	3.804852E-01	3.643535E-01	3.530797E-01	
151	3.806266E-01	3.637466E-01	3.543046E-01	
152	3.857150E-01	3.679321E-01	3.565726E-01	
153	3.880995E-01	3.674104E-01	3.585862E-01	
154	3.876341E-01	3.682379E-01	3.597270E-01	
155	3.947267E-01	3.704977E-01	3.611711E-01	
156	3.952871E-01	3.712032E-01	3.612969E-01	
157	3.976166E-01	3.727990E-01	3.620204E-01	
158	3.985412E-01	3.735010E-01	3.645608E-01	
159	3.982944E-01	3.750772E-01	3.680638E-01	
160	4.016406E-01	3.781912E-01	3.687391E-01	
161	4.037028E-01	3.795699E-01	3.699920E-01	
162	4.073932E-01	3.811305E-01	3.694019E-01	
163	4.090585E-01	3.811154E-01	3.736279E-01	
164	4.105148E-01	3.841372E-01	3.750792E-01	
165	4.157240E-01	3.865366E-01	3.763752E-01	
166	4.177016E-01	3.890766E-01	3.787064E-01	
167	4.187858E-01	3.913040E-01	3.784100E-01	
168	4.229885E-01	3.919868E-01	3.811471E-01	
169	4.254680E-01	3.932192E-01	3.815279E-01	
170	4.264623E-01	3.988206E-01	3.836723E-01	
171	4.302756E-01	3.966140E-01	3.864212E-01	
172	4.335383E-01	3.999020E-01	3.881506E-01	
173	4.351817E-01	4.031302E-01	3.889963E-01	
174	4.388339E-01	4.043255E-01	3.900270E-01	
175	4.401271E-01	4.048308E-01	3.921180E-01	
176	4.449082E-01	4.076359E-01	3.961690E-01	
177	4.475202E-01	4.094536E-01	3.971406E-01	
178	4.499557E-01	4.094130E-01	3.986719E-01	
179	4.520156E-01	4.120006E-01	4.002530E-01	
180	4.536633E-01	4.122065E-01	4.032190E-01	
181	4.581474E-01	4.153871E-01	4.040809E-01	
182	4.572730E-01	4.162687E-01	4.075850E-01	
183	4.597630E-01	4.163820E-01	4.073413E-01	
184	4.699938E-01	4.166083E-01	4.101931E-01	
185	4.681971E-01	4.194354E-01	4.120547E-01	
186	4.722245E-01	4.232169E-01	4.107183E-01	
187	4.769893E-01	4.217803E-01	4.135882E-01	
188	4.796005E-01	4.227609E-01	4.158179E-01	
189	4.820963E-01	4.254825E-01	4.158134E-01	
190	4.876097E-01	4.256736E-01	4.190246E-01	
191	4.854417E-01	4.278612E-01	4.183029E-01	
192	4.955108E-01	4.278612E-01	4.203747E-01	
193	4.990248E-01	4.274158E-01	4.230277E-01	
194	4.965295E-01	4.283416E-01	4.231102E-01	
195	5.041919E-01	4.288626E-01	4.266684E-01	
196	5.111267E-01	4.309425E-01	4.289122E-01	
197	5.111734E-01	4.327182E-01	4.290894E-01	
198	5.153936E-01	4.344468E-01	4.324511E-01	
199	5.127509E-01	4.363828E-01	4.304463E-01	
200	5.246048E-01	4.385145E-01	4.317107E-01	
201	5.239591E-01	4.346579E-01	4.359749E-01	
202	5.267849E-01	4.358617E-01	4.344966E-01	
203	5.322255E-01	4.338571E-01	4.347459E-01	
204	5.315808E-01	4.341784E-01	4.349145E-01	
205	5.420169E-01	4.368409E-01	4.376877E-01	
206	5.407524E-01	4.341278E-01	4.392556E-01	
207	5.462994E-01	4.331682E-01	4.404294E-01	
208	5.520393E-01	4.308690E-01	4.393611E-01	
209	5.581102E-01	4.339088E-01	4.399828E-01	
210	5.605222E-01	4.386400E-01	4.399492E-01	
211	5.669067E-01	4.373963E-01	4.426248E-01	
212	5.764097E-01	4.291708E-01	4.407209E-01	
213	5.853048E-01	4.311648E-01	4.369045E-01	
214	5.779114E-01	4.281822E-01	4.418393E-01	
215	5.810979E-01	4.308722E-01	4.435512E-01	
216	5.859882E-01	4.255914E-01	4.378852E-01	
217	5.888983E-01	4.260258E-01	4.371762E-01	
218	5.939964E-01	4.264164E-01	4.374559E-01	
219	6.001458E-01	4.212235E-01	4.373174E-01	
220	5.970279E-01	4.175919E-01	4.376203E-01	
221	5.931804E-01	4.208807E-01	4.341516E-01	
222	6.082666E-01	4.199507E-01	4.379501E-01	
223	5.979297E-01	4.194807E-01	4.367459E-01	
224	6.134211E-01	4.148537E-01	4.302646E-01	
225	6.117714E-01	4.156628E-01	4.318576E-01	
226	6.079009E-01	4.112075E-01	4.320074E-01	
227	6.133445E-01	4.105558E-01	4.298469E-01	
228	6.175117E-01	4.088671E-01	4.327745E-01	
229	6.071761E-01	4.081640E-01	4.288329E-01	
230	6.093488E-01	4.059433E-01	4.301403E-01	
231	6.058813E-01	3.997885E-01	4.276109E-01	
232	6.173606E-01	4.032566E-01	4.250815E-01	
233	6.191988E-01	3.986826E-01	4.275836E-01	
234	6.053064E-01	3.969873E-01	4.233508E-01	
235	6.057269E-01	3.938077E-01	4.196520E-01	
236	5.981070E-01	3.966696E-01	4.179381E-01	
237	6.110542E-01	3.963917E-01	4.189334E-01	
238	5.815399E-01	3.912641E-01	4.156345E-01	
239	5.810467E-01	3.920471E-01	4.152749E-01	
240	5.784468E-01	3.921616E-01	4.098683E-01	
241	5.826289E-01	3.957073E-01	4.065270E-01	
242	5.687198E-01	3.890560E-01	4.085805E-01	
243	5.502719E-01	3.889174E-01	4.083409E-01	
244	5.750865E-01	3.878317E-01	3.995094E-01	
245	5.527544E-01	3.876314E-01	4.041452E-01	
246	5.327397E-01	3.865349E-01	3.997119E-01	
247	5.297759E-01	3.828921E-01	4.016584E-01	
248	5.176812E-01	3.805931E-01	3.954304E-01	
249	5.189594E-01	3.829724E-01	3.923177E-01	
250	5.368899E-01	3.829010E-01	3.970850E-01	
251	4.934194E-01	3.795929E-01	3.889633E-01	
252	4.904867E-01	3.751487E-01	3.913346E-01	
253	5.117134E-01	3.733581E-01	3.831834E-01	
254	4.878144E-01	3.745039E-01	3.819900E-01	
255	4.682429E-01	3.716927E-01	3.792611E-01	
256	4.771883E-01	3.720134E-01	3.753082E-01	
257	4.717590E-01	3.641841E-01	3.724320E-01	
258	4.292237E-01	3.660912E-01	3.717071E-01	
259	4.268975E-01	3.632497E-01	3.685984E-01	
260	4.569072E-01	3.606387E-01	3.657087E-01	
261	4.026458E-01	3.589726E-01	3.616307E-01	
262	4.215921E-01	3.566791E-01	3.567583E-01	
263	4.195475E-01	3.564837E-01	3.611522E-01	
264	4.124704E-01	3.540593E-01	3.540861E-01	
265	3.950993E-01	3.480639E-01	3.541733E-01	
266	3.736181E-01	3.492936E-01	3.562850E-01	
267	4.102220E-01	3.525236E-01	3.511841E-01	
268	3.867229E-01	3.468034E-01	3.502550E-01	
269	3.826857E-01	3.433237E-01	3.503890E-01	
270	4.053909E-01	3.412819E-01	3.473290E-01	
271	3.631690E-01	3.461144E-01	3.486463E-01	
272	3.602896E-01	3.436735E-01	3.404022E-01	
273	3.508874E-01	3.374957E-01	3.471877E-01	
274	3.385544E-01	3.388866E-01	3.454898E-01	
275	3.691587E-01	3.396939E-01	3.385155E-01	
276	3.441962E-01	3.296235E-01	3.364145E-01	
277	3.288222E-01	3.305029E-01	3.370862E-01	
278	3.141191E-01	3.333624E-01	3.334635E-01	
279	3.658040E-01	3.281469E-01	3.382600E-01	
280	3.267606E-01	3.249996E-01	3.313652E-01	
281	3.524515E-01	3.224667E-01	3.253958E-01	
282	3.486397E-01	3.214166E-01	3.289058E-01	
283	3.630705E-01	3.203045E-01	3.272505E-01	
284	3.304275E-01	3.208418E-01	3.229438E-01	
285	3.407998E-01	3.164766E-01	3.247210E-01	
286	3.512450E-01	3.166075E-01	3.186795E-01	
287	3.434515E-01	3.207079E-01	3.198819E-01	
288	3.035911E-01	3.145453E-01	3.119475E-01	
289	3.314530E-01	3.160494E-01	3.127789E-01	
290	3.087238E-01	3.129206E-01	3.055257E-01	
291	3.355606E-01	3.116359E-01	3.114862E-01	
292	3.204547E-01	3.073578E-01	3.109610E-01	
293	3.245524E-01	3.134791E-01	3.057169E-01	
294	3.166840E-01	3.077449E-01	3.080200E-01	
295	3.303985E-01	3.077582E-01	3.071454E-01	
296	3.037008E-01	3.064987E-01	3.009818E-01	
297	3.249284E-01	3.039006E-01	3.057068E-01	
298	3.234326E-01	2.996103E-01	3.034571E-01	
299	3.368067E-01	3.033988E-01	3.025859E-01	
300	3.151540E-01	3.017258E-01	3.041533E-01	
301	3.242392E-01	2.984696E-01	3.027123E-01	
302	3.339265E-01	2.991736E-01	3.011900E-01	
303	3.422357E-01	2.985820E-01	2.993152E-01	
304	3.351228E-01	2.987762E-01	2.958854E-01	
305	3.376513E-01	2.987280E-01	3.022801E-01	
306	3.199300E-01	2.985610E-01	3.003395E-01	
307	3.459609E-01	2.930449E-01	3.023491E-01	
308	3.363224E-01	2.961143E-01	3.026094E-01	
309	3.140837E-01	2.942945E-01	3.020535E-01	
310	3.294922E-01	2.953150E-01	3.045951E-01	
311	3.038561E-01	2.934013E-01	3.018606E-01	
312	3.627884E-01	2.900404E-01	3.046827E-01	
313	3.317881E-01	2.897902E-01	2.996476E-01	
314	3.277963E-01	2.926177E-01	3.028413E-01	
315	3.504932E-01	2.956793E-01	2.978536E-01	
316	3.182503E-01	2.908664E-01	3.005056E-01	
317	3.144546E-01	2.919083E-01	2.979548E-01	
318	3.485244E-01	2.949746E-01	2.938745E-01	
319	3.355701E-01	2.906814E-01	2.951539E-01	
320	3.318377E-01	2.950273E-01	3.012024E-01	
321	3.348016E-01	2.957680E-01	2.983948E-01	
322	3.108819E-01	2.895337E-01	2.951999E-01	
323	2.973726E-01	2.935183E-01	2.996415E-01	
324	3.151296E-01	2.903711E-01	2.963594E-01	
325	3.337453E-01	2.938654E-01	2.970746E-01	
326	3.401579E-01	2.905942E-01	2.945140E-01	
327	3.367313E-01	2.904281E-01	2.945948E-01	
328	3.238560E-01	2.942358E-01	2.948036E-01	
329	3.014110E-01	2.928443E-01	2.921972E-01	
330	3.074976E-01	2.921939E-01	2.918920E-01	
331	2.987147E-01	2.917304E-01	2.885822E-01	
332	3.053300E-01	2.907235E-01	2.935687E-01	
333	3.075102E-01	2.900022E-01	2.880471E-01	
334	2.933229E-01	2.922778E-01	2.891310E-01	
335	2.858533E-01	2.877713E-01	2.910115E-01	
336	2.724977E-01	2.911239E-01	2.893236E-01	
337	3.174698E-01	2.873095E-01	2.952555E-01	
338	3.050131E-01	2.882339E-01	2.918824E-01	
339	2.993391E-01	2.845579E-01	2.912762E-01	
340	2.853301E-01	2.917537E-01	2.927463E-01	
341	2.658475E-01	2.871926E-01	2.882785E-01	
342	2.475320E-01	2.861558E-01	2.902759E-01	
343	2.333699E-01	2.898703E-01	2.869393E-01	
344	2.802712E-01	2.879822E-01	2.930799E-01	
345	2.640314E-01	2.851933E-01	2.863028E-01	
346	3.030213E-01	2.874825E-01	2.870562E-01	
347	2.878344E-01	2.886822E-01	2.894459E-01	
348	2.799612E-01	2.860865E-01	2.923886E-01	
349	2.810795E-01	2.880045E-01	2.937621E-01	
350	2.675099E-01	2.889682E-01	2.890530E-01	
351	2.684339E-01	2.848916E-01	2.886621E-01	
352	2.523098E-01	2.852288E-01	2.903638E-01	
353	2.435895E-01	2.802252E-01	2.876897E-01	
354	2.517129E-01	2.886336E-01	2.930062E-01	
355	2.695392E-01	2.821766E-01	2.903710E-01	
356	2.568953E-01	2.880545E-01	2.869561E-01	
357	2.562102E-01	2.866896E-01	2.872500E-01	
358	2.339260E-01	2.841267E-01	2.918215E-01	
359	2.597662E-01	2.857465E-01	2.926959E-01	
360	2.354793E-01	2.839786E-01	2.910324E-01	
361	2.573182E-01	2.818102E-01	2.904779E-01	
362	2.514964E-01	2.903125E-01	2.904284E-01	
363	2.336071E-01	2.785047E-01	2.892383E-01	
364	2.648753E-01	2.823935E-01	2.868992E-01	
365	2.600591E-01	2.873949E-01	2.886223E-01	
366	2.399566E-01	2.841858E-01	2.839739E-01	
367	2.304875E-01	2.833990E-01	2.880559E-01	
368	2.244094E-01	2.862402E-01	2.859591E-01	
369	2.296495E-01	2.878498E-01	2.836642E-01	
370	2.570441E-01	2.826224E-01	2.838454E-01	
371	2.189455E-01	2.840785E-01	2.827573E-01	
372	2.153164E-01	2.853997E-01	2.831196E-01	
373	2.598124E-01	2.806419E-01	2.836384E-01	
374	2.135567E-01	2.899270E-01	2.857503E-01	
375	2.277880E-01	2.809278E-01	2.823298E-01	
376	2.194641E-01	2.868028E-01	2.828050E-01	
377	2.113374E-01	2.850771E-01	2.831863E-01	
378	2.519340E-01	2.783192E-01	2.786243E-01	
379	2.538879E-01	2.817186E-01	2.807132E-01	
380	2.728994E-01	2.848047E-01	2.799154E-01	
381	2.513417E-01	2.841314E-01	2.794487E-01	
382	2.553825E-01	2.756498E-01	2.746301E-01	
383	2.768394E-01	2.821578E-01	2.762784E-01	
384	2.582199E-01	2.752722E-01	2.740208E-01	
385	2.606718E-01	2.825652E-01	2.741933E-01	
386	3.305101E-01	2.804870E-01	2.776203E-01	
387	2.974963E-01	2.689400E-01	2.695790E-01	
388	2.775125E-01	2.798807E-01	2.726637E-01	
389	3.441511E-01	2.749205E-01	2.759428E-01	
390	3.894774E-01	2.714225E-01	2.700587E-01	
391	3.143989E-01	2.774916E-01	2.686661E-01	
392	3.616604E-01	2.788719E-01	2.723812E-01	
393	3.119238E-01	2.725858E-01	2.705349E-01	
394	3.458437E-01	2.780786E-01	2.730523E-01	
395	3.485975E-01	2.756922E-01	2.734248E-01	
396	3.102267E-01	2.702267E-01	2.664750E-01	
397	3.457901E-01	2.811157E-01	2.743551E-01	
398	3.009621E-01	2.794255E-01	2.717715E-01	
399	3.053190E-01	2.759388E-01	2.761520E-01	
400	2.712197E-01	2.828301E-01	2.809368E-01	
401	2.849726E-01	2.817324E-01	2.746186E-01	
402	3.368168E-01	2.841484E-01	2.817800E-01	
403	2.944708E-01	2.894943E-01	2.811142E-01	
404	2.631032E-01	2.852333E-01	2.825503E-01	
405	3.139263E-01	2.819410E-01	2.852484E-01	
406	2.997146E-01	2.884605E-01	2.901905E-01	
407	2.779482E-01	2.874889E-01	2.884573E-01	
408	3.251892E-01	2.872953E-01	2.805919E-01	
409	2.871741E-01	2.857885E-01	2.892425E-01	
410	3.059068E-01	2.894942E-01	2.907141E-01	
411	3.099860E-01	2.895070E-01	2.916489E-01	
412	3.343128E-01	2.856939E-01	2.898835E-01	
413	2.750923E-01	2.940646E-01	2.946421E-01	
414	3.577546E-01	2.838487E-01	2.902329E-01	
415	3.526832E-01	2.910429E-01	2.937384E-01	
416	3.602133E-01	2.907716E-01	2.900421E-01	
417	3.437339E-01	2.906699E-01	2.897339E-01	
418	3.017709E-01	2.895118E-01	2.962792E-01	
419	3.862912E-01	2.936929E-01	2.926361E-01	
420	3.243492E-01	2.858113E-01	3.025719E-01	
421	3.658725E-01	2.926631E-01	2.937549E-01	
422	3.637357E-01	2.923270E-01	2.946565E-01	
423	3.502709E-01	2.812555E-01	2.906160E-01	
424	2.965355E-01	2.867636E-01	2.943893E-01	
425	2.873583E-01	2.845112E-01	2.890494E-01	
426	2.880031E-01	2.952371E-01	2.882695E-01	
427	3.637469E-01	2.709053E-01	2.960235E-01	
428	2.704662E-01	2.896307E-01	2.918962E-01	
429	3.122551E-01	2.853661E-01	2.971222E-01	
430	2.484150E-01	2.833273E-01	2.989005E-01	
431	2.258900E-01	2.830206E-01	2.934624E-01	
432	2.554936E-01	2.814827E-01	3.027781E-01	
433	2.325422E-01	2.980457E-01	3.078542E-01	
434	2.936373E-01	2.830750E-01	2.954052E-01	
435	2.105944E-01	2.918465E-01	2.882702E-01	
436	2.955578E-01	2.938219E-01	3.008277E-01	
437	2.192294E-01	3.004913E-01	3.024531E-01	
438	3.066843E-01	3.011777E-01	3.092546E-01	
439	2.010929E-01	2.879589E-01	2.944558E-01	
440	2.163830E-01	3.057543E-01	3.078499E-01	
441	2.072166E-01	2.938812E-01	3.049573E-01	
442	2.210505E-01	3.043319E-01	3.225391E-01	
443	1.450791E-01	2.948986E-01	3.073132E-01	
444	2.226851E-01	3.079768E-01	3.180494E-01	
445	2.049920E-01	3.045003E-01	3.193105E-01	
446	1.850343E-01	3.017410E-01	3.093698E-01	
447	2.179261E-01	3.002811E-01	3.099895E-01	
448	2.525673E-01	3.040271E-01	3.029147E-01	
449	2.044912E-01	3.223781E-01	3.118210E-01	
450	2.382054E-01	3.028863E-01	3.045930E-01	
451	1.851777E-01	3.122218E-01	3.066733E-01	
452	2.281547E-01	3.000614E-01	3.072971E-01	
453	1.998342E-01	3.057443E-01	2.946719E-01	
454	3.178728E-01	3.076605E-01	3.100072E-01	
455	2.532235E-01	3.063152E-01	3.015814E-01	
456	3.537834E-01	3.150565E-01	2.967071E-01	
457	2.334641E-01	2.926587E-01	3.023076E-01	
458	4.433172E-01	3.187975E-01	3.007117E-01	
459	3.166070E-01	2.861137E-01	3.037642E-01	
460	4.218585E-01	3.054771E-01	2.965340E-01	
461	3.323609E-01	3.047466E-01	3.064738E-01	
462	3.239301E-01	2.908645E-01	2.892364E-01	
463	4.412847E-01	3.217724E-01	3.167789E-01	
464	3.242488E-01	2.930485E-01	2.913625E-01	
465	3.389529E-01	3.076260E-01	3.062322E-01	
466	2.713836E-01	2.837811E-01	2.976867E-01	
467	2.738825E-01	3.090803E-01	2.829939E-01	
468	2.810328E-01	3.022138E-01	2.887217E-01	
469	1.996162E-01	3.038209E-01	2.851887E-01	
470	3.644643E-01	3.171408E-01	2.988110E-01	
471	2.330335E-01	2.838445E-01	2.790020E-01	
472	2.895511E-01	3.253563E-01	3.050960E-01	
473	2.738149E-01	2.951628E-01	2.772391E-01	
474	2.599077E-01	3.495804E-01	2.879657E-01	
475	3.372527E-01	3.126395E-01	2.866237E-01	
476	1.357401E-01	3.174193E-01	2.739067E-01	
477	1.652722E-01	3.670520E-01	3.266709E-01	
478	2.077651E-01	3.185225E-01	2.753520E-01	
479	1.345527E-01	3.834417E-01	3.031130E-01	
480	2.018346E-01	3.450143E-01	2.815215E-01	
481	2.289618E-01	3.441644E-01	3.260622E-01	
482	1.854221E-01	3.366261E-01	2.957196E-01	
483	3.670823E-01	3.522206E-01	3.148987E-01	
484	1.989214E-01	3.598934E-01	3.869122E-01	
485	4.216024E-01	3.360948E-01	2.875662E-01	
486	1.015549E-01	3.737925E-01	4.002110E-01	
487	5.048387E-01	3.513304E-01	3.115504E-01	
488	1.475795E-01	4.081980E-01	3.866930E-01	
489	4.689006E-01	3.521945E-01	3.344299E-01	
490	5.400766E-01	4.008790E-01	3.914544E-01	
491	0	4.557078E-01	3.673904E-01	
492	0	4.056316E-01	3.587739E-01	
493	0	5.410568E-01	4.526732E-01	
494	0	4.385710E-01	3.830751E-01	
495	0	5.781678E-01	4.107750E-01	
496	0	4.402372E-01	3.748243E-01	
497	0	5.033433E-01	4.631170E-01	
498	0	4.626778E-01	3.801849E-01	
499	0	5.138801E-01	4.427543E-01	
500	0	0	0	
501	0	4.659638E-01	4.468213E-01	
502	0	0	0	
503	0	4.717897E-01	4.576171E-01	
504	0	0	0	
505	0	4.994570E-01	4.540331E-01	
506	0	0	5.699211E-01	
507	0	0	0	
508	0	5.045202E-01	4.927157E-01	
509	0	0	0	
510	0	5.812837E-01	5.120665E-01	
511	0	0	0	
512	0	6.447937E-01	6.079580E-01	
513	0	0	0	
514	0	0	0	
515	0	6.980298E-01	6.407445E-01	
516	0	0	0	
517	0	7.561316E-01	7.322665E-01	
518	0	0	0	
519	0	8.388110E-01	0	
520	0	0	0	
521	0	0	0	
522	0	0	0	
523	0	0	0	
524	0	0	0	
525	0	0	0	
526	0	0	0	
527	0	0	0	
528	0	0	0	
529	0	0	0	
530	0	0	0	
531	0	0	0	
532	0	0	0	
533	0	0	0	
534	0	0	0	
535	0	0	0	
536	0	0	0	
537	0	0	0	
538	0	0	0	
539	0	0	0	
540	0	0	0	
541	0	0	0	
542	0	0	0	
543	0	0	0	
544	0	0	0	
545	0	0	0	
546	0	0	0	
547	0	0	0	
548	0	0	0	
549	0	0	0	
550	0	0	0	
551	0	0	0	
552	0	0	0	
553	0	0	0	
554	0	0	0	
555	0	0	0	
556	0	0	0	
557	0	0	0	
558	0	0	0	
559	0	0	0	
560	0	0	0	
561	0	0	0	
562	0	0	0	
563	0	0	0	
564	0	0	0	
565	0	0	0	
566	0	0	0	
567	0	0	0	
568	0	0	0	
569	0	0	0	
570	0	0	0	
571	0	0	0	
572	0	0	0	
573	0	0	0	
574	0	0	0	
575	0	0	0	
576	0	0	0	
577	0	0	0	
578	0	0	0	
579	0	0	0	
580	0	0	0	
581	0	0	0	
582	0	0	0	
583	0	0	0	
584	0	0	0	
585	0	0	0	
586	0	0	0	
587	0	0	0	
588	0	0	0	
589	0	0	0	
590	0	0	0	
591	0	0	0	
592	0	0	0	
593	0	0	0	
594	0	0	0	
595	0	0	0	
596	0	0	0	
597	0	0	0	
598	0	0	0	
599	0	0	0	
#NewRun
0	0	0	0	
1	0	0	0	
2	0	0	0	
3	0	0	0	
4	3.141459E-01	3.476865E-01	3.413926E-01	
5	3.398190E-01	3.448147E-01	3.295217E-01	
6	3.268983E-01	3.248459E-01	3.458164E-01	
7	0	0	0	
8	3.220352E-01	3.471161E-01	3.290668E-01	
9	3.151000E-01	3.302583E-01	3.362402E-01	
10	0	0	0	
11	3.317594E-01	3.311941E-01	3.307462E-01	
12	3.217263E-01	3.464886E-01	3.317474E-01	
13	3.282573E-01	3.369378E-01	3.344886E-01	
14	3.354878E-01	3.354014E-01	3.269388E-01	
15	0	0	0	
16	3.280525E-01	3.396538E-01	3.309797E-01	
17	3.353456E-01	3.471039E-01	3.351434E-01	
18	3.377814E-01	3.349480E-01	3.334788E-01	
19	3.267401E-01	3.362830E-01	3.250393E-01	
20	3.324760E-01	3.407587E-01	3.300066E-01	
21	3.313179E-01	3.317217E-01	3.279887E-01	
22	3.308234E-01	3.397182E-01	3.202326E-01	
23	3.341580E-01	3.373429E-01	3.260047E-01	
24	3.337340E-01	3.409634E-01	3.275753E-01	
25	3.302088E-01	3.305710E-01	3.308903E-01	
26	3.367921E-01	3.345857E-01	3.272070E-01	
27	3.325959E-01	3.426461E-01	3.392643E-01	
28	3.366737E-01	3.337161E-01	3.268131E-01	
29	3.379944E-01	3.298888E-01	3.296607E-01	
30	3.364594E-01	3.279604E-01	3.364656E-01	
31	3.340204E-01	3.294411E-01	3.324258E-01	
32	3.319182E-01	3.328045E-01	3.299079E-01	
33	3.331048E-01	3.331710E-01	3.278344E-01	
34	3.316811E-01	3.342651E-01	3.296599E-01	
35	3.340788E-01	3.341423E-01	3.331175E-01	
36	3.309972E-01	3.327958E-01	3.281038E-01	
37	3.336370E-01	3.350059E-01	3.334066E-01	
38	3.326979E-01	3.350067E-01	3.264615E-01	
39	3.338048E-01	3.334436E-01	3.315951E-01	
40	3.343234E-01	3.312772E-01	3.314634E-01	
41	3.322608E-01	3.318457E-01	3.300810E-01	
42	3.349814E-01	3.341568E-01	3.320430E-01	
43	3.338779E-01	3.327817E-01	3.293447E-01	
44	3.337671E-01	3.297768E-01	3.306136E-01	
45	3.310429E-01	3.313548E-01	3.316938E-01	
46	3.306993E-01	3.324832E-01	3.319205E-01	
47	3.328323E-01	3.321316E-01	3.283417E-01	
48	3.300852E-01	3.303162E-01	3.294899E-01	
49	3.309655E-01	3.312952E-01	3.311601E-01	
50	3.266195E-01	3.322607E-01	3.280056E-01	
51	3.270694E-01	3.331110E-01	3.330068E-01	
52	3.291932E-01	3.311546E-01	3.294186E-01	
53	3.262691E-01	3.329260E-01	3.321177E-01	
54	3.250044E-01	3.328490E-01	3.296335E-01	
55	3.248985E-01	3.335977E-01	3.332762E-01	
56	3.230148E-01	3.319674E-01	3.279766E-01	
57	3.244034E-01	3.337969E-01	3.306293E-01	
58	3.237150E-01	3.337225E-01	3.312988E-01	
59	3.229982E-01	3.326291E-01	3.319735E-01	
60	3.233404E-01	3.326282E-01	3.305918E-01	
61	3.242080E-01	3.337180E-01	3.310050E-01	
62	3.206032E-01	3.314752E-01	3.283568E-01	
63	3.213875E-01	3.331608E-01	3.291635E-01	
64	3.207673E-01	3.325311E-01	3.291897E-01	
65	3.202207E-01	3.291634E-01	3.293269E-01	
66	3.212601E-01	3.281930E-01	3.306760E-01	
67	3.192745E-01	3.282793E-01	3.270008E-01	
68	3.201104E-01	3.275887E-01	3.289485E-01	
69	3.206223E-01	3.263782E-01	3.288649E-01	
70	3.195480E-01	3.267032E-01	3.281654E-01	
71	3.195678E-01	3.243351E-01	3.271416E-01	
72	3.199013E-01	3.265155E-01	3.276771E-01	
73	3.183091E-01	3.243513E-01	3.270589E-01	
74	3.205162E-01	3.241594E-01	3.255351E-01	
75	3.183643E-01	3.251040E-01	3.259866E-01	
76	3.180684E-01	3.228246E-01	3.242162E-01	
77	3.179978E-01	3.217889E-01	3.246880E-01	
78	3.160200E-01	3.228538E-01	3.236721E-01	
79	3.157248E-01	3.202724E-01	3.224480E-01	
80	3.169707E-01	3.192966E-01	3.233651E-01	
81	3.149590E-01	3.199983E-01	3.248788E-01	
82	3.134225E-01	3.171375E-01	3.220225E-01	
83	3.131844E-01	3.199524E-01	3.202322E-01	
84	3.130328E-01	3.164038E-01	3.210447E-01	
85	3.135243E-01	3.175139E-01	3.205694E-01	
86	3.139684E-01	3.172572E-01	3.196277E-01	
87	3.134963E-01	3.183459E-01	3.193292E-01	
88	3.122676E-01	3.167157E-01	3.183374E-01	
89	3.127541E-01	3.165094E-01	3.197305E-01	
90	3.129323E-01	3.196043E-01	3.185852E-01	
91	3.131032E-01	3.176670E-01	3.160442E-01	
92	3.110630E-01	3.184897E-01	3.160222E-01	
93	3.131694E-01	3.161740E-01	3.181660E-01	
94	3.116670E-01	3.176037E-01	3.171922E-01	
95	3.098285E-01	3.173300E-01	3.180145E-01	
96	3.107772E-01	3.162051E-01	3.171640E-01	
97	3.111907E-01	3.178950E-01	3.172373E-01	
98	3.090998E-01	3.169882E-01	3.169005E-01	
99	3.091644E-01	3.162650E-01	3.185605E-01	
100	3.101893E-01	3.170350E-01	3.169050E-01	
101	3.103505E-01	3.155827E-01	3.178289E-01	
102	3.097270E-01	3.168341E-01	3.169390E-01	
103	3.100421E-01	3.190516E-01	3.182676E-01	
104	3.106443E-01	3.161266E-01	3.170156E-01	
105	3.110694E-01	3.164374E-01	3.181578E-01	
106	3.122246E-01	3.181192E-01	3.190319E-01	
107	3.107966E-01	3.186635E-01	3.169110E-01	
108	3.109597E-01	3.183402E-01	3.169170E-01	
109	3.119103E-01	3.193926E-01	3.183507E-01	
110	3.125757E-01	3.185953E-01	3.204268E-01	
111	3.142190E-01	3.197828E-01	3.203508E-01	
112	3.148085E-01	3.216925E-01	3.199192E-01	
113	3.154053E-01	3.213847E-01	3.224258E-01	
114	3.160493E-01	3.219846E-01	3.218892E-01	
115	3.174404E-01	3.220202E-01	3.216940E-01	
116	3.177217E-01	3.221537E-01	3.209959E-01	
117	3.196934E-01	3.233911E-01	3.224158E-01	
118	3.210571E-01	3.234201E-01	3.225749E-01	
119	3.213163E-01	3.254984E-01	3.246830E-01	
120	3.228723E-01	3.256042E-01	3.246015E-01	
121	3.247299E-01	3.261654E-01	3.246515E-01	
122	3.260947E-01	3.265771E-01	3.257566E-01	
123	3.274992E-01	3.258576E-01	3.260012E-01	
124	3.272357E-01	3.286425E-01	3.262848E-01	
125	3.310036E-01	3.291869E-01	3.270025E-01	
126	3.309593E-01	3.295102E-01	3.279906E-01	
127	3.343277E-01	3.299476E-01	3.286315E-01	
128	3.344801E-01	3.326248E-01	3.294595E-01	
129	3.380621E-01	3.331293E-01	3.294620E-01	
130	3.393148E-01	3.336036E-01	3.316212E-01	
131	3.398092E-01	3.339221E-01	3.315663E-01	
132	3.409784E-01	3.364826E-01	3.329095E-01	
133	3.458877E-01	3.383407E-01	3.352118E-01	
134	3.489745E-01	3.379492E-01	3.359262E-01	
135	3.488792E-01	3.408542E-01	3.362571E-01	
136	3.496000E-01	3.415223E-01	3.371786E-01	
137	3.529196E-01	3.435354E-01	3.364270E-01	
138	3.568827E-01	3.453483E-01	3.396259E-01	
139	3.571854E-01	3.462549E-01	3.411203E-01	
140	3.579160E-01	3.480054E-01	3.427526E-01	
141	3.630626E-01	3.506365E-01	3.439764E-01	
142	3.642526E-01	3.515629E-01	3.451731E-01	
143	3.681618E-01	3.532459E-01	3.462635E-01	
144	3.683345E-01	3.546776E-01	3.480782E-01	
145	3.702175E-01	3.558277E-01	3.492541E-01	
146	3.740227E-01	3.560967E-01	3.499284E-01	
147	3.741401E-01	3.590529E-01	3.504485E-01	
148	3.774894E-01	3.618703E-01	3.535748E-01	
149	3.815575E-01	3.615454E-01	3.544838E-01	
150	3.866495E-01	3.638557E-01	3.562438E-01	
151	3.866554E-01	3.647552E-01	3.552277E-01	
152	3.890621E-01	3.670708E-01	3.597678E-01	
153	3.942463E-01	3.687281E-01	3.615575E-01	
154	3.974769E-01	3.716166E-01	3.619485E-01	
155	4.012692E-01	3.721384E-01	3.626712E-01	
156	4.050553E-01	3.738857E-01	3.688203E-01	
157	4.063928E-01	3.757681E-01	3.695352E-01	
158	4.113261E-01	3.793667E-01	3.703029E-01	
159	4.152737E-01	3.822602E-01	3.728267E-01	
160	4.163034E-01	3.824046E-01	3.759983E-01	
161	4.223411E-01	3.852215E-01	3.792284E-01	
162	4.233838E-01	3.843459E-01	3.789131E-01	
163	4.245599E-01	3.878134E-01	3.804883E-01	
164	4.298558E-01	3.886023E-01	3.840696E-01	
165	4.335484E-01	3.906187E-01	3.869997E-01	
166	4.369816E-01	3.925323E-01	3.878080E-01	
167	4.421467E-01	3.933665E-01	3.904279E-01	
168	4.434278E-01	3.947589E-01	3.930885E-01	
169	4.473625E-01	3.932473E-01	3.950828E-01	
170	4.543222E-01	3.971931E-01	3.954642E-01	
171	4.533460E-01	3.978932E-01	3.993401E-01	
172	4.642600E-01	3.990751E-01	4.039280E-01	
173	4.642870E-01	4.012306E-01	4.042297E-01	
174	4.656388E-01	4.041048E-01	4.065931E-01	
175	4.733591E-01	4.029036E-01	4.108258E-01	
176	4.725047E-01	4.071980E-01	4.104747E-01	
177	4.760891E-01	4.084984E-01	4.136193E-01	
178	4.814337E-01	4.079729E-01	4.139092E-01	
179	4.812287E-01	4.101177E-01	4.160630E-01	
180	4.843868E-01	4.113763E-01	4.170467E-01	
181	4.877957E-01	4.134769E-01	4.198980E-01	
182	4.921953E-01	4.142017E-01	4.197156E-01	
183	4.990841E-01	4.140120E-01	4.225966E-01	
184	4.942027E-01	4.151837E-01	4.221090E-01	
185	5.010205E-01	4.149346E-01	4.239520E-01	
186	5.038353E-01	4.183870E-01	4.267351E-01	
187	5.001107E-01	4.217443E-01	4.261738E-01	
188	5.097113E-01	4.247104E-01	4.313988E-01	
189	5.114971E-01	4.221702E-01	4.295852E-01	
190	5.111078E-01	4.233460E-01	4.331156E-01	
191	5.152972E-01	4.248018E-01	4.351747E-01	
192	5.158173E-01	4.296975E-01	4.364560E-01	
193	5.196476E-01	4.275236E-01	4.411316E-01	
194	5.268034E-01	4.311884E-01	4.371641E-01	
195	5.243342E-01	4.284712E-01	4.409486E-01	
196	5.342571E-01	4.326886E-01	4.407823E-01	
197	5.300172E-01	4.331964E-01	4.435028E-01	
198	5.400464E-01	4.332654E-01	4.458603E-01	
199	5.367644E-01	4.345973E-01	4.461115E-01	
200	5.401117E-01	4.334430E-01	4.451683E-01	
201	5.403210E-01	4.363197E-01	4.486496E-01	
202	5.455279E-01	4.360944E-01	4.485763E-01	
203	5.390876E-01	4.351668E-01	4.524298E-01	
204	5.383349E-01	4.377326E-01	4.522539E-01	
205	5.500315E-01	4.377482E-01	4.503323E-01	
206	5.465191E-01	4.388291E-01	4.523213E-01	
207	5.533650E-01	4.362458E-01	4.518691E-01	
208	5.509599E-01	4.402823E-01	4.550511E-01	
209	5.613673E-01	4.412482E-01	4.565681E-01	
210	5.505647E-01	4.390296E-01	4.513918E-01	
211	5.587696E-01	4.371938E-01	4.551830E-01	
212	5.515677E-01	4.389550E-01	4.513250E-01	
213	5.548992E-01	4.382106E-01	4.523124E-01	
214	5.732305E-01	4.369935E-01	4.500517E-01	
215	5.618359E-01	4.339875E-01	4.490211E-01	
216	5.667764E-01	4.333223E-01	4.465830E-01	
217	5.733293E-01	4.348525E-01	4.457895E-01	
218	5.730582E-01	4.276618E-01	4.410685E-01	
219	5.806384E-01	4.328018E-01	4.409578E-01	
220	5.723992E-01	4.279318E-01	4.408381E-01	
221	5.746777E-01	4.279519E-01	4.393201E-01	
222	5.782277E-01	4.263043E-01	4.407906E-01	
223	5.769693E-01	4.215631E-01	4.351515E-01	
224	5.846613E-01	4.193524E-01	4.314372E-01	
225	5.714548E-01	4.179069E-01	4.326931E-01	
226	5.780056E-01	4.190291E-01	4.294507E-01	
227	5.885551E-01	4.211755E-01	4.302030E-01	
228	5.936879E-01	4.172772E-01	4.274424E-01	
229	5.799234E-01	4.181277E-01	4.259772E-01	
230	5.935060E-01	4.155557E-01	4.278267E-01	
231	5.777961E-01	4.093721E-01	4.189246E-01	
232	5.805391E-01	4.108577E-01	4.228136E-01	
233	5.782711E-01	4.157259E-01	4.206971E-01	
234	5.781706E-01	4.081170E-01	4.198098E-01	
235	5.737411E-01	4.077634E-01	4.122405E-01	
236	5.844039E-01	4.060596E-01	4.132531E-01	
237	5.792693E-01	4.011971E-01	4.061513E-01	
238	5.630892E-01	4.011302E-01	4.042546E-01	
239	5.724901E-01	3.963597E-01	4.032212E-01	
240	5.912885E-01	3.963199E-01	3.983476E-01	
241	5.776181E-01	3.948006E-01	4.002138E-01	
242	5.935335E-01	3.959738E-01	4.002484E-01	
243	5.979704E-01	3.935873E-01	3.995681E-01	
244	5.736191E-01	3.967902E-01	3.957204E-01	
245	5.905772E-01	3.929982E-01	3.933249E-01	
246	5.830941E-01	3.887337E-01	3.933493E-01	
247	5.717817E-01	3.894165E-01	3.897907E-01	
248	5.804811E-01	3.865895E-01	3.878961E-01	
249	5.783279E-01	3.834747E-01	3.867081E-01	
250	6.069938E-01	3.807691E-01	3.866317E-01	
251	5.373537E-01	3.798121E-01	3.845370E-01	
252	5.852473E-01	3.796507E-01	3.768919E-01	
253	5.729389E-01	3.775825E-01	3.747740E-01	
254	5.633094E-01	3.724835E-01	3.727859E-01	
255	5.447752E-01	3.743038E-01	3.729580E-01	
256	5.521673E-01	3.665777E-01	3.658482E-01	
257	5.394569E-01	3.689603E-01	3.696261E-01	
258	5.502581E-01	3.645768E-01	3.671677E-01	
259	5.477107E-01	3.617465E-01	3.642022E-01	
260	5.471338E-01	3.600852E-01	3.618764E-01	
261	5.433346E-01	3.562576E-01	3.608063E-01	
262	5.499552E-01	3.567729E-01	3.583621E-01	
263	5.766337E-01	3.562785E-01	3.589555E-01	
264	5.605970E-01	3.513055E-01	3.542615E-01	
265	5.345193E-01	3.473693E-01	3.540339E-01	
266	5.426713E-01	3.492871E-01	3.534646E-01	
267	5.286153E-01	3.491750E-01	3.524106E-01	
268	5.559242E-01	3.445748E-01	3.468448E-01	
269	5.382203E-01	3.421621E-01	3.404525E-01	
270	5.094013E-01	3.392126E-01	3.468470E-01	
271	4.831473E-01	3.386132E-01	3.402987E-01	
272	4.750550E-01	3.355117E-01	3.348652E-01	
273	5.108403E-01	3.334071E-01	3.344587E-01	
274	4.709364E-01	3.333692E-01	3.409167E-01	
275	4.572396E-01	3.329544E-01	3.360953E-01	
276	4.501633E-01	3.249266E-01	3.326437E-01	
277	4.440641E-01	3.252735E-01	3.318881E-01	
278	4.218826E-01	3.221895E-01	3.312437E-01	
279	4.728312E-01	3.223048E-01	3.270402E-01	
280	4.203427E-01	3.220933E-01	3.303783E-01	
281	3.921564E-01	3.157720E-01	3.209719E-01	
282	3.543725E-01	3.160421E-01	3.194290E-01	
283	3.837601E-01	3.155608E-01	3.199384E-01	
284	3.895425E-01	3.145203E-01	3.184035E-01	
285	3.302919E-01	3.171320E-01	3.226372E-01	
286	3.523679E-01	3.176073E-01	3.202055E-01	
287	3.527345E-01	3.111059E-01	3.132360E-01	
288	3.644126E-01	3.057577E-01	3.127885E-01	
289	3.211227E-01	3.110206E-01	3.155901E-01	
290	2.736526E-01	3.060894E-01	3.138253E-01	
291	3.081454E-01	3.078931E-01	3.113507E-01	
292	2.743076E-01	3.040028E-01	3.091800E-01	
293	2.880301E-01	3.048173E-01	3.063241E-01	
294	2.825509E-01	3.086885E-01	3.140956E-01	
295	2.927798E-01	3.027239E-01	3.090058E-01	
296	2.922678E-01	3.069088E-01	3.042321E-01	
297	2.841070E-01	2.978816E-01	3.058127E-01	
298	3.294293E-01	3.070273E-01	3.086008E-01	
299	3.009383E-01	2.970887E-01	3.068152E-01	
300	2.964440E-01	3.024201E-01	3.080301E-01	
301	3.111514E-01	2.992445E-01	3.043066E-01	
302	3.031840E-01	2.980879E-01	3.041127E-01	
303	2.942415E-01	3.019766E-01	3.013025E-01	
304	3.237076E-01	2.958828E-01	3.009593E-01	
305	2.929275E-01	2.978082E-01	2.999581E-01	
306	2.849925E-01	2.965963E-01	2.983655E-01	
307	3.102111E-01	2.906866E-01	2.986681E-01	
308	2.701680E-01	2.950926E-01	2.998425E-01	
309	2.598567E-01	2.944430E-01	2.980450E-01	
310	2.757457E-01	2.931308E-01	3.036898E-01	
311	2.814531E-01	2.899086E-01	3.035412E-01	
312	2.836216E-01	2.902896E-01	2.993790E-01	
313	2.535759E-01	2.903245E-01	3.027708E-01	
314	2.672091E-01	2.939752E-01	2.975851E-01	
315	2.641846E-01	2.880178E-01	3.009399E-01	
316	2.931252E-01	2.841649E-01	2.971642E-01	
317	2.775357E-01	2.869058E-01	2.999333E-01	
318	2.751107E-01	2.847580E-01	3.034519E-01	
319	2.606440E-01	2.827997E-01	3.057618E-01	
320	2.443719E-01	2.834451E-01	3.054319E-01	
321	2.447885E-01	2.899835E-01	2.987660E-01	
322	2.394804E-01	2.835289E-01	3.052712E-01	
323	2.585286E-01	2.871698E-01	3.035303E-01	
324	2.298312E-01	2.870733E-01	3.020493E-01	
325	2.569146E-01	2.865531E-01	3.121855E-01	
326	2.358940E-01	2.845772E-01	3.006320E-01	
327	2.453166E-01	2.835147E-01	2.999833E-01	
328	2.876600E-01	2.879168E-01	3.036211E-01	
329	2.208232E-01	2.858825E-01	3.028372E-01	
330	2.166868E-01	2.833604E-01	3.043661E-01	
331	2.462358E-01	2.866420E-01	3.080064E-01	
332	2.341656E-01	2.858563E-01	3.037221E-01	
333	2.276669E-01	2.879861E-01	3.052927E-01	
334	2.341760E-01	2.872882E-01	3.010509E-01	
335	2.267520E-01	2.847887E-01	3.030548E-01	
336	2.265924E-01	2.900812E-01	3.064224E-01	
337	2.364498E-01	2.862168E-01	3.057884E-01	
338	2.120723E-01	2.836733E-01	3.026657E-01	
339	1.908444E-01	2.864375E-01	3.020460E-01	
340	2.043855E-01	2.864543E-01	3.065406E-01	
341	2.189307E-01	2.894368E-01	3.028116E-01	
342	2.075566E-01	2.912572E-01	3.050562E-01	
343	2.310848E-01	2.873897E-01	2.998740E-01	
344	2.288460E-01	2.888597E-01	3.010629E-01	
345	1.991307E-01	2.884561E-01	2.997267E-01	
346	2.470192E-01	2.907942E-01	3.013842E-01	
347	2.574616E-01	2.909569E-01	3.035689E-01	
348	2.497394E-01	2.871759E-01	3.004226E-01	
349	2.439315E-01	2.893234E-01	3.008646E-01	
350	2.600555E-01	2.883469E-01	3.052825E-01	
351	2.575764E-01	2.897445E-01	2.977241E-01	
352	2.930818E-01	2.940469E-01	3.001551E-01	
353	2.851569E-01	2.902551E-01	2.951423E-01	
354	3.180597E-01	2.873412E-01	3.003178E-01	
355	3.144167E-01	2.859543E-01	3.016769E-01	
356	2.751330E-01	2.836139E-01	2.991085E-01	
357	3.088750E-01	2.837497E-01	2.968742E-01	
358	2.864292E-01	2.829182E-01	2.973535E-01	
359	3.009150E-01	2.806411E-01	2.913307E-01	
360	2.916530E-01	2.801571E-01	2.955930E-01	
361	3.228513E-01	2.800225E-01	2.973344E-01	
362	3.092345E-01	2.819943E-01	2.917150E-01	
363	3.045927E-01	2.781486E-01	2.982277E-01	
364	3.498005E-01	2.756322E-01	2.923710E-01	
365	3.085837E-01	2.817860E-01	2.947556E-01	
366	3.829945E-01	2.740390E-01	2.886026E-01	
367	3.472567E-01	2.740821E-01	2.898385E-01	
368	3.783906E-01	2.745270E-01	2.909337E-01	
369	4.039847E-01	2.684297E-01	2.858111E-01	
370	3.991597E-01	2.693500E-01	2.883756E-01	
371	4.614250E-01	2.729015E-01	2.939448E-01	
372	3.509016E-01	2.705269E-01	2.885180E-01	
373	4.087435E-01	2.710671E-01	2.965585E-01	
374	5.138436E-01	2.738344E-01	2.924283E-01	
375	4.157712E-01	2.732880E-01	2.892564E-01	
376	4.593885E-01	2.733131E-01	2.946355E-01	
377	3.835222E-01	2.692890E-01	2.953762E-01	
378	4.119321E-01	2.734273E-01	2.936532E-01	
379	4.391012E-01	2.701164E-01	2.860706E-01	
380	4.572275E-01	2.746130E-01	2.902597E-01	
381	3.845161E-01	2.757620E-01	2.885958E-01	
382	4.133845E-01	2.724376E-01	2.858113E-01	
383	4.801643E-01	2.689618E-01	2.891166E-01	
384	4.440190E-01	2.742912E-01	2.892312E-01	
385	4.172402E-01	2.737289E-01	2.839007E-01	
386	4.930558E-01	2.727258E-01	2.927796E-01	
387	4.348741E-01	2.738279E-01	2.783604E-01	
388	4.045753E-01	2.809133E-01	2.830697E-01	
389	4.104909E-01	2.747065E-01	2.839873E-01	
390	3.753907E-01	2.782423E-01	2.873667E-01	
391	3.662417E-01	2.767652E-01	2.853023E-01	
392	3.573628E-01	2.756503E-01	2.771311E-01	
393	3.298325E-01	2.750596E-01	2.791597E-01	
394	4.565264E-01	2.732961E-01	2.758242E-01	
395	5.396459E-01	2.778434E-01	2.788297E-01	
396	3.448831E-01	2.781618E-01	2.796874E-01	
397	5.451120E-01	2.805374E-01	2.821307E-01	
398	3.920473E-01	2.787823E-01	2.798699E-01	
399	5.403620E-01	2.863797E-01	2.866829E-01	
400	5.818028E-01	2.805954E-01	2.770576E-01	
401	5.751806E-01	2.835168E-01	2.779269E-01	
402	5.470024E-01	2.844487E-01	2.809938E-01	
403	5.847611E-01	2.811160E-01	2.754155E-01	
404	5.724968E-01	2.913659E-01	2.840521E-01	
405	6.646483E-01	2.846642E-01	2.842205E-01	
406	5.586453E-01	2.831214E-01	2.834445E-01	
407	6.061719E-01	2.883048E-01	2.839921E-01	
408	7.164181E-01	2.951969E-01	2.765284E-01	
409	6.888092E-01	2.988741E-01	2.805982E-01	
410	7.061807E-01	2.930648E-01	2.846402E-01	
411	7.537406E-01	2.957584E-01	2.884087E-01	
412	7.170853E-01	2.932463E-01	2.764747E-01	
413	8.210191E-01	3.038143E-01	2.856620E-01	
414	6.575389E-01	2.976306E-01	2.959268E-01	
415	7.249556E-01	3.038770E-01	2.891436E-01	
416	4.758527E-01	2.984963E-01	2.920966E-01	
417	6.223809E-01	2.980161E-01	2.920744E-01	
418	8.216832E-01	2.990620E-01	2.885219E-01	
419	5.890824E-01	3.058643E-01	2.952550E-01	
420	9.657065E-01	3.013585E-01	2.940421E-01	
421	9.617772E-01	3.009855E-01	2.968150E-01	
422	8.881516E-01	3.026247E-01	2.977136E-01	
423	8.142079E-01	2.924886E-01	2.933756E-01	
424	0	2.934527E-01	2.979531E-01	
425	9.526580E-01	3.045044E-01	2.949933E-01	
426	6.613962E-01	2.924636E-01	2.979855E-01	
427	0	3.020183E-01	2.980031E-01	
428	5.820282E-01	2.948872E-01	2.972450E-01	
429	6.248910E-01	2.911331E-01	2.968372E-01	
430	6.614839E-01	2.985998E-01	3.004276E-01	
431	6.244413E-01	2.824230E-01	2.895842E-01	
432	6.590939E-01	2.907141E-01	2.936953E-01	
433	0	3.041083E-01	3.082869E-01	
434	0	2.860599E-01	3.007784E-01	
435	0	2.861759E-01	3.024428E-01	
436	6.912907E-01	2.951298E-01	2.938711E-01	
437	0	2.865096E-01	3.012089E-01	
438	0	2.874289E-01	3.055858E-01	
439	0	2.825868E-01	2.860698E-01	
440	0	2.778349E-01	3.066472E-01	
441	0	2.743982E-01	2.981451E-01	
442	0	2.766505E-01	3.045081E-01	
443	0	2.802790E-01	2.853903E-01	
444	0	2.883126E-01	3.045814E-01	
445	0	2.817529E-01	3.119041E-01	
446	0	2.706199E-01	2.963172E-01	
447	0	2.920000E-01	3.265809E-01	
448	0	2.830630E-01	3.089262E-01	
449	0	2.831416E-01	3.302928E-01	
450	0	2.851379E-01	3.089010E-01	
451	0	2.887628E-01	3.044283E-01	
452	0	2.966507E-01	3.270483E-01	
453	0	2.938565E-01	3.002884E-01	
454	0	2.841467E-01	3.340802E-01	
455	0	2.890059E-01	3.012382E-01	
456	0	2.818185E-01	3.159242E-01	
457	0	2.869722E-01	3.062935E-01	
458	0	2.906339E-01	2.941451E-01	
459	0	2.825094E-01	3.179444E-01	
460	0	2.808811E-01	2.874670E-01	
461	0	2.882149E-01	3.296828E-01	
462	0	2.919124E-01	2.952709E-01	
463	0	2.916649E-01	3.196010E-01	
464	0	2.889796E-01	3.152790E-01	
465	0	2.832709E-01	3.164794E-01	
466	0	2.955703E-01	3.060525E-01	
467	0	2.808693E-01	3.133109E-01	
468	0	2.852377E-01	3.261106E-01	
469	0	2.859839E-01	3.008491E-01	
470	0	2.920923E-01	3.263368E-01	
471	0	3.000052E-01	2.883570E-01	
472	0	2.893085E-01	3.112426E-01	
473	0	2.888426E-01	3.033679E-01	
474	0	3.184546E-01	3.001117E-01	
475	0	2.945360E-01	3.162561E-01	
476	0	2.990719E-01	3.068477E-01	
477	0	3.307357E-01	3.457593E-01	
478	0	2.944014E-01	3.191822E-01	
479	0	3.210471E-01	3.288664E-01	
480	0	3.054208E-01	3.057783E-01	
481	0	3.401800E-01	3.715054E-01	
482	0	3.340131E-01	3.252412E-01	
483	0	3.176129E-01	3.709048E-01	
484	0	3.663724E-01	4.405264E-01	
485	0	3.342793E-01	3.383139E-01	
486	0	3.801616E-01	3.986258E-01	
487	0	3.442218E-01	3.583969E-01	
488	0	4.189204E-01	4.119189E-01	
489	0	3.307285E-01	3.532744E-01	
490	0	4.126555E-01	4.237834E-01	
491	0	3.874709E-01	3.576300E-01	
492	0	3.659269E-01	3.777232E-01	
493	0	4.979688E-01	5.518996E-01	
494	0	3.856080E-01	3.682150E-01	
495	0	5.690745E-01	5.093915E-01	
496	0	3.766829E-01	3.676004E-01	
497	0	4.937329E-01	4.650470E-01	
498	0	3.815614E-01	3.665724E-01	
499	0	4.471730E-01	4.076831E-01	
500	0	0	0	
501	0	4.416930E-01	3.634492E-01	
502	0	0	0	
503	0	4.716033E-01	4.021073E-01	
504	0	0	0	
505	0	4.951738E-01	3.965661E-01	
506	0	4.570897E-01	2.231508E-01	
507	0	0	0	
508	0	5.247079E-01	4.298665E-01	
509	0	0	0	
510	0	5.602321E-01	5.244342E-01	
511	0	0	0	
512	0	5.349166E-01	4.568778E-01	
513	0	0	0	
514	0	0	0	
515	0	6.487031E-01	4.983799E-01	
516	0	0	0	
517	0	6.269587E-01	7.285623E-01	
518	0	0	0	
519	0	6.677406E-01	7.941647E-01	
520	0	0	0	
521	0	0	0	
522	0	0	0	
523	0	0	0	
524	0	0	0	
525	0	0	0	
526	0	0	0	
527	0	0	0	
528	0	0	0	
529	0	0	0	
530	0	0	0	
531	0	0	0	
532	0	0	0	
533	0	0	0	
534	0	0	0	
535	0	0	0	
536	0	0	0	
537	0	0	0	
538	0	0	0	
539	0	0	0	
540	0	0	0	
541	0	0	0	
542	0	0	0	
543	0	0	0	
544	0	0	0	
545	0	0	0	
546	0	0	0	
547	0	0	0	
548	0	0	0	
549	0	0	0	
550	0	0	0	
551	0	0	0	
552	0	0	0	
553	0	0	0	
554	0	0	0	
555	0	0	0	
556	0	0	0	
557	0	0	0	
558	0	0	0	
559	0	0	0	
560	0	0	0	
561	0	0	0	
562	0	0	0	
563	0	0	0	
564	0	0	0	
565	0	0	0	
566	0	0	0	
567	0	0	0	
568	0	0	0	
569	0	0	0	
570	0	0	0	
571	0	0	0	
572	0	0	0	
573	0	0	0	
574	0	0	0	
575	0	0	0	
576	0	0	0	
577	0	0	0	
578	0	0	0	
579	0	0	0	
580	0	0	0	
581	0	0	0	
582	0	0	0	
583	0	0	0	
584	0	0	0	
585	0	0	0	
586	0	0	0	
587	0	0	0	
588	0	0	0	
589	0	0	0	
590	0	0	0	
591	0	0	0	
592	0	0	0	
593	0	0	0	
594	0	0	0	
595	0	0	0	
596	0	0	0	
597	0	0	0	
598	0	0	0	
599	0	0	0	
#NewRun
