#COM_Bin	Avg_cosine_squared
#Order is chain type
0	0	0	0	
1	0	0	0	
2	0	0	0	
3	0	0	0	
4	3.352671E-01	3.408115E-01	0	
5	3.322576E-01	3.342290E-01	2.123116E-01	
6	3.360982E-01	3.238722E-01	0	
7	0	0	0	
8	3.341917E-01	3.315345E-01	1.256601E-01	
9	3.334296E-01	3.406207E-01	1.068376E-02	
10	0	0	0	
11	3.218405E-01	3.292302E-01	4.366812E-03	
12	3.299121E-01	3.337785E-01	1.922770E-01	
13	3.337598E-01	3.323501E-01	1.058375E-01	
14	3.334023E-01	3.294976E-01	3.454435E-01	
15	0	0	0	
16	3.323653E-01	3.352112E-01	4.681853E-01	
17	3.338115E-01	3.367594E-01	3.816145E-01	
18	3.279790E-01	3.340611E-01	4.075362E-01	
19	3.258448E-01	3.328133E-01	1.857716E-01	
20	3.332772E-01	3.303253E-01	3.507028E-01	
21	3.308639E-01	3.280228E-01	3.155066E-01	
22	3.319788E-01	3.294170E-01	3.796191E-01	
23	3.304714E-01	3.303785E-01	2.191183E-01	
24	3.293517E-01	3.277307E-01	3.041442E-01	
25	3.303387E-01	3.301500E-01	3.320121E-01	
26	3.243504E-01	3.325904E-01	3.256382E-01	
27	3.259685E-01	3.299343E-01	3.111356E-01	
28	3.266634E-01	3.298666E-01	2.883402E-01	
29	3.287571E-01	3.316125E-01	2.646737E-01	
30	3.289796E-01	3.277969E-01	2.777970E-01	
31	3.265963E-01	3.302412E-01	3.171160E-01	
32	3.258280E-01	3.269619E-01	2.815475E-01	
33	3.291695E-01	3.277941E-01	3.021347E-01	
34	3.256932E-01	3.292921E-01	3.048475E-01	
35	3.287494E-01	3.297715E-01	3.154718E-01	
36	3.296513E-01	3.278807E-01	3.333007E-01	
37	3.268700E-01	3.278010E-01	3.169392E-01	
38	3.298109E-01	3.299837E-01	3.525132E-01	
39	3.280721E-01	3.299958E-01	3.221819E-01	
40	3.277195E-01	3.271099E-01	3.142473E-01	
41	3.267810E-01	3.294170E-01	3.298312E-01	
42	3.255109E-01	3.279674E-01	3.254392E-01	
43	3.265932E-01	3.266773E-01	3.440478E-01	
44	3.272296E-01	3.265017E-01	3.278151E-01	
45	3.279109E-01	3.243421E-01	3.170547E-01	
46	3.250192E-01	3.251203E-01	3.471260E-01	
47	3.285611E-01	3.239697E-01	3.454391E-01	
48	3.231726E-01	3.231667E-01	3.260619E-01	
49	3.247240E-01	3.243030E-01	3.310519E-01	
50	3.242775E-01	3.220894E-01	3.410901E-01	
51	3.243160E-01	3.214254E-01	3.248182E-01	
52	3.216832E-01	3.200816E-01	3.346786E-01	
53	3.197019E-01	3.187877E-01	3.404991E-01	
54	3.185883E-01	3.187716E-01	3.343159E-01	
55	3.187550E-01	3.176826E-01	3.344434E-01	
56	3.185133E-01	3.169769E-01	3.344869E-01	
57	3.165250E-01	3.157296E-01	3.301941E-01	
58	3.147972E-01	3.145987E-01	3.440059E-01	
59	3.163925E-01	3.160631E-01	3.281918E-01	
60	3.152301E-01	3.152035E-01	3.360668E-01	
61	3.134358E-01	3.157649E-01	3.371285E-01	
62	3.129916E-01	3.162834E-01	3.327006E-01	
63	3.127817E-01	3.135682E-01	3.247707E-01	
64	3.104291E-01	3.122547E-01	3.385159E-01	
65	3.087963E-01	3.148198E-01	3.325391E-01	
66	3.115629E-01	3.138368E-01	3.292778E-01	
67	3.105189E-01	3.128890E-01	3.308923E-01	
68	3.081296E-01	3.109860E-01	3.270300E-01	
69	3.070875E-01	3.111199E-01	3.250968E-01	
70	3.069910E-01	3.091901E-01	3.214468E-01	
71	3.067846E-01	3.092078E-01	3.217259E-01	
72	3.064184E-01	3.089385E-01	3.171662E-01	
73	3.048761E-01	3.079317E-01	3.207648E-01	
74	3.043681E-01	3.046189E-01	3.077653E-01	
75	3.043169E-01	3.057581E-01	3.176141E-01	
76	3.031882E-01	3.067732E-01	3.160750E-01	
77	3.031678E-01	3.044698E-01	3.216635E-01	
78	3.025672E-01	3.046884E-01	3.124165E-01	
79	3.013396E-01	3.032709E-01	3.136279E-01	
80	3.007268E-01	3.056326E-01	3.082860E-01	
81	2.999396E-01	3.043329E-01	3.071983E-01	
82	2.994459E-01	3.043904E-01	3.023160E-01	
83	2.993393E-01	3.021163E-01	3.043457E-01	
84	3.005105E-01	3.031860E-01	2.962452E-01	
85	2.989558E-01	3.029165E-01	2.961581E-01	
86	2.976026E-01	3.029793E-01	2.940152E-01	
87	2.994767E-01	3.024832E-01	2.891332E-01	
88	2.986961E-01	3.034981E-01	2.878636E-01	
89	2.986451E-01	3.045768E-01	2.830368E-01	
90	2.985724E-01	3.042814E-01	2.806310E-01	
91	2.993987E-01	3.034974E-01	2.815936E-01	
92	2.999712E-01	3.051126E-01	2.717686E-01	
93	2.992024E-01	3.059000E-01	2.767934E-01	
94	3.014208E-01	3.063252E-01	2.718310E-01	
95	3.018140E-01	3.078357E-01	2.713393E-01	
96	3.017227E-01	3.093958E-01	2.684885E-01	
97	3.029321E-01	3.106726E-01	2.681301E-01	
98	3.037107E-01	3.119481E-01	2.627823E-01	
99	3.053134E-01	3.139966E-01	2.670914E-01	
100	3.069335E-01	3.157175E-01	2.634788E-01	
101	3.085334E-01	3.170355E-01	2.612575E-01	
102	3.113387E-01	3.205767E-01	2.599086E-01	
103	3.123158E-01	3.204969E-01	2.603633E-01	
104	3.142054E-01	3.245386E-01	2.592268E-01	
105	3.173831E-01	3.280550E-01	2.627185E-01	
106	3.181881E-01	3.295946E-01	2.597518E-01	
107	3.210549E-01	3.315554E-01	2.588311E-01	
108	3.234954E-01	3.346929E-01	2.565148E-01	
109	3.265019E-01	3.383822E-01	2.604877E-01	
110	3.290270E-01	3.398010E-01	2.602235E-01	
111	3.329528E-01	3.442168E-01	2.581657E-01	
112	3.350472E-01	3.468573E-01	2.572766E-01	
113	3.387208E-01	3.501469E-01	2.597481E-01	
114	3.414056E-01	3.536185E-01	2.590172E-01	
115	3.445387E-01	3.581758E-01	2.576864E-01	
116	3.480898E-01	3.603918E-01	2.606361E-01	
117	3.510551E-01	3.633754E-01	2.596347E-01	
118	3.545020E-01	3.669851E-01	2.586629E-01	
119	3.581063E-01	3.704979E-01	2.603228E-01	
120	3.615300E-01	3.756632E-01	2.604826E-01	
121	3.645380E-01	3.784254E-01	2.614186E-01	
122	3.714264E-01	3.819782E-01	2.625819E-01	
123	3.743154E-01	3.862977E-01	2.619961E-01	
124	3.770903E-01	3.908030E-01	2.661231E-01	
125	3.820975E-01	3.957247E-01	2.667245E-01	
126	3.869209E-01	3.981700E-01	2.696710E-01	
127	3.895023E-01	4.040346E-01	2.686359E-01	
128	3.947226E-01	4.083358E-01	2.723492E-01	
129	3.986113E-01	4.132942E-01	2.740338E-01	
130	4.047175E-01	4.184626E-01	2.751662E-01	
131	4.090596E-01	4.236485E-01	2.770485E-01	
132	4.105571E-01	4.267948E-01	2.801478E-01	
133	4.173722E-01	4.330462E-01	2.825414E-01	
134	4.212191E-01	4.395697E-01	2.836851E-01	
135	4.249094E-01	4.447755E-01	2.860904E-01	
136	4.319679E-01	4.489691E-01	2.882650E-01	
137	4.353790E-01	4.532698E-01	2.910595E-01	
138	4.385347E-01	4.594021E-01	2.931595E-01	
139	4.453842E-01	4.664396E-01	2.966126E-01	
140	4.491790E-01	4.684762E-01	3.014055E-01	
141	4.578160E-01	4.733647E-01	2.979930E-01	
142	4.622663E-01	4.794334E-01	3.023449E-01	
143	4.676299E-01	4.834053E-01	3.048512E-01	
144	4.711751E-01	4.899791E-01	3.095728E-01	
145	4.799330E-01	4.938982E-01	3.105511E-01	
146	4.844344E-01	5.012743E-01	3.138604E-01	
147	4.881918E-01	5.078860E-01	3.181820E-01	
148	4.918897E-01	5.098946E-01	3.186325E-01	
149	5.005963E-01	5.184536E-01	3.244828E-01	
150	5.035960E-01	5.212446E-01	3.278118E-01	
151	5.089884E-01	5.301814E-01	3.289476E-01	
152	5.127756E-01	5.309554E-01	3.362730E-01	
153	5.187252E-01	5.389185E-01	3.355744E-01	
154	5.217958E-01	5.394592E-01	3.413411E-01	
155	5.311935E-01	5.470051E-01	3.425340E-01	
156	5.367712E-01	5.545604E-01	3.446393E-01	
157	5.441535E-01	5.557287E-01	3.463084E-01	
158	5.483909E-01	5.611145E-01	3.494683E-01	
159	5.568167E-01	5.667315E-01	3.519865E-01	
160	5.586577E-01	5.675931E-01	3.532009E-01	
161	5.624667E-01	5.716611E-01	3.565515E-01	
162	5.697737E-01	5.822594E-01	3.584715E-01	
163	5.726333E-01	5.858154E-01	3.610501E-01	
164	5.856348E-01	5.914465E-01	3.642029E-01	
165	5.837186E-01	5.953352E-01	3.663540E-01	
166	5.887883E-01	5.991589E-01	3.648890E-01	
167	5.961298E-01	6.047588E-01	3.701435E-01	
168	6.039034E-01	6.087468E-01	3.700874E-01	
169	6.094188E-01	6.163723E-01	3.731914E-01	
170	6.102372E-01	6.210665E-01	3.755083E-01	
171	6.169845E-01	6.252131E-01	3.766971E-01	
172	6.160663E-01	6.313724E-01	3.799299E-01	
173	6.314400E-01	6.362869E-01	3.810539E-01	
174	6.339340E-01	6.372921E-01	3.824830E-01	
175	6.336101E-01	6.427292E-01	3.836814E-01	
176	6.437859E-01	6.416723E-01	3.848333E-01	
177	6.626479E-01	6.400960E-01	3.858037E-01	
178	6.515336E-01	6.403276E-01	3.908385E-01	
179	6.669729E-01	6.519310E-01	3.917089E-01	
180	6.785940E-01	6.456616E-01	3.866778E-01	
181	6.689089E-01	6.387948E-01	3.923286E-01	
182	6.812197E-01	6.430024E-01	3.905618E-01	
183	6.769417E-01	6.485496E-01	3.937422E-01	
184	6.750740E-01	6.413211E-01	3.927791E-01	
185	6.954792E-01	6.355265E-01	3.913565E-01	
186	6.858021E-01	6.424846E-01	3.936573E-01	
187	6.980082E-01	6.395314E-01	3.926987E-01	
188	6.903638E-01	6.418560E-01	3.880161E-01	
189	6.948166E-01	6.348668E-01	3.908287E-01	
190	7.161931E-01	6.277447E-01	3.906973E-01	
191	7.127772E-01	6.360036E-01	3.901432E-01	
192	7.080712E-01	6.236777E-01	3.867152E-01	
193	7.159274E-01	6.155443E-01	3.856177E-01	
194	7.307635E-01	6.233660E-01	3.913070E-01	
195	7.100137E-01	6.267264E-01	3.870577E-01	
196	7.340273E-01	6.224155E-01	3.874893E-01	
197	7.375964E-01	6.038525E-01	3.859418E-01	
198	7.448683E-01	5.951134E-01	3.845622E-01	
199	7.303415E-01	6.055105E-01	3.863354E-01	
200	7.310832E-01	6.015152E-01	3.816001E-01	
201	7.403260E-01	5.784599E-01	3.821121E-01	
202	7.369509E-01	5.877486E-01	3.774524E-01	
203	7.220281E-01	5.500852E-01	3.798316E-01	
204	7.314828E-01	5.871931E-01	3.779240E-01	
205	7.313524E-01	5.595209E-01	3.739491E-01	
206	7.174796E-01	5.655307E-01	3.741180E-01	
207	7.480769E-01	5.348616E-01	3.720756E-01	
208	7.537954E-01	5.437342E-01	3.713547E-01	
209	7.025209E-01	5.392193E-01	3.691925E-01	
210	7.134749E-01	5.163817E-01	3.695721E-01	
211	7.164596E-01	5.208476E-01	3.655679E-01	
212	7.215892E-01	5.085158E-01	3.693180E-01	
213	7.273640E-01	5.152161E-01	3.653099E-01	
214	7.321112E-01	5.035204E-01	3.644111E-01	
215	7.210000E-01	4.913024E-01	3.675895E-01	
216	7.191181E-01	4.977808E-01	3.635962E-01	
217	7.538734E-01	4.782966E-01	3.624524E-01	
218	7.216592E-01	4.765248E-01	3.649108E-01	
219	7.496954E-01	4.611776E-01	3.624737E-01	
220	7.699563E-01	4.679208E-01	3.621840E-01	
221	7.362966E-01	4.833942E-01	3.560849E-01	
222	7.214715E-01	4.441604E-01	3.569287E-01	
223	7.431342E-01	4.376739E-01	3.562946E-01	
224	7.209843E-01	4.578107E-01	3.549331E-01	
225	6.691080E-01	4.206751E-01	3.542297E-01	
226	7.772551E-01	4.085549E-01	3.522886E-01	
227	7.346799E-01	4.191479E-01	3.518091E-01	
228	7.103627E-01	4.223370E-01	3.531204E-01	
229	7.182037E-01	3.995591E-01	3.497345E-01	
230	7.471140E-01	4.294524E-01	3.499239E-01	
231	6.858263E-01	4.248479E-01	3.452098E-01	
232	7.156443E-01	4.301174E-01	3.472359E-01	
233	6.962535E-01	4.008271E-01	3.464330E-01	
234	6.460122E-01	4.199337E-01	3.438412E-01	
235	6.772056E-01	4.360869E-01	3.418553E-01	
236	6.607416E-01	4.106674E-01	3.405470E-01	
237	6.526606E-01	4.004763E-01	3.414956E-01	
238	6.663140E-01	3.993320E-01	3.415045E-01	
239	6.283526E-01	4.017116E-01	3.398420E-01	
240	5.907143E-01	4.093515E-01	3.368262E-01	
241	6.029133E-01	4.234401E-01	3.395657E-01	
242	5.809859E-01	3.732016E-01	3.356049E-01	
243	4.782542E-01	3.956472E-01	3.390279E-01	
244	5.317686E-01	3.755076E-01	3.359414E-01	
245	5.297443E-01	3.873456E-01	3.357623E-01	
246	5.158454E-01	3.918316E-01	3.328015E-01	
247	5.218340E-01	3.649817E-01	3.355833E-01	
248	5.668141E-01	3.698951E-01	3.311211E-01	
249	5.014298E-01	3.861795E-01	3.283389E-01	
250	5.034435E-01	3.598104E-01	3.343993E-01	
251	4.777019E-01	3.570638E-01	3.293611E-01	
252	5.070364E-01	3.831253E-01	3.299573E-01	
253	5.055389E-01	3.672057E-01	3.285010E-01	
254	5.057325E-01	3.482877E-01	3.249643E-01	
255	4.543497E-01	3.319233E-01	3.289205E-01	
256	4.786885E-01	3.719287E-01	3.216233E-01	
257	5.105876E-01	3.413185E-01	3.231305E-01	
258	4.375960E-01	3.373068E-01	3.210556E-01	
259	5.311535E-01	3.510505E-01	3.230043E-01	
260	3.921792E-01	3.422703E-01	3.202215E-01	
261	5.250917E-01	3.426389E-01	3.203095E-01	
262	4.647392E-01	3.276959E-01	3.173783E-01	
263	4.606225E-01	3.662850E-01	3.227796E-01	
264	5.361041E-01	3.276529E-01	3.165364E-01	
265	3.684500E-01	3.333664E-01	3.153153E-01	
266	3.777774E-01	3.587817E-01	3.160182E-01	
267	4.452093E-01	3.487630E-01	3.123848E-01	
268	4.157939E-01	3.334645E-01	3.131264E-01	
269	3.989015E-01	3.186285E-01	3.120279E-01	
270	4.022390E-01	3.324380E-01	3.085740E-01	
271	4.877975E-01	3.422813E-01	3.100223E-01	
272	4.357521E-01	3.152158E-01	3.062972E-01	
273	4.061493E-01	3.505495E-01	3.051227E-01	
274	4.446157E-01	3.325036E-01	3.064275E-01	
275	4.031314E-01	3.446606E-01	3.077812E-01	
276	4.720985E-01	3.321834E-01	3.022884E-01	
277	4.398278E-01	3.122624E-01	3.020160E-01	
278	4.236164E-01	3.259657E-01	3.009917E-01	
279	3.271852E-01	3.390621E-01	3.012733E-01	
280	4.088527E-01	3.226458E-01	3.007082E-01	
281	3.912100E-01	3.107256E-01	2.990954E-01	
282	3.650421E-01	3.157241E-01	2.986778E-01	
283	3.155708E-01	3.169730E-01	2.972447E-01	
284	4.424716E-01	3.063395E-01	2.945631E-01	
285	3.887970E-01	3.048616E-01	2.971417E-01	
286	4.415023E-01	3.064799E-01	2.953084E-01	
287	3.804256E-01	2.923499E-01	2.958246E-01	
288	3.305178E-01	3.163855E-01	2.919694E-01	
289	3.096339E-01	2.915231E-01	2.901883E-01	
290	3.580880E-01	2.950334E-01	2.909113E-01	
291	4.240884E-01	3.068712E-01	2.928147E-01	
292	3.131688E-01	3.006955E-01	2.915513E-01	
293	3.631543E-01	3.106041E-01	2.884803E-01	
294	3.459708E-01	3.128896E-01	2.902244E-01	
295	3.241624E-01	3.067074E-01	2.899072E-01	
296	3.271661E-01	3.004073E-01	2.923939E-01	
297	3.279030E-01	2.856689E-01	2.895705E-01	
298	3.074603E-01	2.987130E-01	2.890302E-01	
299	3.164764E-01	3.074496E-01	2.872876E-01	
300	2.679726E-01	3.097303E-01	2.915376E-01	
301	2.614557E-01	3.031487E-01	2.887986E-01	
302	2.545385E-01	3.157118E-01	2.888653E-01	
303	2.674177E-01	3.129071E-01	2.925020E-01	
304	2.857284E-01	3.054496E-01	2.889756E-01	
305	2.680697E-01	3.206050E-01	2.902337E-01	
306	2.822490E-01	3.215644E-01	2.892307E-01	
307	2.459020E-01	3.000185E-01	2.897384E-01	
308	2.583697E-01	3.201727E-01	2.899466E-01	
309	2.812451E-01	3.135518E-01	2.917550E-01	
310	2.161140E-01	3.026273E-01	2.902080E-01	
311	2.403595E-01	3.037908E-01	2.913535E-01	
312	2.707604E-01	2.906142E-01	2.940376E-01	
313	2.242213E-01	2.989316E-01	2.895203E-01	
314	2.716082E-01	2.865851E-01	2.961227E-01	
315	2.897154E-01	2.804709E-01	2.914952E-01	
316	2.159329E-01	2.810345E-01	2.916753E-01	
317	2.596242E-01	3.042490E-01	2.919416E-01	
318	3.056645E-01	2.831390E-01	2.906985E-01	
319	2.644515E-01	2.823728E-01	2.915846E-01	
320	2.777820E-01	2.874706E-01	2.902133E-01	
321	2.783698E-01	2.914403E-01	2.922850E-01	
322	2.357790E-01	3.112187E-01	2.881349E-01	
323	1.994840E-01	2.988982E-01	2.912847E-01	
324	2.362536E-01	2.905194E-01	2.865002E-01	
325	2.168389E-01	2.778408E-01	2.884413E-01	
326	2.243092E-01	2.804573E-01	2.867650E-01	
327	2.552570E-01	2.798175E-01	2.874064E-01	
328	2.433369E-01	2.890033E-01	2.900526E-01	
329	1.696859E-01	2.718181E-01	2.860051E-01	
330	2.838568E-01	2.600068E-01	2.843392E-01	
331	2.880879E-01	2.675955E-01	2.880627E-01	
332	2.324152E-01	2.847992E-01	2.861275E-01	
333	2.919956E-01	2.842877E-01	2.861064E-01	
334	3.168950E-01	2.772014E-01	2.862223E-01	
335	2.478736E-01	2.947783E-01	2.844353E-01	
336	2.852014E-01	2.803537E-01	2.874382E-01	
337	3.141419E-01	2.990625E-01	2.873933E-01	
338	2.521538E-01	2.687574E-01	2.852259E-01	
339	2.889944E-01	3.155488E-01	2.867446E-01	
340	3.670317E-01	2.575179E-01	2.880574E-01	
341	3.508692E-01	2.725822E-01	2.853145E-01	
342	3.738802E-01	3.009949E-01	2.879416E-01	
343	3.523320E-01	2.657217E-01	2.868569E-01	
344	3.044186E-01	2.720559E-01	2.865726E-01	
345	3.594246E-01	2.664210E-01	2.885165E-01	
346	3.686236E-01	2.785371E-01	2.873876E-01	
347	3.097406E-01	2.860730E-01	2.888095E-01	
348	3.486682E-01	2.636179E-01	2.871579E-01	
349	4.251815E-01	2.637960E-01	2.900514E-01	
350	4.276160E-01	2.858656E-01	2.872278E-01	
351	4.348659E-01	2.806241E-01	2.883551E-01	
352	4.902751E-01	2.760724E-01	2.860982E-01	
353	4.378913E-01	2.747258E-01	2.884225E-01	
354	3.862682E-01	2.563383E-01	2.865559E-01	
355	4.342158E-01	2.738104E-01	2.862082E-01	
356	4.529109E-01	2.804204E-01	2.883985E-01	
357	3.964172E-01	2.735428E-01	2.878608E-01	
358	4.215545E-01	2.970874E-01	2.884281E-01	
359	4.828475E-01	2.797376E-01	2.826630E-01	
360	4.309050E-01	3.109567E-01	2.871527E-01	
361	4.117750E-01	2.837549E-01	2.882702E-01	
362	4.165777E-01	2.921242E-01	2.842403E-01	
363	4.307099E-01	3.149923E-01	2.843946E-01	
364	3.762064E-01	3.031298E-01	2.852699E-01	
365	4.259018E-01	3.018459E-01	2.870494E-01	
366	3.712988E-01	2.795089E-01	2.851307E-01	
367	4.380271E-01	3.015221E-01	2.854751E-01	
368	3.940729E-01	2.880204E-01	2.818246E-01	
369	4.057613E-01	3.085893E-01	2.821093E-01	
370	5.434340E-01	2.976811E-01	2.822379E-01	
371	2.812773E-01	2.986858E-01	2.794822E-01	
372	3.638220E-01	3.063714E-01	2.826277E-01	
373	1.841000E-01	2.968360E-01	2.816385E-01	
374	2.995551E-01	3.271322E-01	2.810523E-01	
375	3.332723E-01	3.125864E-01	2.802390E-01	
376	1.464509E-01	3.282558E-01	2.795984E-01	
377	2.168487E-01	3.115246E-01	2.804949E-01	
378	1.693277E-01	3.157109E-01	2.809243E-01	
379	1.277856E-01	3.131595E-01	2.779045E-01	
380	1.795724E-01	3.090928E-01	2.781474E-01	
381	1.144054E-01	3.193605E-01	2.792252E-01	
382	2.498246E-01	3.114032E-01	2.787240E-01	
383	1.419172E-01	2.994841E-01	2.779080E-01	
384	2.054095E-01	2.876133E-01	2.804282E-01	
385	1.872290E-01	2.971969E-01	2.759302E-01	
386	2.758430E-01	2.740413E-01	2.799963E-01	
387	3.044680E-01	2.607577E-01	2.778175E-01	
388	2.362207E-01	2.946771E-01	2.782361E-01	
389	2.373554E-01	2.720595E-01	2.797029E-01	
390	2.001888E-01	2.732143E-01	2.759315E-01	
391	3.288063E-01	2.714276E-01	2.804927E-01	
392	2.247712E-01	2.914441E-01	2.819283E-01	
393	2.094847E-01	2.627270E-01	2.801043E-01	
394	2.614395E-01	2.636635E-01	2.787293E-01	
395	3.436757E-01	3.113484E-01	2.823478E-01	
396	2.454893E-01	2.635873E-01	2.834558E-01	
397	4.683038E-01	3.010205E-01	2.858082E-01	
398	5.841146E-01	3.114024E-01	2.813700E-01	
399	5.983873E-01	2.734320E-01	2.824400E-01	
400	6.441150E-01	3.003569E-01	2.809690E-01	
401	6.685554E-01	2.773912E-01	2.829048E-01	
402	6.650321E-01	2.951598E-01	2.884541E-01	
403	6.163157E-01	3.003389E-01	2.846938E-01	
404	4.735641E-01	2.957167E-01	2.860723E-01	
405	6.231847E-01	3.055503E-01	2.864626E-01	
406	6.111353E-01	2.773762E-01	2.846696E-01	
407	6.267558E-01	2.946814E-01	2.924642E-01	
408	6.172391E-01	2.649616E-01	2.855033E-01	
409	6.560839E-01	2.655078E-01	2.882130E-01	
410	5.368948E-01	3.107644E-01	2.963076E-01	
411	5.876065E-01	2.507268E-01	2.944423E-01	
412	4.118574E-01	3.001577E-01	2.915701E-01	
413	6.187583E-01	2.893933E-01	3.004669E-01	
414	6.493696E-01	2.903256E-01	2.924263E-01	
415	5.741052E-01	3.169420E-01	3.024809E-01	
416	4.851617E-01	2.592664E-01	2.971408E-01	
417	5.753228E-01	2.913567E-01	2.965636E-01	
418	7.028646E-01	2.568750E-01	3.070971E-01	
419	6.528949E-01	3.017590E-01	3.005256E-01	
420	5.294391E-01	2.564956E-01	2.999239E-01	
421	7.599936E-01	2.786341E-01	3.024110E-01	
422	6.291945E-01	2.632960E-01	3.061461E-01	
423	7.978158E-01	2.674131E-01	2.965505E-01	
424	6.850646E-01	2.411391E-01	3.034910E-01	
425	5.615249E-01	2.569964E-01	3.014907E-01	
426	6.422015E-01	2.506666E-01	3.018188E-01	
427	5.540957E-01	3.259934E-01	3.023299E-01	
428	6.162800E-01	2.537731E-01	3.053170E-01	
429	8.831274E-01	3.179225E-01	3.052448E-01	
430	5.279349E-01	2.820814E-01	2.949342E-01	
431	5.884011E-01	2.916503E-01	3.041437E-01	
432	6.412805E-01	3.080070E-01	2.983916E-01	
433	4.700570E-01	2.608785E-01	3.021112E-01	
434	2.054825E-01	3.046310E-01	3.009219E-01	
435	5.054336E-01	3.035306E-01	2.972602E-01	
436	2.222621E-01	2.792036E-01	2.970182E-01	
437	5.007220E-01	3.470848E-01	2.993840E-01	
438	3.812908E-01	2.901852E-01	3.036310E-01	
439	5.392145E-01	3.378914E-01	2.932202E-01	
440	6.217216E-01	3.102181E-01	3.019665E-01	
441	4.948092E-01	3.570348E-01	3.020792E-01	
442	6.143937E-01	3.007483E-01	2.996963E-01	
443	6.591500E-01	2.788548E-01	2.994565E-01	
444	6.684251E-01	3.148618E-01	3.030059E-01	
445	5.294643E-01	2.836430E-01	3.014926E-01	
446	5.446940E-01	3.063152E-01	2.954451E-01	
447	6.765458E-01	2.968293E-01	2.910420E-01	
448	6.682597E-01	3.380385E-01	3.006376E-01	
449	7.803500E-01	2.625434E-01	3.078901E-01	
450	6.945512E-01	3.373796E-01	2.973988E-01	
451	9.670138E-01	2.505106E-01	3.025223E-01	
452	6.505093E-01	3.340862E-01	3.026483E-01	
453	9.581063E-01	2.725990E-01	2.962961E-01	
454	7.748187E-01	3.765365E-01	2.961844E-01	
455	8.894590E-01	3.477325E-01	2.945828E-01	
456	7.924359E-01	2.505229E-01	3.012741E-01	
457	7.706322E-01	3.240299E-01	2.907775E-01	
458	7.043904E-01	2.509762E-01	3.060094E-01	
459	7.471396E-01	3.178419E-01	3.013053E-01	
460	7.387628E-01	1.302588E-01	2.968713E-01	
461	7.054901E-01	2.507436E-01	3.038196E-01	
462	8.660345E-01	1.836268E-01	2.936125E-01	
463	8.015703E-01	2.990658E-01	3.064579E-01	
464	0	1.617624E-01	2.956071E-01	
465	9.427095E-01	2.144218E-01	3.069471E-01	
466	0	1.629319E-01	2.991125E-01	
467	0	1.778291E-01	3.019185E-01	
468	8.887584E-01	2.376095E-01	3.074995E-01	
469	0	1.565367E-01	2.966081E-01	
470	0	2.199503E-01	3.214461E-01	
471	0	1.936305E-01	2.934143E-01	
472	0	2.697797E-01	3.249313E-01	
473	0	2.404934E-01	2.969440E-01	
474	0	3.308920E-01	3.088921E-01	
475	0	2.163224E-01	3.041112E-01	
476	0	2.745629E-01	3.151595E-01	
477	0	1.387995E-01	3.324658E-01	
478	0	2.253788E-01	3.074079E-01	
479	0	4.145735E-01	3.486299E-01	
480	0	2.770216E-01	3.150925E-01	
481	0	2.917276E-01	3.424802E-01	
482	0	2.600548E-01	3.300392E-01	
483	0	4.209385E-01	3.347400E-01	
484	0	0	4.329698E-01	
485	0	3.751813E-01	3.360428E-01	
486	0	0	4.250294E-01	
487	0	4.152233E-01	3.232168E-01	
488	0	0	4.066764E-01	
489	0	4.162890E-01	3.383052E-01	
490	0	4.367372E-01	3.861008E-01	
491	0	3.029358E-01	4.151539E-01	
492	0	5.674676E-01	3.781270E-01	
493	0	0	4.172466E-01	
494	0	5.839257E-01	3.805512E-01	
495	0	0	4.578787E-01	
496	0	4.643081E-01	3.825084E-01	
497	0	7.601236E-01	4.963916E-01	
498	0	4.542880E-01	3.710857E-01	
499	0	5.659077E-01	4.472980E-01	
500	0	0	0	
501	0	5.576554E-01	4.265587E-01	
502	0	0	0	
503	0	5.960606E-01	4.510234E-01	
504	0	0	0	
505	0	5.536933E-01	4.654076E-01	
506	0	0	4.864571E-01	
507	0	0	0	
508	0	5.729311E-01	4.938733E-01	
509	0	0	0	
510	0	5.629444E-01	5.293618E-01	
511	0	0	0	
512	0	6.014575E-01	5.424246E-01	
513	0	0	0	
514	0	0	0	
515	0	0	5.965303E-01	
516	0	0	0	
517	0	0	6.694629E-01	
518	0	0	0	
519	0	0	6.790290E-01	
520	0	0	0	
521	0	0	0	
522	0	0	0	
523	0	0	0	
524	0	0	0	
525	0	0	0	
526	0	0	0	
527	0	0	0	
528	0	0	0	
529	0	0	0	
530	0	0	0	
531	0	0	0	
532	0	0	0	
533	0	0	0	
534	0	0	0	
535	0	0	0	
536	0	0	0	
537	0	0	0	
538	0	0	0	
539	0	0	0	
540	0	0	0	
541	0	0	0	
542	0	0	0	
543	0	0	0	
544	0	0	0	
545	0	0	0	
546	0	0	0	
547	0	0	0	
548	0	0	0	
549	0	0	0	
550	0	0	0	
551	0	0	0	
552	0	0	0	
553	0	0	0	
554	0	0	0	
555	0	0	0	
556	0	0	0	
557	0	0	0	
558	0	0	0	
559	0	0	0	
560	0	0	0	
561	0	0	0	
562	0	0	0	
563	0	0	0	
564	0	0	0	
565	0	0	0	
566	0	0	0	
567	0	0	0	
568	0	0	0	
569	0	0	0	
570	0	0	0	
571	0	0	0	
572	0	0	0	
573	0	0	0	
574	0	0	0	
575	0	0	0	
576	0	0	0	
577	0	0	0	
578	0	0	0	
579	0	0	0	
580	0	0	0	
581	0	0	0	
582	0	0	0	
583	0	0	0	
584	0	0	0	
585	0	0	0	
586	0	0	0	
587	0	0	0	
588	0	0	0	
589	0	0	0	
590	0	0	0	
591	0	0	0	
592	0	0	0	
593	0	0	0	
594	0	0	0	
595	0	0	0	
596	0	0	0	
597	0	0	0	
598	0	0	0	
599	0	0	0	
#NewRun
0	0	0	0	
1	0	0	0	
2	0	0	0	
3	0	0	0	
4	3.201171E-01	3.321102E-01	6.205779E-01	
5	3.325571E-01	3.372560E-01	2.892695E-01	
6	3.320007E-01	3.280690E-01	5.764190E-01	
7	0	0	0	
8	3.350760E-01	3.283222E-01	4.531668E-01	
9	3.272135E-01	3.375067E-01	4.518623E-01	
10	0	0	0	
11	3.316596E-01	3.469591E-01	3.291166E-01	
12	3.333305E-01	3.312303E-01	4.356942E-01	
13	3.331078E-01	3.332707E-01	4.008931E-01	
14	3.368511E-01	3.325395E-01	4.027445E-01	
15	0	0	0	
16	3.328697E-01	3.301156E-01	3.955436E-01	
17	3.324888E-01	3.297335E-01	4.051311E-01	
18	3.330342E-01	3.325170E-01	3.321676E-01	
19	3.424088E-01	3.215170E-01	3.233288E-01	
20	3.331748E-01	3.265972E-01	3.858714E-01	
21	3.384501E-01	3.261800E-01	3.549129E-01	
22	3.384345E-01	3.272434E-01	3.081501E-01	
23	3.375309E-01	3.281034E-01	3.238530E-01	
24	3.338412E-01	3.241909E-01	3.444897E-01	
25	3.361402E-01	3.268012E-01	3.245651E-01	
26	3.361970E-01	3.235193E-01	3.335220E-01	
27	3.324278E-01	3.244496E-01	3.374579E-01	
28	3.360118E-01	3.268001E-01	3.279481E-01	
29	3.339938E-01	3.249865E-01	3.104381E-01	
30	3.322273E-01	3.265829E-01	3.363856E-01	
31	3.348146E-01	3.258127E-01	3.405956E-01	
32	3.310912E-01	3.247177E-01	3.261631E-01	
33	3.313152E-01	3.234387E-01	3.264214E-01	
34	3.342381E-01	3.250452E-01	3.314056E-01	
35	3.310308E-01	3.237486E-01	3.340584E-01	
36	3.291877E-01	3.255783E-01	3.393876E-01	
37	3.311675E-01	3.257053E-01	3.304832E-01	
38	3.308398E-01	3.207406E-01	3.383732E-01	
39	3.299651E-01	3.230579E-01	3.340295E-01	
40	3.296334E-01	3.259217E-01	3.532151E-01	
41	3.286448E-01	3.243007E-01	3.693182E-01	
42	3.299046E-01	3.256948E-01	3.426901E-01	
43	3.283725E-01	3.247665E-01	3.722533E-01	
44	3.230437E-01	3.240768E-01	3.675484E-01	
45	3.271885E-01	3.233936E-01	3.645234E-01	
46	3.251566E-01	3.238362E-01	3.794035E-01	
47	3.250507E-01	3.246327E-01	3.552627E-01	
48	3.227349E-01	3.211472E-01	3.666652E-01	
49	3.215104E-01	3.194284E-01	3.805425E-01	
50	3.194965E-01	3.210301E-01	3.772752E-01	
51	3.239952E-01	3.181798E-01	3.819895E-01	
52	3.160661E-01	3.195441E-01	3.731063E-01	
53	3.164088E-01	3.177579E-01	3.711546E-01	
54	3.161305E-01	3.165819E-01	3.699519E-01	
55	3.147928E-01	3.185061E-01	3.555910E-01	
56	3.147115E-01	3.141340E-01	3.596786E-01	
57	3.136629E-01	3.139098E-01	3.630794E-01	
58	3.170714E-01	3.161487E-01	3.668699E-01	
59	3.118361E-01	3.141543E-01	3.716932E-01	
60	3.123530E-01	3.123996E-01	3.631499E-01	
61	3.115820E-01	3.117796E-01	3.620484E-01	
62	3.114845E-01	3.108993E-01	3.547433E-01	
63	3.109352E-01	3.107990E-01	3.605141E-01	
64	3.079671E-01	3.101149E-01	3.605530E-01	
65	3.089982E-01	3.089263E-01	3.488288E-01	
66	3.068365E-01	3.082721E-01	3.484498E-01	
67	3.080159E-01	3.074144E-01	3.567394E-01	
68	3.072631E-01	3.061727E-01	3.386231E-01	
69	3.068139E-01	3.053722E-01	3.409048E-01	
70	3.066658E-01	3.058424E-01	3.341456E-01	
71	3.049976E-01	3.059337E-01	3.376314E-01	
72	3.053435E-01	3.032970E-01	3.406467E-01	
73	3.035180E-01	3.051034E-01	3.277646E-01	
74	3.026650E-01	3.039726E-01	3.354995E-01	
75	3.020875E-01	3.042851E-01	3.279902E-01	
76	3.025265E-01	3.031235E-01	3.198715E-01	
77	3.015954E-01	3.024069E-01	3.152197E-01	
78	3.009823E-01	3.035969E-01	3.177248E-01	
79	3.012808E-01	3.030775E-01	3.173842E-01	
80	3.001673E-01	3.032934E-01	3.084297E-01	
81	2.996204E-01	3.021842E-01	3.064957E-01	
82	3.001179E-01	3.031363E-01	3.069137E-01	
83	3.002430E-01	3.034636E-01	3.039623E-01	
84	2.995210E-01	3.024781E-01	2.989087E-01	
85	2.997968E-01	3.031887E-01	2.932591E-01	
86	3.008601E-01	3.043179E-01	2.908000E-01	
87	3.013574E-01	3.041706E-01	2.866290E-01	
88	3.016752E-01	3.034021E-01	2.896617E-01	
89	3.014888E-01	3.046335E-01	2.848678E-01	
90	3.017838E-01	3.056689E-01	2.826617E-01	
91	3.019520E-01	3.065010E-01	2.799193E-01	
92	3.035786E-01	3.080507E-01	2.763470E-01	
93	3.045331E-01	3.075938E-01	2.731460E-01	
94	3.051412E-01	3.087174E-01	2.723966E-01	
95	3.062067E-01	3.100383E-01	2.711037E-01	
96	3.064562E-01	3.107562E-01	2.659479E-01	
97	3.077501E-01	3.127824E-01	2.672041E-01	
98	3.078113E-01	3.125550E-01	2.641615E-01	
99	3.083764E-01	3.169076E-01	2.651468E-01	
100	3.105385E-01	3.172012E-01	2.600475E-01	
101	3.126484E-01	3.185157E-01	2.604274E-01	
102	3.133576E-01	3.207520E-01	2.606227E-01	
103	3.159703E-01	3.234409E-01	2.592072E-01	
104	3.171886E-01	3.239943E-01	2.571872E-01	
105	3.198984E-01	3.266181E-01	2.555222E-01	
106	3.217916E-01	3.297725E-01	2.533334E-01	
107	3.244851E-01	3.307718E-01	2.534221E-01	
108	3.264229E-01	3.328740E-01	2.536845E-01	
109	3.284222E-01	3.361213E-01	2.552892E-01	
110	3.322111E-01	3.394453E-01	2.527629E-01	
111	3.333937E-01	3.413771E-01	2.539870E-01	
112	3.381809E-01	3.443328E-01	2.528169E-01	
113	3.412354E-01	3.475556E-01	2.524959E-01	
114	3.430601E-01	3.510149E-01	2.533516E-01	
115	3.464591E-01	3.537261E-01	2.532668E-01	
116	3.503195E-01	3.565270E-01	2.542687E-01	
117	3.531708E-01	3.592342E-01	2.564106E-01	
118	3.559525E-01	3.633583E-01	2.563661E-01	
119	3.594055E-01	3.652667E-01	2.552624E-01	
120	3.627149E-01	3.705441E-01	2.595997E-01	
121	3.670680E-01	3.736989E-01	2.568210E-01	
122	3.701732E-01	3.776611E-01	2.585436E-01	
123	3.714096E-01	3.829981E-01	2.585389E-01	
124	3.775839E-01	3.855190E-01	2.618733E-01	
125	3.807010E-01	3.907093E-01	2.605160E-01	
126	3.838363E-01	3.953724E-01	2.643652E-01	
127	3.885300E-01	3.993318E-01	2.649200E-01	
128	3.944290E-01	4.028124E-01	2.674921E-01	
129	3.965837E-01	4.092378E-01	2.697988E-01	
130	4.034959E-01	4.132231E-01	2.710766E-01	
131	4.064531E-01	4.180372E-01	2.717673E-01	
132	4.108357E-01	4.263252E-01	2.756693E-01	
133	4.149338E-01	4.291496E-01	2.774689E-01	
134	4.197654E-01	4.338215E-01	2.809235E-01	
135	4.248865E-01	4.398787E-01	2.830541E-01	
136	4.314232E-01	4.438943E-01	2.865045E-01	
137	4.351644E-01	4.474041E-01	2.907569E-01	
138	4.377421E-01	4.563352E-01	2.894908E-01	
139	4.428184E-01	4.562985E-01	2.944450E-01	
140	4.466090E-01	4.650247E-01	2.988875E-01	
141	4.518486E-01	4.697516E-01	3.001881E-01	
142	4.582796E-01	4.705859E-01	3.027535E-01	
143	4.637369E-01	4.784213E-01	3.036466E-01	
144	4.700206E-01	4.839027E-01	3.096163E-01	
145	4.757771E-01	4.865550E-01	3.112283E-01	
146	4.813469E-01	4.913704E-01	3.153045E-01	
147	4.871418E-01	4.961040E-01	3.151843E-01	
148	4.899708E-01	5.005654E-01	3.194023E-01	
149	4.954887E-01	5.098975E-01	3.253153E-01	
150	5.034628E-01	5.096568E-01	3.279604E-01	
151	5.057169E-01	5.158263E-01	3.284450E-01	
152	5.107083E-01	5.234454E-01	3.342161E-01	
153	5.206082E-01	5.254036E-01	3.343257E-01	
154	5.228465E-01	5.360453E-01	3.410032E-01	
155	5.320542E-01	5.360315E-01	3.428687E-01	
156	5.316465E-01	5.431717E-01	3.460390E-01	
157	5.370153E-01	5.429992E-01	3.483412E-01	
158	5.456423E-01	5.521327E-01	3.529789E-01	
159	5.466124E-01	5.538919E-01	3.550463E-01	
160	5.556055E-01	5.617785E-01	3.560118E-01	
161	5.634393E-01	5.635081E-01	3.619642E-01	
162	5.675935E-01	5.649429E-01	3.641642E-01	
163	5.716822E-01	5.767620E-01	3.659454E-01	
164	5.746523E-01	5.751812E-01	3.717047E-01	
165	5.760378E-01	5.806125E-01	3.722624E-01	
166	5.848367E-01	5.891981E-01	3.739091E-01	
167	5.942199E-01	5.965238E-01	3.748278E-01	
168	5.968164E-01	5.972868E-01	3.757443E-01	
169	5.902296E-01	5.975647E-01	3.823129E-01	
170	6.052518E-01	6.078122E-01	3.810158E-01	
171	6.073055E-01	6.084989E-01	3.832487E-01	
172	6.115719E-01	6.114633E-01	3.823995E-01	
173	6.122268E-01	6.139765E-01	3.856127E-01	
174	6.183125E-01	6.094440E-01	3.862291E-01	
175	6.328266E-01	6.237439E-01	3.875232E-01	
176	6.303436E-01	6.284220E-01	3.895213E-01	
177	6.373107E-01	6.288488E-01	3.880615E-01	
178	6.438775E-01	6.339713E-01	3.898817E-01	
179	6.452664E-01	6.240215E-01	3.878058E-01	
180	6.382189E-01	6.350104E-01	3.909658E-01	
181	6.562700E-01	6.323480E-01	3.925706E-01	
182	6.619243E-01	6.281629E-01	3.925405E-01	
183	6.594977E-01	6.314177E-01	3.947697E-01	
184	6.610440E-01	6.426486E-01	3.917831E-01	
185	6.690631E-01	6.298485E-01	3.942684E-01	
186	6.913748E-01	6.380333E-01	3.909278E-01	
187	6.716345E-01	6.435873E-01	3.940185E-01	
188	6.726682E-01	6.430750E-01	3.926498E-01	
189	6.856244E-01	6.303972E-01	3.910133E-01	
190	6.837602E-01	6.538208E-01	3.877316E-01	
191	6.867097E-01	6.282219E-01	3.926022E-01	
192	7.067100E-01	6.437592E-01	3.889836E-01	
193	7.019542E-01	6.317510E-01	3.876549E-01	
194	6.963720E-01	6.251489E-01	3.831187E-01	
195	6.946725E-01	6.262758E-01	3.853682E-01	
196	6.896732E-01	6.069635E-01	3.852234E-01	
197	7.052151E-01	6.260706E-01	3.788718E-01	
198	7.054221E-01	6.166549E-01	3.825817E-01	
199	6.754601E-01	6.052322E-01	3.773383E-01	
200	6.939915E-01	6.125338E-01	3.783487E-01	
201	6.904358E-01	6.040801E-01	3.773487E-01	
202	6.791578E-01	5.712183E-01	3.741592E-01	
203	6.695741E-01	6.069334E-01	3.733265E-01	
204	6.902642E-01	5.922650E-01	3.700572E-01	
205	6.986379E-01	5.817937E-01	3.701042E-01	
206	6.424454E-01	5.894893E-01	3.664511E-01	
207	6.646510E-01	5.549331E-01	3.673843E-01	
208	6.648139E-01	5.619990E-01	3.649382E-01	
209	6.799502E-01	5.639536E-01	3.656743E-01	
210	6.823092E-01	5.428224E-01	3.642376E-01	
211	6.570728E-01	5.302880E-01	3.632360E-01	
212	6.513781E-01	5.271575E-01	3.606792E-01	
213	6.489727E-01	5.395174E-01	3.590422E-01	
214	6.462701E-01	5.143825E-01	3.625573E-01	
215	5.905297E-01	5.556037E-01	3.576432E-01	
216	5.954763E-01	5.246965E-01	3.543209E-01	
217	6.152150E-01	5.049900E-01	3.541889E-01	
218	6.361055E-01	4.997505E-01	3.514104E-01	
219	5.923149E-01	4.766593E-01	3.549156E-01	
220	6.319348E-01	4.978556E-01	3.514653E-01	
221	5.475803E-01	4.769555E-01	3.531510E-01	
222	6.422488E-01	4.838284E-01	3.496778E-01	
223	6.023675E-01	4.695222E-01	3.473973E-01	
224	6.187454E-01	4.771326E-01	3.475736E-01	
225	5.952637E-01	4.854481E-01	3.456242E-01	
226	5.472374E-01	4.313172E-01	3.475609E-01	
227	6.302115E-01	4.525465E-01	3.444777E-01	
228	5.620795E-01	4.520755E-01	3.449786E-01	
229	5.248057E-01	4.532191E-01	3.457891E-01	
230	4.783201E-01	4.352060E-01	3.462777E-01	
231	5.920966E-01	4.238231E-01	3.438556E-01	
232	5.441792E-01	4.272394E-01	3.412512E-01	
233	5.477736E-01	4.200278E-01	3.419331E-01	
234	4.752327E-01	4.133693E-01	3.433267E-01	
235	5.134397E-01	3.898320E-01	3.430649E-01	
236	5.545084E-01	4.040521E-01	3.397994E-01	
237	5.577648E-01	3.953923E-01	3.380975E-01	
238	5.394276E-01	3.960416E-01	3.403793E-01	
239	5.062242E-01	3.966941E-01	3.412237E-01	
240	5.643901E-01	3.706943E-01	3.379568E-01	
241	5.951119E-01	3.940166E-01	3.374998E-01	
242	5.985214E-01	3.942263E-01	3.367492E-01	
243	5.646524E-01	3.839281E-01	3.348161E-01	
244	5.848975E-01	4.096180E-01	3.372849E-01	
245	5.378358E-01	3.745864E-01	3.348965E-01	
246	6.129837E-01	3.936146E-01	3.329931E-01	
247	5.587826E-01	4.082987E-01	3.334306E-01	
248	5.572518E-01	3.811157E-01	3.296341E-01	
249	5.786738E-01	3.774110E-01	3.295997E-01	
250	5.299971E-01	3.884101E-01	3.308785E-01	
251	5.192069E-01	3.700468E-01	3.303146E-01	
252	5.735812E-01	3.780536E-01	3.289931E-01	
253	6.465808E-01	3.695597E-01	3.274063E-01	
254	5.026909E-01	3.597682E-01	3.284233E-01	
255	5.499891E-01	3.607092E-01	3.278331E-01	
256	5.514106E-01	3.510724E-01	3.278916E-01	
257	5.083376E-01	3.466403E-01	3.234151E-01	
258	5.050027E-01	3.417401E-01	3.228527E-01	
259	5.485233E-01	3.276163E-01	3.243185E-01	
260	3.570538E-01	3.168861E-01	3.208709E-01	
261	2.616038E-01	3.054288E-01	3.203780E-01	
262	4.167811E-01	3.113994E-01	3.215946E-01	
263	3.680598E-01	3.168216E-01	3.209456E-01	
264	2.427661E-01	3.231448E-01	3.174092E-01	
265	2.736973E-01	3.032138E-01	3.150095E-01	
266	2.395051E-01	3.025756E-01	3.191785E-01	
267	1.728408E-01	3.197722E-01	3.181735E-01	
268	1.801481E-01	3.079478E-01	3.143638E-01	
269	1.821894E-01	3.253994E-01	3.170134E-01	
270	2.663355E-01	3.291708E-01	3.138457E-01	
271	1.962183E-01	3.400817E-01	3.129421E-01	
272	2.348904E-01	3.168225E-01	3.103702E-01	
273	3.045488E-01	3.296296E-01	3.091588E-01	
274	2.169566E-01	3.195715E-01	3.095895E-01	
275	2.985394E-01	3.387320E-01	3.097303E-01	
276	1.871809E-01	3.277106E-01	3.047609E-01	
277	1.984465E-01	3.172520E-01	3.047219E-01	
278	2.347166E-01	3.101441E-01	3.034242E-01	
279	2.561899E-01	3.227674E-01	3.055148E-01	
280	2.458664E-01	3.154436E-01	3.032164E-01	
281	1.661624E-01	2.995050E-01	3.016411E-01	
282	2.791377E-01	2.875973E-01	2.999486E-01	
283	2.093031E-01	3.227752E-01	3.024413E-01	
284	2.388974E-01	2.872349E-01	2.980403E-01	
285	3.320286E-01	2.915724E-01	2.952103E-01	
286	2.341103E-01	3.008770E-01	2.981276E-01	
287	3.432277E-01	2.911066E-01	2.958330E-01	
288	3.203373E-01	2.948496E-01	2.932488E-01	
289	2.926416E-01	3.145271E-01	2.950491E-01	
290	2.088618E-01	2.989375E-01	2.927950E-01	
291	2.901687E-01	3.047323E-01	2.950328E-01	
292	1.975191E-01	3.095811E-01	2.926672E-01	
293	2.034790E-01	2.918940E-01	2.906714E-01	
294	2.606031E-01	3.236197E-01	2.938493E-01	
295	2.352647E-01	2.880532E-01	2.913393E-01	
296	3.463326E-01	3.172968E-01	2.924276E-01	
297	2.100830E-01	3.001233E-01	2.928491E-01	
298	1.953858E-01	2.940527E-01	2.917147E-01	
299	1.721524E-01	2.822075E-01	2.895146E-01	
300	1.988152E-01	2.946200E-01	2.931422E-01	
301	2.634247E-01	2.935558E-01	2.925651E-01	
302	2.353329E-01	2.763301E-01	2.911856E-01	
303	4.329819E-01	2.775046E-01	2.925488E-01	
304	2.334452E-01	2.885523E-01	2.890012E-01	
305	2.041072E-01	2.815008E-01	2.926141E-01	
306	3.245838E-01	2.820196E-01	2.907688E-01	
307	1.435034E-01	2.666076E-01	2.912021E-01	
308	2.556355E-01	2.774872E-01	2.922462E-01	
309	1.837861E-01	2.641638E-01	2.903868E-01	
310	3.047001E-01	2.727701E-01	2.919811E-01	
311	1.850349E-01	2.622963E-01	2.898496E-01	
312	2.736232E-01	2.546324E-01	2.909565E-01	
313	2.288554E-01	2.778750E-01	2.910804E-01	
314	2.428573E-01	2.558512E-01	2.907400E-01	
315	3.395102E-01	2.612075E-01	2.889946E-01	
316	2.122187E-01	2.556552E-01	2.908890E-01	
317	1.960758E-01	2.677362E-01	2.897208E-01	
318	4.390960E-01	2.666398E-01	2.891130E-01	
319	9.291248E-02	2.472730E-01	2.898082E-01	
320	2.625583E-01	2.592700E-01	2.913731E-01	
321	2.247093E-01	2.710215E-01	2.940510E-01	
322	2.885465E-01	2.445387E-01	2.902290E-01	
323	1.125035E-01	2.540284E-01	2.928301E-01	
324	2.597168E-01	2.560625E-01	2.911380E-01	
325	1.348715E-01	2.533228E-01	2.935396E-01	
326	1.758039E-01	2.557141E-01	2.922917E-01	
327	1.988993E-02	2.685254E-01	2.915770E-01	
328	2.340837E-01	2.739205E-01	2.938027E-01	
329	2.762704E-01	2.700637E-01	2.908279E-01	
330	2.400541E-01	2.668322E-01	2.912484E-01	
331	2.175737E-01	2.837268E-01	2.915312E-01	
332	4.206891E-01	2.970484E-01	2.927994E-01	
333	1.919355E-01	2.801926E-01	2.900066E-01	
334	2.629163E-01	2.877345E-01	2.899327E-01	
335	3.398106E-01	2.704941E-01	2.882746E-01	
336	3.742609E-01	2.961833E-01	2.898892E-01	
337	3.073669E-01	2.782971E-01	2.905774E-01	
338	4.230174E-01	2.832508E-01	2.892919E-01	
339	3.184610E-01	2.876746E-01	2.894590E-01	
340	3.595137E-01	2.957419E-01	2.881495E-01	
341	2.923861E-01	3.015772E-01	2.880035E-01	
342	4.703938E-01	2.825004E-01	2.855835E-01	
343	3.682250E-01	3.046069E-01	2.850178E-01	
344	3.054832E-01	3.047430E-01	2.904692E-01	
345	3.574001E-01	3.077988E-01	2.848777E-01	
346	2.850219E-01	3.175604E-01	2.846239E-01	
347	3.557494E-01	3.014927E-01	2.867063E-01	
348	4.356416E-01	2.856353E-01	2.857033E-01	
349	4.214974E-01	2.801906E-01	2.867327E-01	
350	4.002090E-01	2.735527E-01	2.871084E-01	
351	4.258656E-01	2.797518E-01	2.869277E-01	
352	4.383290E-01	2.641610E-01	2.848934E-01	
353	4.837019E-01	2.787240E-01	2.835443E-01	
354	4.315099E-01	2.695309E-01	2.855043E-01	
355	5.184538E-01	2.515588E-01	2.842660E-01	
356	4.115507E-01	2.819498E-01	2.875838E-01	
357	3.889046E-01	2.757429E-01	2.841920E-01	
358	4.963499E-01	2.557772E-01	2.850330E-01	
359	4.897962E-01	2.793711E-01	2.849286E-01	
360	4.786057E-01	2.897501E-01	2.823709E-01	
361	3.355709E-01	2.821018E-01	2.846257E-01	
362	3.054080E-01	2.698096E-01	2.828041E-01	
363	5.792517E-01	2.773387E-01	2.794223E-01	
364	5.224857E-01	2.827983E-01	2.808875E-01	
365	3.771972E-01	3.035352E-01	2.834920E-01	
366	1.910994E-01	2.884090E-01	2.817093E-01	
367	5.618958E-01	2.904406E-01	2.818065E-01	
368	4.220484E-01	3.039603E-01	2.796472E-01	
369	5.866024E-01	3.045764E-01	2.814094E-01	
370	2.979265E-01	3.121328E-01	2.788168E-01	
371	0	2.783262E-01	2.785570E-01	
372	6.180593E-01	2.985954E-01	2.824844E-01	
373	2.251192E-01	3.176935E-01	2.827821E-01	
374	3.752103E-01	2.947634E-01	2.820865E-01	
375	2.224086E-01	3.003420E-01	2.823814E-01	
376	3.793655E-01	2.938333E-01	2.798482E-01	
377	4.348047E-01	2.974480E-01	2.775630E-01	
378	4.815646E-01	2.934718E-01	2.793703E-01	
379	2.542125E-01	2.954369E-01	2.766827E-01	
380	2.077925E-01	2.811297E-01	2.790851E-01	
381	2.267323E-01	2.966848E-01	2.798217E-01	
382	2.060969E-01	2.998038E-01	2.777979E-01	
383	4.056390E-01	2.790956E-01	2.768731E-01	
384	4.231755E-01	2.988013E-01	2.789195E-01	
385	2.658790E-01	2.974199E-01	2.716397E-01	
386	4.123620E-01	2.970797E-01	2.805034E-01	
387	1.968486E-01	3.282967E-01	2.728753E-01	
388	2.387564E-01	2.962863E-01	2.744801E-01	
389	6.825526E-02	2.919064E-01	2.775193E-01	
390	1.629918E-01	2.948223E-01	2.758147E-01	
391	2.524112E-01	3.079195E-01	2.777571E-01	
392	2.541259E-01	2.775752E-01	2.780013E-01	
393	2.193795E-01	2.960591E-01	2.764396E-01	
394	2.081968E-01	2.819798E-01	2.763657E-01	
395	3.255307E-01	2.900189E-01	2.781254E-01	
396	2.821821E-01	2.623669E-01	2.738133E-01	
397	3.940426E-01	2.502612E-01	2.813081E-01	
398	3.597114E-01	2.714493E-01	2.828627E-01	
399	5.999794E-01	2.596349E-01	2.824891E-01	
400	1.903614E-01	2.668544E-01	2.804798E-01	
401	0	2.798213E-01	2.785857E-01	
402	2.706430E-01	2.853372E-01	2.848512E-01	
403	9.975810E-02	2.753671E-01	2.850835E-01	
404	2.483253E-01	2.761894E-01	2.819101E-01	
405	1.309059E-01	2.978266E-01	2.840238E-01	
406	6.667328E-02	2.710558E-01	2.822018E-01	
407	2.595087E-01	2.761133E-01	2.859038E-01	
408	2.338274E-01	2.834979E-01	2.816057E-01	
409	1.005301E-01	2.542480E-01	2.808673E-01	
410	1.900271E-01	3.071815E-01	2.901110E-01	
411	1.326741E-01	2.691424E-01	2.862878E-01	
412	2.012908E-01	2.672206E-01	2.838799E-01	
413	2.131405E-01	2.567995E-01	2.917096E-01	
414	1.929632E-01	2.482173E-01	2.876632E-01	
415	2.144049E-01	3.074596E-01	2.957361E-01	
416	1.738862E-01	2.684499E-01	2.956186E-01	
417	2.099528E-01	2.757756E-01	2.949217E-01	
418	1.837845E-01	2.856167E-01	2.988804E-01	
419	1.240276E-01	2.942311E-01	2.958796E-01	
420	1.496155E-01	2.784270E-01	2.949196E-01	
421	1.983472E-01	2.770018E-01	3.025223E-01	
422	2.486778E-01	2.802078E-01	3.009404E-01	
423	1.123232E-01	3.279299E-01	2.947220E-01	
424	1.251391E-01	3.174394E-01	2.982954E-01	
425	1.895947E-01	3.042683E-01	2.959994E-01	
426	8.297799E-02	3.477125E-01	2.994344E-01	
427	2.124585E-01	3.496502E-01	2.921024E-01	
428	1.449078E-01	3.262560E-01	2.973154E-01	
429	1.890964E-01	3.599910E-01	2.920415E-01	
430	2.281249E-01	3.293344E-01	2.955129E-01	
431	2.561486E-01	3.386516E-01	2.917743E-01	
432	2.678429E-01	3.640446E-01	2.901335E-01	
433	2.803084E-01	3.294861E-01	2.972075E-01	
434	0	4.109758E-01	2.943254E-01	
435	3.761271E-01	3.503261E-01	2.879792E-01	
436	0	3.400704E-01	3.059392E-01	
437	4.480502E-01	2.986344E-01	2.955310E-01	
438	0	2.864164E-01	3.051940E-01	
439	0	3.120474E-01	2.841050E-01	
440	0	3.154008E-01	3.093383E-01	
441	0	3.247074E-01	2.967621E-01	
442	0	3.293865E-01	3.038953E-01	
443	0	2.666548E-01	2.884650E-01	
444	0	3.174927E-01	2.988918E-01	
445	0	2.661732E-01	3.025532E-01	
446	0	3.329428E-01	2.959773E-01	
447	0	3.401281E-01	2.985240E-01	
448	0	3.191151E-01	2.965283E-01	
449	0	2.919838E-01	3.088511E-01	
450	0	3.118103E-01	2.981178E-01	
451	0	2.622157E-01	2.994389E-01	
452	0	3.078917E-01	3.025435E-01	
453	0	3.407116E-01	3.070507E-01	
454	0	3.037816E-01	3.100752E-01	
455	0	3.411227E-01	2.971812E-01	
456	0	3.377725E-01	3.114837E-01	
457	0	3.177701E-01	2.959778E-01	
458	0	3.522705E-01	3.169131E-01	
459	0	3.390831E-01	3.051784E-01	
460	0	3.580038E-01	3.003181E-01	
461	0	3.394477E-01	3.147764E-01	
462	0	3.199044E-01	2.957633E-01	
463	0	4.059870E-01	3.271606E-01	
464	0	3.283924E-01	2.925081E-01	
465	0	4.131287E-01	3.194542E-01	
466	0	3.543852E-01	3.176348E-01	
467	0	3.701794E-01	3.137103E-01	
468	0	3.932004E-01	3.306790E-01	
469	0	4.010908E-01	3.017766E-01	
470	0	4.763885E-01	3.482159E-01	
471	0	3.603460E-01	3.019580E-01	
472	0	4.025284E-01	3.447556E-01	
473	0	3.659571E-01	3.014720E-01	
474	0	4.432097E-01	3.318655E-01	
475	0	4.219416E-01	3.113796E-01	
476	0	4.023019E-01	3.219313E-01	
477	0	6.051218E-01	3.650206E-01	
478	0	3.423388E-01	3.104546E-01	
479	0	5.026523E-01	3.651727E-01	
480	0	4.115548E-01	3.113895E-01	
481	0	4.977949E-01	3.552966E-01	
482	0	4.701271E-01	3.257310E-01	
483	0	4.318611E-01	3.391543E-01	
484	0	3.488587E-01	3.878263E-01	
485	0	4.397812E-01	3.097966E-01	
486	0	4.797253E-01	4.229925E-01	
487	0	5.160225E-01	3.151118E-01	
488	0	5.325696E-01	3.677816E-01	
489	0	4.924666E-01	3.135673E-01	
490	0	5.094611E-01	3.958298E-01	
491	0	0	3.396855E-01	
492	0	5.556554E-01	3.570916E-01	
493	0	0	4.916869E-01	
494	0	5.772354E-01	3.651828E-01	
495	0	0	4.663866E-01	
496	0	5.605527E-01	3.925883E-01	
497	0	5.709278E-01	4.525850E-01	
498	0	6.212760E-01	4.103722E-01	
499	0	5.730037E-01	4.399167E-01	
500	0	0	0	
501	0	7.088804E-01	4.583547E-01	
502	0	0	0	
503	0	6.759517E-01	4.820948E-01	
504	0	0	0	
505	0	6.982458E-01	5.126022E-01	
506	0	6.859368E-01	5.690814E-01	
507	0	0	0	
508	0	6.425338E-01	5.349689E-01	
509	0	0	0	
510	0	6.703727E-01	5.812960E-01	
511	0	0	0	
512	0	0	6.402070E-01	
513	0	0	0	
514	0	0	0	
515	0	0	6.611254E-01	
516	0	0	0	
517	0	0	7.413819E-01	
518	0	0	0	
519	0	0	8.469285E-01	
520	0	0	0	
521	0	0	0	
522	0	0	0	
523	0	0	0	
524	0	0	0	
525	0	0	0	
526	0	0	0	
527	0	0	0	
528	0	0	0	
529	0	0	0	
530	0	0	0	
531	0	0	0	
532	0	0	0	
533	0	0	0	
534	0	0	0	
535	0	0	0	
536	0	0	0	
537	0	0	0	
538	0	0	0	
539	0	0	0	
540	0	0	0	
541	0	0	0	
542	0	0	0	
543	0	0	0	
544	0	0	0	
545	0	0	0	
546	0	0	0	
547	0	0	0	
548	0	0	0	
549	0	0	0	
550	0	0	0	
551	0	0	0	
552	0	0	0	
553	0	0	0	
554	0	0	0	
555	0	0	0	
556	0	0	0	
557	0	0	0	
558	0	0	0	
559	0	0	0	
560	0	0	0	
561	0	0	0	
562	0	0	0	
563	0	0	0	
564	0	0	0	
565	0	0	0	
566	0	0	0	
567	0	0	0	
568	0	0	0	
569	0	0	0	
570	0	0	0	
571	0	0	0	
572	0	0	0	
573	0	0	0	
574	0	0	0	
575	0	0	0	
576	0	0	0	
577	0	0	0	
578	0	0	0	
579	0	0	0	
580	0	0	0	
581	0	0	0	
582	0	0	0	
583	0	0	0	
584	0	0	0	
585	0	0	0	
586	0	0	0	
587	0	0	0	
588	0	0	0	
589	0	0	0	
590	0	0	0	
591	0	0	0	
592	0	0	0	
593	0	0	0	
594	0	0	0	
595	0	0	0	
596	0	0	0	
597	0	0	0	
598	0	0	0	
599	0	0	0	
#NewRun
0	0	0	0	
1	0	0	0	
2	0	0	0	
3	0	0	0	
4	3.474310E-01	3.458697E-01	3.618994E-01	
5	3.367788E-01	3.375652E-01	3.163910E-01	
6	3.214483E-01	3.227225E-01	4.122435E-01	
7	0	0	0	
8	3.325726E-01	3.345394E-01	3.765277E-01	
9	3.235812E-01	3.375068E-01	3.370273E-01	
10	0	0	0	
11	3.218840E-01	3.461634E-01	3.731969E-01	
12	3.333118E-01	3.367781E-01	3.850278E-01	
13	3.287307E-01	3.344051E-01	3.788032E-01	
14	3.295888E-01	3.358233E-01	3.594435E-01	
15	0	0	0	
16	3.291681E-01	3.345243E-01	3.774038E-01	
17	3.258572E-01	3.375013E-01	3.320932E-01	
18	3.250504E-01	3.350948E-01	3.535555E-01	
19	3.215942E-01	3.332020E-01	3.447677E-01	
20	3.306678E-01	3.330427E-01	3.420173E-01	
21	3.290182E-01	3.344516E-01	3.325395E-01	
22	3.316843E-01	3.372614E-01	3.443026E-01	
23	3.339911E-01	3.362069E-01	3.267470E-01	
24	3.324041E-01	3.351360E-01	3.818016E-01	
25	3.297493E-01	3.355190E-01	3.155459E-01	
26	3.305381E-01	3.344973E-01	3.172401E-01	
27	3.271289E-01	3.344274E-01	3.970463E-01	
28	3.286242E-01	3.330122E-01	3.149965E-01	
29	3.308489E-01	3.343754E-01	3.314162E-01	
30	3.300716E-01	3.383216E-01	3.651403E-01	
31	3.331542E-01	3.317773E-01	3.023682E-01	
32	3.305756E-01	3.342582E-01	2.871054E-01	
33	3.279880E-01	3.302485E-01	3.091427E-01	
34	3.279024E-01	3.306601E-01	3.012398E-01	
35	3.270088E-01	3.315557E-01	3.248876E-01	
36	3.281437E-01	3.300965E-01	3.030437E-01	
37	3.273308E-01	3.273773E-01	3.104902E-01	
38	3.234034E-01	3.267277E-01	3.206000E-01	
39	3.259226E-01	3.265390E-01	3.285163E-01	
40	3.288290E-01	3.284990E-01	3.255615E-01	
41	3.269597E-01	3.279098E-01	3.352017E-01	
42	3.261288E-01	3.274322E-01	3.179442E-01	
43	3.257422E-01	3.247184E-01	3.454638E-01	
44	3.256930E-01	3.271231E-01	3.502770E-01	
45	3.248672E-01	3.255784E-01	3.471639E-01	
46	3.240164E-01	3.232421E-01	3.523797E-01	
47	3.224579E-01	3.260626E-01	3.172200E-01	
48	3.233045E-01	3.242564E-01	3.302844E-01	
49	3.204403E-01	3.224642E-01	3.403907E-01	
50	3.216329E-01	3.229430E-01	3.453781E-01	
51	3.180773E-01	3.206182E-01	3.280863E-01	
52	3.196862E-01	3.220200E-01	3.330104E-01	
53	3.158031E-01	3.202189E-01	3.326171E-01	
54	3.158729E-01	3.184366E-01	3.331822E-01	
55	3.165056E-01	3.172417E-01	3.419417E-01	
56	3.134227E-01	3.178944E-01	3.306901E-01	
57	3.120365E-01	3.160548E-01	3.346845E-01	
58	3.128437E-01	3.163277E-01	3.297561E-01	
59	3.126933E-01	3.135060E-01	3.292433E-01	
60	3.131336E-01	3.144445E-01	3.401627E-01	
61	3.121012E-01	3.130738E-01	3.361677E-01	
62	3.102012E-01	3.109086E-01	3.359986E-01	
63	3.085232E-01	3.093156E-01	3.299759E-01	
64	3.109941E-01	3.107445E-01	3.262966E-01	
65	3.082023E-01	3.098480E-01	3.192589E-01	
66	3.094766E-01	3.093859E-01	3.238153E-01	
67	3.064194E-01	3.074081E-01	3.197714E-01	
68	3.070591E-01	3.085605E-01	3.226960E-01	
69	3.058129E-01	3.092873E-01	3.236310E-01	
70	3.051675E-01	3.075682E-01	3.258806E-01	
71	3.045375E-01	3.060784E-01	3.204011E-01	
72	3.036916E-01	3.045269E-01	3.185275E-01	
73	3.026001E-01	3.058003E-01	3.196016E-01	
74	3.024731E-01	3.063820E-01	3.181759E-01	
75	3.007717E-01	3.059229E-01	3.168500E-01	
76	2.992125E-01	3.040299E-01	3.112338E-01	
77	2.998053E-01	3.040080E-01	3.134482E-01	
78	3.000467E-01	3.033908E-01	3.114069E-01	
79	2.993657E-01	3.023596E-01	3.160729E-01	
80	2.975238E-01	3.041135E-01	3.065518E-01	
81	2.997316E-01	3.035098E-01	3.087838E-01	
82	2.982485E-01	3.017143E-01	3.021688E-01	
83	2.983436E-01	3.033701E-01	3.030575E-01	
84	2.988828E-01	3.029505E-01	2.941092E-01	
85	2.975775E-01	3.035793E-01	2.963695E-01	
86	2.989883E-01	3.042622E-01	2.915318E-01	
87	2.991826E-01	3.048915E-01	2.854359E-01	
88	2.986134E-01	3.045865E-01	2.860156E-01	
89	2.986667E-01	3.058414E-01	2.849581E-01	
90	2.996566E-01	3.060031E-01	2.820646E-01	
91	3.008261E-01	3.055839E-01	2.787784E-01	
92	3.008102E-01	3.069828E-01	2.768555E-01	
93	3.013635E-01	3.068949E-01	2.743932E-01	
94	3.023515E-01	3.081961E-01	2.702045E-01	
95	3.019911E-01	3.090634E-01	2.725695E-01	
96	3.028095E-01	3.107195E-01	2.667118E-01	
97	3.046907E-01	3.108108E-01	2.681691E-01	
98	3.064317E-01	3.127386E-01	2.664622E-01	
99	3.062028E-01	3.135524E-01	2.618382E-01	
100	3.082892E-01	3.161886E-01	2.629971E-01	
101	3.095600E-01	3.175146E-01	2.623117E-01	
102	3.120947E-01	3.213022E-01	2.602668E-01	
103	3.148047E-01	3.229945E-01	2.604491E-01	
104	3.165800E-01	3.251028E-01	2.589344E-01	
105	3.183053E-01	3.264563E-01	2.546991E-01	
106	3.213879E-01	3.292881E-01	2.575176E-01	
107	3.228950E-01	3.316574E-01	2.555505E-01	
108	3.250361E-01	3.340703E-01	2.534143E-01	
109	3.288044E-01	3.378890E-01	2.537969E-01	
110	3.313289E-01	3.405552E-01	2.506618E-01	
111	3.331424E-01	3.424816E-01	2.523680E-01	
112	3.351466E-01	3.447578E-01	2.551926E-01	
113	3.390539E-01	3.484610E-01	2.547772E-01	
114	3.418754E-01	3.517587E-01	2.534203E-01	
115	3.436813E-01	3.542479E-01	2.546897E-01	
116	3.462553E-01	3.581619E-01	2.547799E-01	
117	3.510351E-01	3.610503E-01	2.549226E-01	
118	3.540668E-01	3.658920E-01	2.586005E-01	
119	3.563757E-01	3.700434E-01	2.586343E-01	
120	3.605003E-01	3.727741E-01	2.603580E-01	
121	3.641847E-01	3.751576E-01	2.618494E-01	
122	3.677274E-01	3.809055E-01	2.607916E-01	
123	3.716196E-01	3.842193E-01	2.622069E-01	
124	3.743237E-01	3.873079E-01	2.632634E-01	
125	3.798950E-01	3.927539E-01	2.644334E-01	
126	3.832462E-01	3.986085E-01	2.680928E-01	
127	3.890732E-01	4.008188E-01	2.659556E-01	
128	3.930328E-01	4.057810E-01	2.681606E-01	
129	3.969762E-01	4.113668E-01	2.712055E-01	
130	4.037677E-01	4.155602E-01	2.708516E-01	
131	4.071685E-01	4.196699E-01	2.734638E-01	
132	4.105517E-01	4.253260E-01	2.774987E-01	
133	4.157542E-01	4.301790E-01	2.783343E-01	
134	4.218887E-01	4.380156E-01	2.819974E-01	
135	4.278987E-01	4.400168E-01	2.850670E-01	
136	4.317174E-01	4.463732E-01	2.833287E-01	
137	4.367898E-01	4.541604E-01	2.875116E-01	
138	4.423012E-01	4.573410E-01	2.904089E-01	
139	4.473170E-01	4.600861E-01	2.918890E-01	
140	4.532566E-01	4.656412E-01	2.955650E-01	
141	4.579350E-01	4.684812E-01	2.978375E-01	
142	4.639914E-01	4.782221E-01	3.003248E-01	
143	4.687104E-01	4.821307E-01	3.038951E-01	
144	4.742529E-01	4.832557E-01	3.059970E-01	
145	4.822367E-01	4.892090E-01	3.094890E-01	
146	4.869206E-01	4.980578E-01	3.113836E-01	
147	4.916465E-01	4.988780E-01	3.177591E-01	
148	4.969373E-01	5.036070E-01	3.214372E-01	
149	5.053202E-01	5.096906E-01	3.248521E-01	
150	5.117544E-01	5.169054E-01	3.266395E-01	
151	5.154315E-01	5.209344E-01	3.289446E-01	
152	5.187961E-01	5.213399E-01	3.346857E-01	
153	5.278074E-01	5.278541E-01	3.357529E-01	
154	5.359285E-01	5.390584E-01	3.384990E-01	
155	5.371623E-01	5.441492E-01	3.422319E-01	
156	5.429772E-01	5.452048E-01	3.454332E-01	
157	5.497135E-01	5.485063E-01	3.504786E-01	
158	5.593938E-01	5.529283E-01	3.533837E-01	
159	5.574287E-01	5.641620E-01	3.566410E-01	
160	5.631002E-01	5.630217E-01	3.586391E-01	
161	5.700922E-01	5.704508E-01	3.610396E-01	
162	5.781060E-01	5.730819E-01	3.641680E-01	
163	5.815734E-01	5.781946E-01	3.668192E-01	
164	5.823918E-01	5.843658E-01	3.698930E-01	
165	5.899851E-01	5.917643E-01	3.738306E-01	
166	5.968008E-01	5.975021E-01	3.770570E-01	
167	5.985522E-01	5.971144E-01	3.792983E-01	
168	5.999826E-01	6.026041E-01	3.786683E-01	
169	6.026359E-01	6.117205E-01	3.858759E-01	
170	6.108907E-01	6.156797E-01	3.835413E-01	
171	6.145022E-01	6.164814E-01	3.847095E-01	
172	6.217538E-01	6.204252E-01	3.874666E-01	
173	6.261311E-01	6.185464E-01	3.873629E-01	
174	6.315202E-01	6.295150E-01	3.894483E-01	
175	6.337768E-01	6.332103E-01	3.896155E-01	
176	6.410010E-01	6.386726E-01	3.905558E-01	
177	6.507942E-01	6.323660E-01	3.896200E-01	
178	6.533380E-01	6.330227E-01	3.923019E-01	
179	6.643038E-01	6.318510E-01	3.919840E-01	
180	6.625019E-01	6.329999E-01	3.960691E-01	
181	6.716739E-01	6.351844E-01	3.928292E-01	
182	6.669533E-01	6.262425E-01	3.960625E-01	
183	6.724029E-01	6.419038E-01	3.917743E-01	
184	6.917789E-01	6.304815E-01	3.956244E-01	
185	6.898735E-01	6.203860E-01	3.944571E-01	
186	6.904530E-01	6.272968E-01	3.899613E-01	
187	6.968363E-01	6.178732E-01	3.887510E-01	
188	6.963697E-01	6.180559E-01	3.861171E-01	
189	7.006480E-01	6.095837E-01	3.864988E-01	
190	7.050668E-01	6.088101E-01	3.867388E-01	
191	7.088819E-01	6.011576E-01	3.848421E-01	
192	7.196003E-01	5.896453E-01	3.856774E-01	
193	7.291090E-01	5.814447E-01	3.830947E-01	
194	7.081435E-01	5.736860E-01	3.846628E-01	
195	7.303842E-01	5.970961E-01	3.831123E-01	
196	7.155046E-01	5.670276E-01	3.804074E-01	
197	7.198686E-01	5.766431E-01	3.788847E-01	
198	7.236102E-01	5.898980E-01	3.799577E-01	
199	7.172702E-01	5.774192E-01	3.759584E-01	
200	7.376348E-01	5.805288E-01	3.729470E-01	
201	7.112440E-01	5.612872E-01	3.764597E-01	
202	7.214141E-01	5.647340E-01	3.733224E-01	
203	7.197833E-01	5.842805E-01	3.740039E-01	
204	7.232340E-01	5.479564E-01	3.737350E-01	
205	7.070564E-01	5.619753E-01	3.671710E-01	
206	6.910163E-01	5.382816E-01	3.700426E-01	
207	7.177627E-01	5.696500E-01	3.668965E-01	
208	7.001442E-01	5.384576E-01	3.663363E-01	
209	7.226487E-01	5.666219E-01	3.626589E-01	
210	7.320711E-01	5.396469E-01	3.644689E-01	
211	7.263897E-01	5.214599E-01	3.645782E-01	
212	7.398040E-01	5.125552E-01	3.621800E-01	
213	7.535310E-01	5.373985E-01	3.639656E-01	
214	7.416621E-01	5.148620E-01	3.615260E-01	
215	7.566625E-01	5.340461E-01	3.611827E-01	
216	7.690418E-01	5.021754E-01	3.576159E-01	
217	7.504647E-01	5.067417E-01	3.599479E-01	
218	7.577046E-01	5.263432E-01	3.595372E-01	
219	7.485099E-01	5.049165E-01	3.544432E-01	
220	7.539104E-01	4.620297E-01	3.576128E-01	
221	7.379228E-01	4.788404E-01	3.563581E-01	
222	7.547203E-01	4.958426E-01	3.517071E-01	
223	7.492493E-01	4.733694E-01	3.552539E-01	
224	7.505467E-01	4.530399E-01	3.520455E-01	
225	7.629493E-01	4.547323E-01	3.494298E-01	
226	7.068183E-01	4.823113E-01	3.511002E-01	
227	7.237941E-01	4.289421E-01	3.505331E-01	
228	7.021604E-01	4.262222E-01	3.481467E-01	
229	7.235631E-01	4.415419E-01	3.470222E-01	
230	6.955352E-01	4.418240E-01	3.486658E-01	
231	7.048817E-01	4.232690E-01	3.458947E-01	
232	7.646944E-01	4.431164E-01	3.462250E-01	
233	6.900225E-01	4.265918E-01	3.444868E-01	
234	6.457680E-01	4.209616E-01	3.422632E-01	
235	6.960309E-01	4.029692E-01	3.466378E-01	
236	6.126943E-01	4.148237E-01	3.411064E-01	
237	6.152914E-01	4.280419E-01	3.433392E-01	
238	5.854550E-01	4.136031E-01	3.411844E-01	
239	5.806887E-01	4.069282E-01	3.370047E-01	
240	5.485408E-01	3.868175E-01	3.405043E-01	
241	5.601868E-01	4.165661E-01	3.362383E-01	
242	4.753899E-01	3.895507E-01	3.387249E-01	
243	4.389564E-01	4.009969E-01	3.358119E-01	
244	4.460945E-01	3.826715E-01	3.337299E-01	
245	4.986259E-01	3.889208E-01	3.322421E-01	
246	3.513362E-01	4.089434E-01	3.351896E-01	
247	3.342328E-01	4.028278E-01	3.372561E-01	
248	3.957555E-01	3.811049E-01	3.323157E-01	
249	3.715621E-01	3.694717E-01	3.322408E-01	
250	4.053129E-01	3.523958E-01	3.331679E-01	
251	4.488977E-01	3.708841E-01	3.324741E-01	
252	3.429757E-01	3.604710E-01	3.303039E-01	
253	3.491777E-01	3.593390E-01	3.283034E-01	
254	3.775374E-01	3.608416E-01	3.302881E-01	
255	3.043382E-01	3.654803E-01	3.303960E-01	
256	2.768111E-01	3.388116E-01	3.268294E-01	
257	3.342821E-01	3.466115E-01	3.245410E-01	
258	2.903111E-01	3.491840E-01	3.234027E-01	
259	3.184166E-01	3.450889E-01	3.250542E-01	
260	2.830027E-01	3.531863E-01	3.199350E-01	
261	2.797957E-01	3.487831E-01	3.193439E-01	
262	2.449450E-01	3.613427E-01	3.224150E-01	
263	2.964338E-01	3.361641E-01	3.203492E-01	
264	2.008375E-01	3.430108E-01	3.151004E-01	
265	1.836287E-01	3.239385E-01	3.121001E-01	
266	1.996941E-01	3.294921E-01	3.140338E-01	
267	1.506383E-01	3.264947E-01	3.135613E-01	
268	2.074465E-01	3.143685E-01	3.106152E-01	
269	1.539975E-01	3.199855E-01	3.088577E-01	
270	2.298390E-01	3.182151E-01	3.087775E-01	
271	1.782634E-01	2.937052E-01	3.067436E-01	
272	2.684357E-01	2.926065E-01	3.070924E-01	
273	2.166529E-01	2.933122E-01	3.069223E-01	
274	2.123002E-01	2.823580E-01	3.030684E-01	
275	2.408877E-01	2.867340E-01	3.080185E-01	
276	2.396487E-01	2.725761E-01	3.036880E-01	
277	2.749797E-01	2.786455E-01	3.013544E-01	
278	3.278022E-01	2.861973E-01	3.023255E-01	
279	2.749335E-01	2.696699E-01	3.018220E-01	
280	3.045497E-01	2.639140E-01	2.975096E-01	
281	3.511859E-01	2.834086E-01	2.979732E-01	
282	3.383976E-01	2.792046E-01	2.958950E-01	
283	3.469977E-01	2.602606E-01	2.965889E-01	
284	2.661030E-01	2.654469E-01	2.960822E-01	
285	2.862618E-01	2.729248E-01	2.972163E-01	
286	3.526349E-01	2.684020E-01	2.968805E-01	
287	3.925902E-01	2.524122E-01	2.970297E-01	
288	3.709715E-01	2.454821E-01	2.909801E-01	
289	3.373217E-01	2.539245E-01	2.936906E-01	
290	3.796297E-01	2.850678E-01	2.913482E-01	
291	2.932892E-01	2.790570E-01	2.951719E-01	
292	3.593888E-01	2.642372E-01	2.923287E-01	
293	3.280285E-01	2.812379E-01	2.901896E-01	
294	3.204296E-01	2.686017E-01	2.885891E-01	
295	2.571243E-01	2.801874E-01	2.910571E-01	
296	2.410559E-01	2.773287E-01	2.912455E-01	
297	3.661682E-01	2.931816E-01	2.919285E-01	
298	3.004746E-01	2.717567E-01	2.880200E-01	
299	2.928191E-01	2.571141E-01	2.890248E-01	
300	3.548453E-01	2.709214E-01	2.922837E-01	
301	3.683917E-01	2.852619E-01	2.891092E-01	
302	3.185976E-01	2.872450E-01	2.914925E-01	
303	4.214207E-01	2.834900E-01	2.905381E-01	
304	3.100045E-01	2.854974E-01	2.884332E-01	
305	5.666840E-01	2.987125E-01	2.890116E-01	
306	3.678622E-01	2.971835E-01	2.894486E-01	
307	5.372690E-01	3.031156E-01	2.898405E-01	
308	3.574668E-01	2.980722E-01	2.936667E-01	
309	3.570284E-01	3.104089E-01	2.921340E-01	
310	4.357445E-01	3.245982E-01	2.898386E-01	
311	3.045694E-01	3.109223E-01	2.918885E-01	
312	2.771016E-01	3.096700E-01	2.920552E-01	
313	2.832870E-01	2.955132E-01	2.921950E-01	
314	2.953826E-01	3.237329E-01	2.956387E-01	
315	1.389923E-01	3.144561E-01	2.919967E-01	
316	3.152053E-01	3.207451E-01	2.931769E-01	
317	2.191842E-01	2.930730E-01	2.929089E-01	
318	2.509493E-01	3.028524E-01	2.936491E-01	
319	2.541899E-01	2.835613E-01	2.938801E-01	
320	2.072369E-01	2.926172E-01	2.918328E-01	
321	1.523668E-01	2.901588E-01	2.948327E-01	
322	2.609011E-01	2.849828E-01	2.923514E-01	
323	1.304896E-01	2.910689E-01	2.942532E-01	
324	1.922261E-01	2.827958E-01	2.911651E-01	
325	2.229462E-01	2.912642E-01	2.921789E-01	
326	2.042433E-01	2.767197E-01	2.903641E-01	
327	1.888545E-01	2.683785E-01	2.904941E-01	
328	2.852035E-01	2.899856E-01	2.922389E-01	
329	2.421023E-01	2.964022E-01	2.939300E-01	
330	3.721151E-01	3.003059E-01	2.930211E-01	
331	2.327682E-01	2.984403E-01	2.942459E-01	
332	3.028091E-01	2.780986E-01	2.928830E-01	
333	2.871568E-01	2.695705E-01	2.937430E-01	
334	2.706039E-01	2.870982E-01	2.917643E-01	
335	3.123238E-01	2.968280E-01	2.906581E-01	
336	3.495950E-01	2.806213E-01	2.901846E-01	
337	4.076525E-01	2.892855E-01	2.916211E-01	
338	3.464237E-01	2.777711E-01	2.879369E-01	
339	4.073023E-01	2.754186E-01	2.869601E-01	
340	3.306448E-01	3.041514E-01	2.874444E-01	
341	4.144698E-01	2.876589E-01	2.874438E-01	
342	3.953484E-01	2.847249E-01	2.878914E-01	
343	5.116568E-01	2.750296E-01	2.848822E-01	
344	4.634999E-01	2.711365E-01	2.866452E-01	
345	4.883681E-01	2.909152E-01	2.860353E-01	
346	3.818057E-01	2.736328E-01	2.860351E-01	
347	5.990087E-01	2.772690E-01	2.847394E-01	
348	6.077344E-01	2.747274E-01	2.874746E-01	
349	6.432538E-01	2.604286E-01	2.849500E-01	
350	6.283530E-01	2.534052E-01	2.825483E-01	
351	6.902086E-01	2.624118E-01	2.817593E-01	
352	6.740061E-01	2.587920E-01	2.853241E-01	
353	5.353695E-01	2.600190E-01	2.835600E-01	
354	6.768016E-01	2.682445E-01	2.813324E-01	
355	4.264126E-01	2.592564E-01	2.847690E-01	
356	5.499190E-01	2.656115E-01	2.830639E-01	
357	5.564443E-01	2.713303E-01	2.794640E-01	
358	3.049384E-01	2.731476E-01	2.846712E-01	
359	6.578296E-02	2.785878E-01	2.840255E-01	
360	5.465640E-01	2.638263E-01	2.828408E-01	
361	6.836246E-01	2.558231E-01	2.812921E-01	
362	1.084608E-01	2.570279E-01	2.801767E-01	
363	1.944530E-01	2.622393E-01	2.791716E-01	
364	2.285987E-01	2.611221E-01	2.818253E-01	
365	5.272454E-01	2.687131E-01	2.806303E-01	
366	4.375184E-01	2.915832E-01	2.786436E-01	
367	3.715482E-01	2.719803E-01	2.814750E-01	
368	2.069498E-01	2.764324E-01	2.764192E-01	
369	4.458176E-02	3.088346E-01	2.808018E-01	
370	2.775986E-01	2.819536E-01	2.782317E-01	
371	3.475709E-01	2.996119E-01	2.780307E-01	
372	2.097211E-01	3.035009E-01	2.787967E-01	
373	3.800106E-01	3.272791E-01	2.765301E-01	
374	2.566150E-01	2.918975E-01	2.810498E-01	
375	5.285506E-01	2.929107E-01	2.782570E-01	
376	4.132203E-01	2.655151E-01	2.798840E-01	
377	2.408633E-01	2.784185E-01	2.771336E-01	
378	2.467727E-02	2.923383E-01	2.789107E-01	
379	1.050464E-01	2.635037E-01	2.772709E-01	
380	3.609679E-01	2.818498E-01	2.762496E-01	
381	2.011528E-01	2.948465E-01	2.792726E-01	
382	1.478709E-01	2.707727E-01	2.766937E-01	
383	2.430261E-01	2.898974E-01	2.844045E-01	
384	3.080676E-01	2.846611E-01	2.794541E-01	
385	2.138193E-01	2.718213E-01	2.747301E-01	
386	2.676553E-01	3.176398E-01	2.814227E-01	
387	3.694123E-01	2.738945E-01	2.765404E-01	
388	2.707246E-01	2.756936E-01	2.823827E-01	
389	3.263771E-01	2.899543E-01	2.811741E-01	
390	2.574500E-01	2.816302E-01	2.806930E-01	
391	3.560947E-01	2.698124E-01	2.815735E-01	
392	3.360073E-01	2.884335E-01	2.792848E-01	
393	1.921192E-01	2.712988E-01	2.796045E-01	
394	2.163814E-01	2.818611E-01	2.821052E-01	
395	1.590930E-01	2.915813E-01	2.822598E-01	
396	1.572794E-01	2.796163E-01	2.788416E-01	
397	2.126757E-01	2.665182E-01	2.792833E-01	
398	2.353730E-01	2.539607E-01	2.774094E-01	
399	2.777358E-01	2.741707E-01	2.812590E-01	
400	2.514667E-01	2.761371E-01	2.796036E-01	
401	3.699515E-01	2.645569E-01	2.759452E-01	
402	3.040978E-01	2.876160E-01	2.812124E-01	
403	2.962279E-01	2.724053E-01	2.796260E-01	
404	2.786493E-01	2.428575E-01	2.809214E-01	
405	3.240995E-01	2.685221E-01	2.807579E-01	
406	2.158921E-01	2.580832E-01	2.803373E-01	
407	2.506945E-01	2.977404E-01	2.864352E-01	
408	2.788368E-01	2.736593E-01	2.841195E-01	
409	2.331263E-01	2.565806E-01	2.846092E-01	
410	2.388827E-01	2.886924E-01	2.920490E-01	
411	3.179727E-01	2.707171E-01	2.889117E-01	
412	1.979429E-01	2.499459E-01	2.885181E-01	
413	2.257040E-01	2.684072E-01	2.917574E-01	
414	2.764169E-01	2.746334E-01	2.905986E-01	
415	1.203045E-01	2.536338E-01	2.968881E-01	
416	2.223695E-01	2.611404E-01	2.998533E-01	
417	1.724831E-01	2.604943E-01	2.933683E-01	
418	1.813144E-01	2.372671E-01	3.018945E-01	
419	1.300415E-01	2.995806E-01	2.981757E-01	
420	2.060558E-01	2.520382E-01	3.015191E-01	
421	2.685851E-01	2.611339E-01	2.967823E-01	
422	2.264356E-01	2.647099E-01	3.035068E-01	
423	3.038647E-01	2.955764E-01	2.969353E-01	
424	3.060994E-01	2.725950E-01	2.999209E-01	
425	3.659801E-01	2.777625E-01	2.994894E-01	
426	2.950617E-01	2.824390E-01	2.987591E-01	
427	2.877021E-01	3.010667E-01	2.968100E-01	
428	3.914254E-01	2.929057E-01	2.939430E-01	
429	3.804281E-01	2.996965E-01	2.935435E-01	
430	3.084736E-01	2.794083E-01	2.929127E-01	
431	2.152502E-01	2.773960E-01	2.937151E-01	
432	3.811486E-01	3.044132E-01	2.932424E-01	
433	2.511624E-01	3.000647E-01	3.007738E-01	
434	3.243764E-01	2.746726E-01	2.972346E-01	
435	2.898734E-01	2.564673E-01	2.944824E-01	
436	3.381437E-01	2.996458E-01	2.973829E-01	
437	3.286179E-01	2.920587E-01	3.046706E-01	
438	2.509792E-01	3.306277E-01	3.038561E-01	
439	2.367585E-01	2.978308E-01	2.907390E-01	
440	2.336295E-01	3.240256E-01	3.051392E-01	
441	2.287129E-01	3.131490E-01	2.985878E-01	
442	2.403107E-01	3.021220E-01	2.988456E-01	
443	1.748638E-01	3.243706E-01	2.850791E-01	
444	2.345829E-01	3.127751E-01	3.032386E-01	
445	3.863196E-02	3.322696E-01	3.012628E-01	
446	2.986316E-01	3.271601E-01	2.953341E-01	
447	2.520027E-01	3.137361E-01	2.971582E-01	
448	3.440770E-01	3.414008E-01	2.918918E-01	
449	2.623592E-01	3.116048E-01	3.024860E-01	
450	2.948969E-01	3.458899E-01	2.907478E-01	
451	4.081995E-01	3.719679E-01	2.878493E-01	
452	2.121059E-01	3.455403E-01	2.959121E-01	
453	2.162408E-01	3.563918E-01	2.902182E-01	
454	1.044710E-02	3.247004E-01	2.985609E-01	
455	3.385602E-02	3.322344E-01	2.847711E-01	
456	0	2.999677E-01	2.986132E-01	
457	0	3.067708E-01	2.875717E-01	
458	0	2.779468E-01	2.949519E-01	
459	0	3.172438E-01	2.979652E-01	
460	0	2.765636E-01	2.787928E-01	
461	0	3.216181E-01	3.020034E-01	
462	0	3.103486E-01	2.723791E-01	
463	0	2.976193E-01	3.105388E-01	
464	0	3.131874E-01	2.942153E-01	
465	0	2.159066E-01	3.059058E-01	
466	0	3.701186E-01	2.841853E-01	
467	0	2.581189E-01	2.954490E-01	
468	0	3.813109E-01	3.035403E-01	
469	0	2.760339E-01	2.916972E-01	
470	0	3.239891E-01	3.116660E-01	
471	0	2.432778E-01	2.839080E-01	
472	0	3.174472E-01	3.069979E-01	
473	0	1.188227E-01	2.916320E-01	
474	0	3.638019E-01	3.097967E-01	
475	0	3.085961E-01	2.967258E-01	
476	0	2.348271E-01	3.046457E-01	
477	0	3.282029E-01	3.426268E-01	
478	0	1.824791E-01	3.034505E-01	
479	0	3.840808E-01	3.413920E-01	
480	0	1.987054E-01	3.038348E-01	
481	0	2.711440E-01	3.306207E-01	
482	0	2.316540E-01	3.202097E-01	
483	0	2.460711E-01	3.361083E-01	
484	0	3.468452E-01	3.599790E-01	
485	0	2.558214E-01	3.268682E-01	
486	0	0	3.886136E-01	
487	0	1.995818E-01	3.336139E-01	
488	0	3.739393E-01	3.799558E-01	
489	0	3.131144E-01	3.519901E-01	
490	0	4.427744E-01	3.950948E-01	
491	0	2.750885E-01	4.063106E-01	
492	0	4.456306E-01	3.819379E-01	
493	0	3.382650E-01	5.258263E-01	
494	0	3.991626E-01	4.015904E-01	
495	0	0	4.477654E-01	
496	0	4.199498E-01	4.080170E-01	
497	0	6.276895E-01	4.308051E-01	
498	0	3.505572E-01	4.220831E-01	
499	0	6.499879E-01	4.569878E-01	
500	0	0	0	
501	0	4.755658E-01	4.549697E-01	
502	0	0	0	
503	0	3.678929E-01	4.557015E-01	
504	0	0	0	
505	0	4.242840E-01	4.877435E-01	
506	0	0	5.429522E-01	
507	0	0	0	
508	0	0	5.230416E-01	
509	0	0	0	
510	0	0	5.944220E-01	
511	0	0	0	
512	0	0	5.883535E-01	
513	0	0	0	
514	0	0	0	
515	0	0	6.254530E-01	
516	0	0	0	
517	0	0	6.288700E-01	
518	0	0	0	
519	0	0	7.317796E-01	
520	0	0	0	
521	0	0	0	
522	0	0	0	
523	0	0	0	
524	0	0	0	
525	0	0	0	
526	0	0	0	
527	0	0	0	
528	0	0	0	
529	0	0	0	
530	0	0	0	
531	0	0	0	
532	0	0	0	
533	0	0	0	
534	0	0	0	
535	0	0	0	
536	0	0	0	
537	0	0	0	
538	0	0	0	
539	0	0	0	
540	0	0	0	
541	0	0	0	
542	0	0	0	
543	0	0	0	
544	0	0	0	
545	0	0	0	
546	0	0	0	
547	0	0	0	
548	0	0	0	
549	0	0	0	
550	0	0	0	
551	0	0	0	
552	0	0	0	
553	0	0	0	
554	0	0	0	
555	0	0	0	
556	0	0	0	
557	0	0	0	
558	0	0	0	
559	0	0	0	
560	0	0	0	
561	0	0	0	
562	0	0	0	
563	0	0	0	
564	0	0	0	
565	0	0	0	
566	0	0	0	
567	0	0	0	
568	0	0	0	
569	0	0	0	
570	0	0	0	
571	0	0	0	
572	0	0	0	
573	0	0	0	
574	0	0	0	
575	0	0	0	
576	0	0	0	
577	0	0	0	
578	0	0	0	
579	0	0	0	
580	0	0	0	
581	0	0	0	
582	0	0	0	
583	0	0	0	
584	0	0	0	
585	0	0	0	
586	0	0	0	
587	0	0	0	
588	0	0	0	
589	0	0	0	
590	0	0	0	
591	0	0	0	
592	0	0	0	
593	0	0	0	
594	0	0	0	
595	0	0	0	
596	0	0	0	
597	0	0	0	
598	0	0	0	
599	0	0	0	
#NewRun
