#COM_Bin	Avg_cosine_squared
#Order is chain type
0	0	0	0	
1	0	0	0	
2	0	0	0	
3	0	0	0	
4	3.360135E-01	3.330044E-01	3.272001E-01	
5	3.224530E-01	3.407934E-01	2.463546E-01	
6	3.407731E-01	3.345837E-01	1.080844E-01	
7	0	0	0	
8	3.211799E-01	3.355393E-01	3.515676E-01	
9	3.274451E-01	3.361439E-01	3.347760E-01	
10	0	0	0	
11	3.302394E-01	3.353378E-01	2.853696E-01	
12	3.321421E-01	3.339956E-01	3.848799E-01	
13	3.368844E-01	3.366464E-01	3.169929E-01	
14	3.316872E-01	3.324307E-01	3.147161E-01	
15	0	0	0	
16	3.293591E-01	3.336678E-01	3.365171E-01	
17	3.311297E-01	3.310715E-01	2.611174E-01	
18	3.323185E-01	3.360467E-01	3.001149E-01	
19	3.353016E-01	3.263454E-01	3.068059E-01	
20	3.287139E-01	3.350684E-01	2.970909E-01	
21	3.283972E-01	3.318416E-01	2.983858E-01	
22	3.322025E-01	3.309538E-01	2.463075E-01	
23	3.263134E-01	3.305770E-01	2.847640E-01	
24	3.275350E-01	3.293448E-01	3.303285E-01	
25	3.292186E-01	3.336695E-01	2.978222E-01	
26	3.257563E-01	3.366352E-01	2.794840E-01	
27	3.181606E-01	3.251596E-01	2.393000E-01	
28	3.273592E-01	3.333431E-01	3.003139E-01	
29	3.275778E-01	3.328534E-01	3.007634E-01	
30	3.259934E-01	3.314588E-01	2.807525E-01	
31	3.271994E-01	3.311715E-01	2.799234E-01	
32	3.282536E-01	3.310679E-01	2.955922E-01	
33	3.224181E-01	3.329134E-01	3.278974E-01	
34	3.228708E-01	3.323021E-01	3.021728E-01	
35	3.266818E-01	3.276679E-01	2.943035E-01	
36	3.270835E-01	3.279384E-01	3.262112E-01	
37	3.255152E-01	3.329340E-01	3.281156E-01	
38	3.266509E-01	3.311251E-01	3.518972E-01	
39	3.239908E-01	3.282645E-01	3.243009E-01	
40	3.259520E-01	3.296597E-01	3.405121E-01	
41	3.261775E-01	3.291600E-01	3.385641E-01	
42	3.209691E-01	3.311420E-01	3.392223E-01	
43	3.237400E-01	3.275276E-01	3.327875E-01	
44	3.236779E-01	3.277100E-01	3.353583E-01	
45	3.220384E-01	3.255150E-01	3.398414E-01	
46	3.224090E-01	3.255639E-01	3.313669E-01	
47	3.220324E-01	3.248168E-01	3.339825E-01	
48	3.221479E-01	3.241523E-01	3.286882E-01	
49	3.218196E-01	3.227326E-01	3.500457E-01	
50	3.210913E-01	3.226123E-01	3.303148E-01	
51	3.215301E-01	3.206764E-01	3.506102E-01	
52	3.222328E-01	3.210046E-01	3.328256E-01	
53	3.219873E-01	3.203474E-01	3.365794E-01	
54	3.214465E-01	3.185892E-01	3.244871E-01	
55	3.208373E-01	3.174549E-01	3.344697E-01	
56	3.211890E-01	3.179723E-01	3.256029E-01	
57	3.181881E-01	3.177784E-01	3.328712E-01	
58	3.172954E-01	3.164976E-01	3.467676E-01	
59	3.167492E-01	3.148399E-01	3.168170E-01	
60	3.160978E-01	3.160750E-01	3.315728E-01	
61	3.163216E-01	3.135931E-01	3.326427E-01	
62	3.134693E-01	3.137337E-01	3.255371E-01	
63	3.130093E-01	3.130243E-01	3.311316E-01	
64	3.138451E-01	3.120096E-01	3.301828E-01	
65	3.104681E-01	3.114262E-01	3.319350E-01	
66	3.100100E-01	3.095393E-01	3.282186E-01	
67	3.089474E-01	3.097838E-01	3.342845E-01	
68	3.100444E-01	3.093720E-01	3.307481E-01	
69	3.080832E-01	3.078821E-01	3.316908E-01	
70	3.085834E-01	3.070396E-01	3.296908E-01	
71	3.070398E-01	3.070466E-01	3.308862E-01	
72	3.053936E-01	3.073050E-01	3.281442E-01	
73	3.051445E-01	3.073117E-01	3.196490E-01	
74	3.056367E-01	3.051212E-01	3.224359E-01	
75	3.049070E-01	3.053392E-01	3.065511E-01	
76	3.036479E-01	3.048389E-01	3.174262E-01	
77	3.033854E-01	3.050588E-01	3.118361E-01	
78	3.018449E-01	3.052413E-01	3.055721E-01	
79	3.020053E-01	3.057394E-01	3.015878E-01	
80	3.012659E-01	3.051110E-01	3.006299E-01	
81	3.016180E-01	3.054173E-01	3.039965E-01	
82	2.988883E-01	3.051962E-01	2.983901E-01	
83	2.989779E-01	3.033279E-01	2.975797E-01	
84	2.999770E-01	3.062754E-01	2.938938E-01	
85	2.980264E-01	3.034749E-01	2.951779E-01	
86	3.005557E-01	3.055108E-01	2.908422E-01	
87	2.998162E-01	3.038168E-01	2.855182E-01	
88	2.999825E-01	3.055786E-01	2.875700E-01	
89	3.006441E-01	3.056403E-01	2.849058E-01	
90	2.995309E-01	3.053104E-01	2.798229E-01	
91	2.992095E-01	3.076960E-01	2.816557E-01	
92	3.015428E-01	3.077425E-01	2.794250E-01	
93	3.010568E-01	3.088968E-01	2.742147E-01	
94	3.021681E-01	3.092076E-01	2.724213E-01	
95	3.019534E-01	3.104925E-01	2.698117E-01	
96	3.031763E-01	3.110553E-01	2.692840E-01	
97	3.044931E-01	3.133210E-01	2.675591E-01	
98	3.056602E-01	3.148470E-01	2.664657E-01	
99	3.066935E-01	3.138103E-01	2.679719E-01	
100	3.083884E-01	3.169899E-01	2.654434E-01	
101	3.096972E-01	3.182572E-01	2.641364E-01	
102	3.116978E-01	3.210112E-01	2.618608E-01	
103	3.135741E-01	3.228495E-01	2.619451E-01	
104	3.162288E-01	3.247170E-01	2.622288E-01	
105	3.163186E-01	3.270300E-01	2.591037E-01	
106	3.189596E-01	3.289101E-01	2.598071E-01	
107	3.224015E-01	3.315048E-01	2.591750E-01	
108	3.231613E-01	3.313768E-01	2.551536E-01	
109	3.253404E-01	3.363081E-01	2.565079E-01	
110	3.277315E-01	3.381960E-01	2.558372E-01	
111	3.306021E-01	3.405937E-01	2.564537E-01	
112	3.333709E-01	3.433181E-01	2.546979E-01	
113	3.359327E-01	3.452165E-01	2.549659E-01	
114	3.397372E-01	3.490918E-01	2.547963E-01	
115	3.423882E-01	3.521504E-01	2.542437E-01	
116	3.452951E-01	3.561723E-01	2.539434E-01	
117	3.497449E-01	3.583216E-01	2.541832E-01	
118	3.510209E-01	3.644142E-01	2.542192E-01	
119	3.555862E-01	3.661095E-01	2.546212E-01	
120	3.595740E-01	3.703199E-01	2.555900E-01	
121	3.628711E-01	3.731299E-01	2.566431E-01	
122	3.658948E-01	3.791024E-01	2.573355E-01	
123	3.699997E-01	3.811336E-01	2.591371E-01	
124	3.731134E-01	3.850194E-01	2.590903E-01	
125	3.775294E-01	3.890227E-01	2.602923E-01	
126	3.816764E-01	3.930223E-01	2.592385E-01	
127	3.860546E-01	3.976085E-01	2.629369E-01	
128	3.894597E-01	4.027160E-01	2.635154E-01	
129	3.933498E-01	4.043569E-01	2.659084E-01	
130	3.980648E-01	4.099426E-01	2.680030E-01	
131	4.007118E-01	4.133382E-01	2.712078E-01	
132	4.066790E-01	4.180273E-01	2.717354E-01	
133	4.106871E-01	4.228093E-01	2.741356E-01	
134	4.162329E-01	4.272101E-01	2.769063E-01	
135	4.207480E-01	4.324462E-01	2.807048E-01	
136	4.253589E-01	4.355103E-01	2.819070E-01	
137	4.315889E-01	4.401065E-01	2.850111E-01	
138	4.377879E-01	4.476204E-01	2.873312E-01	
139	4.415418E-01	4.488678E-01	2.915894E-01	
140	4.475947E-01	4.563547E-01	2.922603E-01	
141	4.512289E-01	4.584705E-01	2.957059E-01	
142	4.564536E-01	4.633430E-01	2.979318E-01	
143	4.621284E-01	4.700394E-01	3.016872E-01	
144	4.669639E-01	4.717961E-01	3.032083E-01	
145	4.710034E-01	4.765625E-01	3.047400E-01	
146	4.773201E-01	4.834403E-01	3.080595E-01	
147	4.778723E-01	4.866368E-01	3.128432E-01	
148	4.876731E-01	4.915152E-01	3.133238E-01	
149	4.920880E-01	4.946375E-01	3.170336E-01	
150	4.957286E-01	5.018768E-01	3.196800E-01	
151	4.988600E-01	5.040496E-01	3.217675E-01	
152	5.063774E-01	5.114209E-01	3.231899E-01	
153	5.090241E-01	5.149238E-01	3.285790E-01	
154	5.159178E-01	5.206319E-01	3.315277E-01	
155	5.221361E-01	5.237401E-01	3.330597E-01	
156	5.261743E-01	5.298877E-01	3.365789E-01	
157	5.333593E-01	5.334344E-01	3.396686E-01	
158	5.378316E-01	5.389885E-01	3.431142E-01	
159	5.448326E-01	5.415310E-01	3.445339E-01	
160	5.467001E-01	5.493030E-01	3.480307E-01	
161	5.570547E-01	5.510863E-01	3.536992E-01	
162	5.572797E-01	5.534108E-01	3.545022E-01	
163	5.678290E-01	5.618549E-01	3.576488E-01	
164	5.686056E-01	5.623343E-01	3.614433E-01	
165	5.726163E-01	5.716777E-01	3.632545E-01	
166	5.849900E-01	5.739794E-01	3.666236E-01	
167	5.852696E-01	5.694856E-01	3.684008E-01	
168	5.965050E-01	5.762370E-01	3.693261E-01	
169	5.958783E-01	5.770603E-01	3.706767E-01	
170	5.998951E-01	5.831351E-01	3.747787E-01	
171	6.053813E-01	5.780774E-01	3.739816E-01	
172	6.123763E-01	5.843093E-01	3.774293E-01	
173	6.110275E-01	5.820252E-01	3.794344E-01	
174	6.203124E-01	5.825017E-01	3.788762E-01	
175	6.254023E-01	5.876652E-01	3.824626E-01	
176	6.240437E-01	5.893357E-01	3.806653E-01	
177	6.408888E-01	5.944547E-01	3.851113E-01	
178	6.379241E-01	5.870667E-01	3.862873E-01	
179	6.418035E-01	5.985329E-01	3.872651E-01	
180	6.454224E-01	5.906547E-01	3.867933E-01	
181	6.575555E-01	5.934202E-01	3.907339E-01	
182	6.756940E-01	5.787375E-01	3.906369E-01	
183	6.669762E-01	5.915362E-01	3.913120E-01	
184	6.642577E-01	5.844682E-01	3.950850E-01	
185	6.753201E-01	5.824316E-01	3.941060E-01	
186	6.702997E-01	5.725209E-01	3.946162E-01	
187	6.745858E-01	5.739643E-01	3.956822E-01	
188	6.773617E-01	5.652227E-01	3.942595E-01	
189	6.805467E-01	5.801129E-01	3.958150E-01	
190	6.788660E-01	5.705767E-01	3.945378E-01	
191	6.979414E-01	5.701943E-01	3.966755E-01	
192	6.882501E-01	5.507282E-01	3.945692E-01	
193	6.832106E-01	5.515604E-01	3.965110E-01	
194	6.873687E-01	5.490056E-01	3.936578E-01	
195	6.829735E-01	5.388584E-01	3.957032E-01	
196	7.040029E-01	5.257536E-01	3.959716E-01	
197	6.890306E-01	5.308717E-01	3.951890E-01	
198	6.936752E-01	5.371503E-01	3.950082E-01	
199	6.972994E-01	5.053037E-01	3.933819E-01	
200	6.920766E-01	5.118699E-01	3.947829E-01	
201	6.906949E-01	5.053811E-01	3.930353E-01	
202	6.596835E-01	4.939395E-01	3.937762E-01	
203	6.940125E-01	4.996432E-01	3.941057E-01	
204	6.480067E-01	4.947190E-01	3.939782E-01	
205	6.563603E-01	4.838917E-01	3.931018E-01	
206	6.402561E-01	4.693865E-01	3.917374E-01	
207	6.380918E-01	4.740910E-01	3.900869E-01	
208	6.275137E-01	4.671617E-01	3.885121E-01	
209	6.251417E-01	4.660551E-01	3.913334E-01	
210	6.221488E-01	4.704676E-01	3.883487E-01	
211	6.236766E-01	4.696891E-01	3.870301E-01	
212	5.942477E-01	4.541225E-01	3.859960E-01	
213	6.108930E-01	4.589501E-01	3.845427E-01	
214	5.876893E-01	4.583195E-01	3.833692E-01	
215	6.077291E-01	4.504125E-01	3.825575E-01	
216	5.874570E-01	4.410741E-01	3.820904E-01	
217	5.797755E-01	4.303143E-01	3.814464E-01	
218	5.430725E-01	4.456469E-01	3.778592E-01	
219	5.639192E-01	4.176977E-01	3.807806E-01	
220	5.390323E-01	4.349041E-01	3.789903E-01	
221	5.257087E-01	4.248123E-01	3.757315E-01	
222	5.244692E-01	4.199947E-01	3.740993E-01	
223	5.261130E-01	4.194200E-01	3.756712E-01	
224	5.540218E-01	4.152089E-01	3.708897E-01	
225	5.170943E-01	4.305426E-01	3.725834E-01	
226	5.048958E-01	4.137534E-01	3.723398E-01	
227	5.159014E-01	4.076611E-01	3.687433E-01	
228	5.571880E-01	4.027690E-01	3.661278E-01	
229	5.133149E-01	4.042268E-01	3.650076E-01	
230	4.833253E-01	3.983170E-01	3.671680E-01	
231	4.924276E-01	3.807291E-01	3.636253E-01	
232	5.171658E-01	4.069306E-01	3.609016E-01	
233	5.124880E-01	3.921758E-01	3.618387E-01	
234	5.461263E-01	3.885685E-01	3.602060E-01	
235	4.702088E-01	3.866196E-01	3.610602E-01	
236	5.164727E-01	3.821703E-01	3.553226E-01	
237	5.383119E-01	3.886857E-01	3.544278E-01	
238	5.018645E-01	3.750173E-01	3.547613E-01	
239	4.838686E-01	3.700325E-01	3.506754E-01	
240	5.138770E-01	3.713844E-01	3.518592E-01	
241	4.466955E-01	3.752244E-01	3.512075E-01	
242	5.555894E-01	3.619730E-01	3.486478E-01	
243	4.740563E-01	3.593082E-01	3.468817E-01	
244	4.446072E-01	3.735243E-01	3.463312E-01	
245	5.089468E-01	3.611061E-01	3.438955E-01	
246	4.605446E-01	3.576045E-01	3.466067E-01	
247	3.853213E-01	3.579297E-01	3.438883E-01	
248	4.830518E-01	3.478821E-01	3.441659E-01	
249	4.285028E-01	3.379824E-01	3.426282E-01	
250	4.559791E-01	3.418814E-01	3.424483E-01	
251	4.063920E-01	3.242503E-01	3.440937E-01	
252	4.255748E-01	3.422973E-01	3.404391E-01	
253	4.595116E-01	3.277942E-01	3.393795E-01	
254	4.481206E-01	3.312850E-01	3.360051E-01	
255	4.090801E-01	3.535493E-01	3.378644E-01	
256	3.818675E-01	3.420134E-01	3.347008E-01	
257	4.085410E-01	3.334971E-01	3.327806E-01	
258	4.274681E-01	3.496871E-01	3.347757E-01	
259	4.630523E-01	3.566331E-01	3.309434E-01	
260	3.562006E-01	3.392784E-01	3.312681E-01	
261	4.373062E-01	3.341437E-01	3.286708E-01	
262	3.956268E-01	3.412465E-01	3.290462E-01	
263	4.999576E-01	3.553025E-01	3.302167E-01	
264	4.870416E-01	3.232586E-01	3.285614E-01	
265	3.659876E-01	3.298332E-01	3.238197E-01	
266	4.442739E-01	3.347208E-01	3.273578E-01	
267	4.694060E-01	3.407813E-01	3.274839E-01	
268	4.236453E-01	3.317495E-01	3.230919E-01	
269	4.236635E-01	3.346461E-01	3.241980E-01	
270	4.460135E-01	3.226440E-01	3.227456E-01	
271	4.771646E-01	3.324072E-01	3.253004E-01	
272	4.452706E-01	3.295396E-01	3.195968E-01	
273	4.095319E-01	3.328592E-01	3.157135E-01	
274	4.188895E-01	3.369125E-01	3.183420E-01	
275	4.117933E-01	3.327646E-01	3.155948E-01	
276	3.379350E-01	3.319925E-01	3.092316E-01	
277	3.640846E-01	3.223902E-01	3.108906E-01	
278	3.560803E-01	3.312237E-01	3.107024E-01	
279	2.946124E-01	3.136393E-01	3.079387E-01	
280	4.427865E-01	3.343027E-01	3.059482E-01	
281	3.423569E-01	3.210541E-01	3.069111E-01	
282	3.386966E-01	3.075687E-01	3.077551E-01	
283	3.705199E-01	3.065617E-01	3.057369E-01	
284	3.963597E-01	3.187491E-01	3.031445E-01	
285	3.240531E-01	3.044844E-01	3.013874E-01	
286	4.993978E-01	3.117673E-01	3.019758E-01	
287	3.546257E-01	3.012383E-01	3.008113E-01	
288	4.328324E-01	2.979537E-01	2.980740E-01	
289	4.953789E-01	3.201197E-01	2.983147E-01	
290	4.146228E-01	3.115266E-01	2.959039E-01	
291	4.096986E-01	3.086130E-01	2.982484E-01	
292	4.073381E-01	3.031525E-01	2.946939E-01	
293	4.496371E-01	3.074460E-01	2.945964E-01	
294	4.021944E-01	2.905258E-01	2.951455E-01	
295	3.954426E-01	2.901174E-01	2.926187E-01	
296	3.842821E-01	3.049282E-01	2.955541E-01	
297	3.629924E-01	2.919739E-01	2.956094E-01	
298	3.927917E-01	3.043948E-01	2.945341E-01	
299	3.748710E-01	2.833731E-01	2.913631E-01	
300	4.112779E-01	3.032878E-01	2.935110E-01	
301	3.231404E-01	2.896048E-01	2.921862E-01	
302	3.930871E-01	2.926892E-01	2.932289E-01	
303	3.257900E-01	2.961837E-01	2.947690E-01	
304	3.607661E-01	3.022252E-01	2.916533E-01	
305	2.950002E-01	2.795123E-01	2.930473E-01	
306	3.697087E-01	3.005452E-01	2.892392E-01	
307	3.254522E-01	2.963969E-01	2.919735E-01	
308	3.320200E-01	2.921660E-01	2.931081E-01	
309	2.701493E-01	2.834336E-01	2.923752E-01	
310	2.923131E-01	2.789790E-01	2.918086E-01	
311	3.559488E-01	2.807264E-01	2.926267E-01	
312	2.903109E-01	2.747421E-01	2.926729E-01	
313	3.296721E-01	2.909917E-01	2.898197E-01	
314	3.321683E-01	2.851308E-01	2.944911E-01	
315	3.321240E-01	2.944003E-01	2.911034E-01	
316	2.467441E-01	2.888633E-01	2.915306E-01	
317	2.905200E-01	2.923224E-01	2.901960E-01	
318	2.522448E-01	2.995756E-01	2.909072E-01	
319	2.065807E-01	2.858578E-01	2.930904E-01	
320	2.419453E-01	2.877945E-01	2.910560E-01	
321	2.078746E-01	3.040287E-01	2.941548E-01	
322	1.875601E-01	2.950420E-01	2.914841E-01	
323	2.049402E-01	3.022672E-01	2.934900E-01	
324	1.943551E-01	2.997544E-01	2.907609E-01	
325	1.789693E-01	2.983110E-01	2.935892E-01	
326	2.012620E-01	2.972709E-01	2.923962E-01	
327	2.256007E-01	2.965135E-01	2.913504E-01	
328	2.173779E-01	3.013110E-01	2.923381E-01	
329	1.967689E-01	2.903195E-01	2.920271E-01	
330	1.972163E-01	3.052065E-01	2.899036E-01	
331	2.375528E-01	3.092071E-01	2.919936E-01	
332	2.115354E-01	3.090388E-01	2.913291E-01	
333	2.457127E-01	3.261802E-01	2.899208E-01	
334	1.692581E-01	3.147745E-01	2.919263E-01	
335	2.304744E-01	3.160107E-01	2.921620E-01	
336	2.283820E-01	3.251374E-01	2.916275E-01	
337	2.292721E-01	3.211703E-01	2.924487E-01	
338	2.094499E-01	3.356392E-01	2.929619E-01	
339	2.396287E-01	3.196064E-01	2.923288E-01	
340	2.245070E-01	3.344208E-01	2.921666E-01	
341	2.443113E-01	3.327558E-01	2.910574E-01	
342	2.384773E-01	3.289254E-01	2.931739E-01	
343	2.553551E-01	3.118214E-01	2.898816E-01	
344	2.503382E-01	3.233962E-01	2.924589E-01	
345	2.461129E-01	3.244788E-01	2.904147E-01	
346	2.751136E-01	3.111314E-01	2.880267E-01	
347	2.541307E-01	3.144918E-01	2.930453E-01	
348	2.327054E-01	3.045939E-01	2.901452E-01	
349	3.113875E-01	3.157769E-01	2.892094E-01	
350	3.453869E-01	3.074092E-01	2.900938E-01	
351	2.750491E-01	3.125966E-01	2.883921E-01	
352	2.413989E-01	2.978849E-01	2.863177E-01	
353	3.144299E-01	2.831802E-01	2.871817E-01	
354	2.337187E-01	2.942623E-01	2.860649E-01	
355	2.248230E-01	3.048474E-01	2.861683E-01	
356	3.029752E-01	2.891297E-01	2.867760E-01	
357	2.691071E-01	2.907090E-01	2.845667E-01	
358	2.807627E-01	3.025854E-01	2.859298E-01	
359	2.009505E-01	2.860168E-01	2.859687E-01	
360	2.514460E-01	2.940474E-01	2.845554E-01	
361	1.794120E-01	2.855192E-01	2.839121E-01	
362	2.211507E-01	2.941426E-01	2.818235E-01	
363	1.571205E-01	2.793857E-01	2.836847E-01	
364	1.831719E-01	2.832318E-01	2.808249E-01	
365	2.143575E-01	2.959953E-01	2.854731E-01	
366	1.657433E-01	2.858763E-01	2.835146E-01	
367	1.180804E-01	2.965573E-01	2.801087E-01	
368	2.104512E-01	2.794429E-01	2.816500E-01	
369	1.809663E-01	2.873980E-01	2.829853E-01	
370	4.459263E-01	2.767181E-01	2.829098E-01	
371	4.558947E-01	2.834190E-01	2.846268E-01	
372	4.170026E-01	3.111429E-01	2.823339E-01	
373	4.508117E-01	2.896298E-01	2.799079E-01	
374	5.194513E-01	2.785420E-01	2.828496E-01	
375	4.890640E-01	2.655161E-01	2.824551E-01	
376	6.122631E-01	2.989001E-01	2.834763E-01	
377	5.376415E-01	2.716242E-01	2.822089E-01	
378	6.222429E-01	2.979849E-01	2.842938E-01	
379	6.607084E-01	2.866546E-01	2.808629E-01	
380	5.095773E-01	2.833287E-01	2.830071E-01	
381	7.618695E-01	2.758726E-01	2.827092E-01	
382	7.385413E-01	2.889208E-01	2.801072E-01	
383	7.259674E-01	2.867003E-01	2.821272E-01	
384	6.647902E-01	3.006145E-01	2.838171E-01	
385	4.957117E-01	3.010979E-01	2.802609E-01	
386	5.525700E-01	2.804995E-01	2.850892E-01	
387	8.477594E-01	2.736248E-01	2.801311E-01	
388	5.411485E-01	2.757972E-01	2.819371E-01	
389	5.261031E-01	2.835374E-01	2.812369E-01	
390	5.461507E-01	2.705788E-01	2.765501E-01	
391	5.693730E-01	2.962215E-01	2.808452E-01	
392	4.517970E-01	2.872058E-01	2.809715E-01	
393	4.713471E-01	2.725560E-01	2.774425E-01	
394	4.265850E-01	2.717847E-01	2.789112E-01	
395	3.574376E-01	2.718517E-01	2.803835E-01	
396	4.242684E-01	2.694312E-01	2.752342E-01	
397	1.594820E-01	2.918411E-01	2.805806E-01	
398	3.026173E-01	2.752193E-01	2.794206E-01	
399	1.861310E-01	2.957731E-01	2.817036E-01	
400	2.612206E-02	2.912763E-01	2.793955E-01	
401	7.579670E-02	2.890054E-01	2.782201E-01	
402	1.881854E-01	2.864676E-01	2.823252E-01	
403	1.331195E-01	3.147414E-01	2.815623E-01	
404	3.568831E-02	2.860273E-01	2.835634E-01	
405	3.255136E-02	2.732554E-01	2.864727E-01	
406	1.294907E-01	2.960571E-01	2.839318E-01	
407	1.106201E-01	2.912750E-01	2.900706E-01	
408	1.459595E-01	2.881623E-01	2.857864E-01	
409	5.781722E-02	2.985066E-01	2.904873E-01	
410	5.945649E-02	2.879451E-01	2.934646E-01	
411	7.933674E-02	2.842874E-01	2.954844E-01	
412	4.535277E-02	2.679534E-01	2.894184E-01	
413	6.860479E-02	2.985238E-01	2.974040E-01	
414	1.028196E-01	2.551803E-01	2.935901E-01	
415	2.793844E-01	2.852085E-01	2.948943E-01	
416	1.472400E-01	2.666950E-01	2.994277E-01	
417	1.391963E-01	2.663034E-01	2.937715E-01	
418	3.479555E-01	2.759890E-01	3.012652E-01	
419	1.019976E-01	2.562399E-01	2.978809E-01	
420	1.704924E-01	2.675443E-01	3.013898E-01	
421	3.107525E-01	2.637961E-01	3.007638E-01	
422	5.513738E-01	2.822912E-01	3.046352E-01	
423	8.736593E-01	2.774271E-01	2.968036E-01	
424	5.090940E-01	2.533143E-01	2.984831E-01	
425	7.179112E-01	2.475499E-01	2.948064E-01	
426	5.083844E-01	2.574850E-01	2.942352E-01	
427	5.391327E-01	2.488860E-01	2.977095E-01	
428	6.813205E-01	2.295588E-01	2.938887E-01	
429	6.138696E-01	2.680894E-01	2.919138E-01	
430	7.268784E-01	2.253132E-01	2.901367E-01	
431	6.231352E-01	2.569902E-01	2.877311E-01	
432	7.581761E-01	2.469328E-01	2.907503E-01	
433	7.379725E-01	2.841438E-01	2.917472E-01	
434	6.862986E-01	2.685670E-01	2.852306E-01	
435	9.810887E-01	2.706876E-01	2.872742E-01	
436	4.147689E-01	2.963585E-01	2.906038E-01	
437	6.330717E-01	2.873450E-01	2.893611E-01	
438	4.088433E-01	2.712588E-01	2.904943E-01	
439	5.604885E-01	2.400948E-01	2.766809E-01	
440	4.033332E-01	3.093679E-01	2.886149E-01	
441	4.545868E-01	3.075751E-01	2.847581E-01	
442	4.863285E-01	2.962906E-01	2.856385E-01	
443	5.369963E-01	3.090783E-01	2.789542E-01	
444	4.789731E-01	2.617194E-01	2.885012E-01	
445	6.225615E-01	2.771358E-01	2.856697E-01	
446	2.689960E-01	2.826611E-01	2.851065E-01	
447	3.410398E-01	2.495976E-01	2.826601E-01	
448	5.069369E-01	2.901256E-01	2.784507E-01	
449	4.975049E-01	2.925091E-01	2.853634E-01	
450	4.678220E-01	3.279444E-01	2.731667E-01	
451	9.688797E-02	2.849850E-01	2.764005E-01	
452	1.432202E-01	3.070179E-01	2.830494E-01	
453	2.007575E-01	2.626396E-01	2.754812E-01	
454	1.712427E-01	2.609549E-01	2.740409E-01	
455	3.893400E-01	2.506952E-01	2.702495E-01	
456	1.139918E-01	2.830041E-01	2.813792E-01	
457	1.646798E-01	2.666016E-01	2.736695E-01	
458	1.026281E-01	2.819575E-01	2.849532E-01	
459	2.497414E-01	2.842931E-01	2.838226E-01	
460	1.641019E-01	2.306948E-01	2.800814E-01	
461	2.119683E-01	3.125084E-01	2.941956E-01	
462	5.962277E-02	2.266010E-01	2.884994E-01	
463	1.989942E-02	3.094133E-01	2.997329E-01	
464	1.361004E-01	2.403527E-01	2.899971E-01	
465	2.066152E-02	2.715211E-01	2.928910E-01	
466	1.340038E-01	2.637177E-01	2.914604E-01	
467	1.298373E-01	2.879471E-01	2.919167E-01	
468	1.541188E-01	2.845154E-01	3.060109E-01	
469	1.312779E-01	2.754011E-01	2.906351E-01	
470	0	3.145597E-01	3.155632E-01	
471	4.522144E-02	2.791911E-01	2.898745E-01	
472	2.632169E-01	2.670460E-01	3.172767E-01	
473	1.233444E-01	2.689775E-01	2.991797E-01	
474	1.932393E-01	2.867316E-01	3.200168E-01	
475	1.375813E-01	1.673706E-01	3.095779E-01	
476	1.682396E-01	3.259367E-01	3.190555E-01	
477	4.366747E-01	3.291464E-01	3.603858E-01	
478	1.856792E-01	3.048640E-01	3.081179E-01	
479	3.169910E-01	3.003567E-01	3.563483E-01	
480	1.863128E-01	3.351862E-01	3.087799E-01	
481	3.644534E-01	3.405554E-01	3.460948E-01	
482	4.145683E-01	3.788110E-01	3.157716E-01	
483	2.945753E-01	3.629911E-01	3.482250E-01	
484	0	5.467378E-01	3.900705E-01	
485	5.157134E-01	3.973435E-01	3.223493E-01	
486	7.121411E-01	5.775165E-01	4.137132E-01	
487	6.438785E-01	4.014797E-01	3.288093E-01	
488	6.824093E-01	4.944766E-01	4.210308E-01	
489	0	3.534027E-01	3.271755E-01	
490	8.095349E-01	4.369450E-01	3.901035E-01	
491	7.630724E-01	5.228389E-01	3.835711E-01	
492	0	4.000204E-01	3.724430E-01	
493	7.863811E-01	5.358820E-01	4.510488E-01	
494	0	4.545009E-01	3.706359E-01	
495	0	5.373701E-01	4.739643E-01	
496	0	4.590477E-01	3.808389E-01	
497	0	4.797939E-01	4.507635E-01	
498	0	6.268866E-01	4.074242E-01	
499	0	4.699645E-01	4.377188E-01	
500	0	0	0	
501	0	5.830024E-01	4.444564E-01	
502	0	0	0	
503	0	6.283838E-01	4.688211E-01	
504	0	0	0	
505	0	6.412342E-01	4.919454E-01	
506	0	0	5.505409E-01	
507	0	0	0	
508	0	5.472449E-01	5.391589E-01	
509	0	0	0	
510	0	4.930894E-01	5.838106E-01	
511	0	0	0	
512	0	7.124363E-01	6.347184E-01	
513	0	0	0	
514	0	0	0	
515	0	0	6.460499E-01	
516	0	0	0	
517	0	6.487167E-01	7.797226E-01	
518	0	0	0	
519	0	0	6.585366E-01	
520	0	0	0	
521	0	0	0	
522	0	0	0	
523	0	0	0	
524	0	0	0	
525	0	0	0	
526	0	0	0	
527	0	0	0	
528	0	0	0	
529	0	0	0	
530	0	0	0	
531	0	0	0	
532	0	0	0	
533	0	0	0	
534	0	0	0	
535	0	0	0	
536	0	0	0	
537	0	0	0	
538	0	0	0	
539	0	0	0	
540	0	0	0	
541	0	0	0	
542	0	0	0	
543	0	0	0	
544	0	0	0	
545	0	0	0	
546	0	0	0	
547	0	0	0	
548	0	0	0	
549	0	0	0	
550	0	0	0	
551	0	0	0	
552	0	0	0	
553	0	0	0	
554	0	0	0	
555	0	0	0	
556	0	0	0	
557	0	0	0	
558	0	0	0	
559	0	0	0	
560	0	0	0	
561	0	0	0	
562	0	0	0	
563	0	0	0	
564	0	0	0	
565	0	0	0	
566	0	0	0	
567	0	0	0	
568	0	0	0	
569	0	0	0	
570	0	0	0	
571	0	0	0	
572	0	0	0	
573	0	0	0	
574	0	0	0	
575	0	0	0	
576	0	0	0	
577	0	0	0	
578	0	0	0	
579	0	0	0	
580	0	0	0	
581	0	0	0	
582	0	0	0	
583	0	0	0	
584	0	0	0	
585	0	0	0	
586	0	0	0	
587	0	0	0	
588	0	0	0	
589	0	0	0	
590	0	0	0	
591	0	0	0	
592	0	0	0	
593	0	0	0	
594	0	0	0	
595	0	0	0	
596	0	0	0	
597	0	0	0	
598	0	0	0	
599	0	0	0	
#NewRun
0	0	0	0	
1	0	0	0	
2	0	0	0	
3	0	0	0	
4	3.315209E-01	3.388358E-01	4.528805E-01	
5	3.383948E-01	3.267396E-01	2.572968E-01	
6	3.281990E-01	3.258501E-01	2.436719E-01	
7	0	0	0	
8	3.257239E-01	3.278327E-01	3.352175E-01	
9	3.348881E-01	3.315637E-01	3.284188E-01	
10	0	0	0	
11	3.306360E-01	3.234547E-01	2.376128E-01	
12	3.283968E-01	3.322153E-01	3.363365E-01	
13	3.311444E-01	3.244955E-01	3.016144E-01	
14	3.383963E-01	3.273481E-01	3.127756E-01	
15	0	0	0	
16	3.325347E-01	3.299227E-01	3.007749E-01	
17	3.350346E-01	3.281775E-01	2.905085E-01	
18	3.297838E-01	3.329616E-01	2.626716E-01	
19	3.296993E-01	3.255818E-01	2.441571E-01	
20	3.332858E-01	3.265664E-01	2.689217E-01	
21	3.347787E-01	3.248286E-01	2.519591E-01	
22	3.338923E-01	3.369022E-01	2.444820E-01	
23	3.309136E-01	3.275771E-01	2.427828E-01	
24	3.303763E-01	3.260628E-01	2.380262E-01	
25	3.368045E-01	3.290595E-01	2.445923E-01	
26	3.304207E-01	3.276948E-01	2.302096E-01	
27	3.340828E-01	3.265692E-01	2.370553E-01	
28	3.301679E-01	3.279222E-01	2.305433E-01	
29	3.293354E-01	3.254350E-01	2.353185E-01	
30	3.294082E-01	3.300697E-01	2.282269E-01	
31	3.288038E-01	3.245154E-01	2.243896E-01	
32	3.261805E-01	3.260975E-01	2.545018E-01	
33	3.249309E-01	3.300743E-01	2.483103E-01	
34	3.277574E-01	3.274305E-01	2.965808E-01	
35	3.230244E-01	3.296851E-01	2.632240E-01	
36	3.250068E-01	3.280582E-01	2.932379E-01	
37	3.257357E-01	3.270816E-01	2.854106E-01	
38	3.235117E-01	3.293643E-01	3.040309E-01	
39	3.258249E-01	3.265481E-01	2.908849E-01	
40	3.254021E-01	3.251811E-01	3.128292E-01	
41	3.248837E-01	3.266884E-01	3.049102E-01	
42	3.269721E-01	3.246931E-01	3.106163E-01	
43	3.231096E-01	3.275549E-01	3.503987E-01	
44	3.252441E-01	3.266699E-01	3.193183E-01	
45	3.265489E-01	3.268179E-01	3.373416E-01	
46	3.248855E-01	3.273901E-01	3.407831E-01	
47	3.225115E-01	3.273548E-01	3.391692E-01	
48	3.260241E-01	3.257690E-01	3.487471E-01	
49	3.239160E-01	3.225834E-01	3.275278E-01	
50	3.225277E-01	3.267173E-01	3.579965E-01	
51	3.262544E-01	3.222421E-01	3.434368E-01	
52	3.229732E-01	3.256282E-01	3.549228E-01	
53	3.229855E-01	3.231839E-01	3.456157E-01	
54	3.217190E-01	3.233241E-01	3.462433E-01	
55	3.198489E-01	3.205706E-01	3.425501E-01	
56	3.198106E-01	3.224022E-01	3.351959E-01	
57	3.173347E-01	3.200671E-01	3.397083E-01	
58	3.163867E-01	3.192008E-01	3.313873E-01	
59	3.166496E-01	3.167697E-01	3.342975E-01	
60	3.151745E-01	3.161362E-01	3.371220E-01	
61	3.154015E-01	3.178360E-01	3.364858E-01	
62	3.123604E-01	3.155207E-01	3.287102E-01	
63	3.140879E-01	3.155107E-01	3.269730E-01	
64	3.102258E-01	3.130614E-01	3.358771E-01	
65	3.106702E-01	3.131866E-01	3.263011E-01	
66	3.093437E-01	3.123054E-01	3.298073E-01	
67	3.116885E-01	3.131911E-01	3.331458E-01	
68	3.082028E-01	3.111353E-01	3.324849E-01	
69	3.076168E-01	3.093114E-01	3.258828E-01	
70	3.061208E-01	3.086376E-01	3.207860E-01	
71	3.070992E-01	3.082768E-01	3.235326E-01	
72	3.055829E-01	3.090967E-01	3.271512E-01	
73	3.046042E-01	3.081494E-01	3.219828E-01	
74	3.021746E-01	3.055505E-01	3.117569E-01	
75	3.023956E-01	3.057434E-01	3.171383E-01	
76	3.040730E-01	3.065660E-01	3.151287E-01	
77	3.027928E-01	3.048167E-01	3.136344E-01	
78	3.026643E-01	3.045963E-01	3.077331E-01	
79	3.014450E-01	3.041297E-01	3.026360E-01	
80	3.012621E-01	3.039272E-01	3.132707E-01	
81	3.014167E-01	3.043602E-01	3.037928E-01	
82	3.008112E-01	3.041844E-01	2.972184E-01	
83	3.007757E-01	3.041413E-01	2.980975E-01	
84	2.996081E-01	3.037878E-01	3.007580E-01	
85	3.009852E-01	3.044688E-01	2.944899E-01	
86	2.993515E-01	3.053814E-01	2.953646E-01	
87	2.997795E-01	3.047399E-01	2.871469E-01	
88	2.986180E-01	3.043864E-01	2.914360E-01	
89	3.006159E-01	3.062773E-01	2.865442E-01	
90	3.008436E-01	3.055861E-01	2.843465E-01	
91	3.009820E-01	3.076119E-01	2.834987E-01	
92	3.012857E-01	3.074623E-01	2.819381E-01	
93	3.023481E-01	3.085375E-01	2.828196E-01	
94	3.023497E-01	3.098011E-01	2.758812E-01	
95	3.032390E-01	3.101590E-01	2.777424E-01	
96	3.049659E-01	3.112096E-01	2.722500E-01	
97	3.053161E-01	3.124449E-01	2.727274E-01	
98	3.070931E-01	3.145151E-01	2.671614E-01	
99	3.072257E-01	3.145296E-01	2.669499E-01	
100	3.082465E-01	3.155802E-01	2.640112E-01	
101	3.108122E-01	3.181084E-01	2.633942E-01	
102	3.129352E-01	3.200595E-01	2.582975E-01	
103	3.136826E-01	3.219086E-01	2.583320E-01	
104	3.145204E-01	3.236606E-01	2.574465E-01	
105	3.174169E-01	3.256305E-01	2.557529E-01	
106	3.205907E-01	3.299232E-01	2.536267E-01	
107	3.207822E-01	3.296001E-01	2.529916E-01	
108	3.236545E-01	3.337359E-01	2.513031E-01	
109	3.245166E-01	3.360835E-01	2.508930E-01	
110	3.270789E-01	3.385462E-01	2.481902E-01	
111	3.310680E-01	3.402245E-01	2.488686E-01	
112	3.321944E-01	3.442053E-01	2.495457E-01	
113	3.346276E-01	3.470419E-01	2.486716E-01	
114	3.393961E-01	3.506382E-01	2.483734E-01	
115	3.417221E-01	3.540158E-01	2.470670E-01	
116	3.433584E-01	3.560902E-01	2.476771E-01	
117	3.471329E-01	3.608670E-01	2.505141E-01	
118	3.488533E-01	3.636502E-01	2.476727E-01	
119	3.530175E-01	3.674102E-01	2.480231E-01	
120	3.556392E-01	3.712188E-01	2.493074E-01	
121	3.600685E-01	3.745020E-01	2.482982E-01	
122	3.625682E-01	3.808695E-01	2.515366E-01	
123	3.661898E-01	3.826677E-01	2.516255E-01	
124	3.696839E-01	3.876391E-01	2.513821E-01	
125	3.744105E-01	3.920998E-01	2.527298E-01	
126	3.787895E-01	3.961216E-01	2.560920E-01	
127	3.821260E-01	3.988985E-01	2.558061E-01	
128	3.857049E-01	4.038293E-01	2.572333E-01	
129	3.911395E-01	4.093968E-01	2.601286E-01	
130	3.936133E-01	4.130775E-01	2.600732E-01	
131	3.973808E-01	4.166308E-01	2.623444E-01	
132	4.013726E-01	4.244640E-01	2.624264E-01	
133	4.054067E-01	4.251932E-01	2.640008E-01	
134	4.097767E-01	4.310425E-01	2.689063E-01	
135	4.165048E-01	4.361310E-01	2.700202E-01	
136	4.179786E-01	4.411919E-01	2.704380E-01	
137	4.230971E-01	4.452317E-01	2.758991E-01	
138	4.299066E-01	4.470405E-01	2.777790E-01	
139	4.332115E-01	4.539489E-01	2.794269E-01	
140	4.372380E-01	4.576567E-01	2.827062E-01	
141	4.422732E-01	4.636332E-01	2.863767E-01	
142	4.471503E-01	4.679136E-01	2.899326E-01	
143	4.516282E-01	4.757235E-01	2.922894E-01	
144	4.593669E-01	4.763710E-01	2.948766E-01	
145	4.611743E-01	4.817442E-01	2.979779E-01	
146	4.684761E-01	4.865873E-01	3.028296E-01	
147	4.737038E-01	4.917845E-01	3.060824E-01	
148	4.807359E-01	4.964833E-01	3.089694E-01	
149	4.869314E-01	5.018330E-01	3.117245E-01	
150	4.910885E-01	5.069431E-01	3.169059E-01	
151	4.950245E-01	5.122239E-01	3.196817E-01	
152	5.021443E-01	5.142280E-01	3.234337E-01	
153	5.065635E-01	5.186333E-01	3.261947E-01	
154	5.121554E-01	5.238203E-01	3.313009E-01	
155	5.153254E-01	5.274913E-01	3.345194E-01	
156	5.198076E-01	5.314175E-01	3.372343E-01	
157	5.295547E-01	5.332712E-01	3.425752E-01	
158	5.345040E-01	5.386089E-01	3.433846E-01	
159	5.393661E-01	5.447727E-01	3.484099E-01	
160	5.462967E-01	5.498010E-01	3.507213E-01	
161	5.510601E-01	5.546999E-01	3.543322E-01	
162	5.629575E-01	5.590704E-01	3.587591E-01	
163	5.628613E-01	5.601224E-01	3.594479E-01	
164	5.704616E-01	5.655102E-01	3.623955E-01	
165	5.751238E-01	5.694355E-01	3.640360E-01	
166	5.822972E-01	5.749664E-01	3.686031E-01	
167	5.850832E-01	5.766467E-01	3.689482E-01	
168	5.938021E-01	5.765044E-01	3.690279E-01	
169	5.997632E-01	5.821220E-01	3.717001E-01	
170	6.016719E-01	5.812235E-01	3.741359E-01	
171	6.109379E-01	5.814588E-01	3.760315E-01	
172	6.156745E-01	5.872128E-01	3.798733E-01	
173	6.181547E-01	5.861000E-01	3.814364E-01	
174	6.255193E-01	5.875872E-01	3.832327E-01	
175	6.384928E-01	5.928383E-01	3.843278E-01	
176	6.443444E-01	5.931651E-01	3.842848E-01	
177	6.498034E-01	5.872773E-01	3.850503E-01	
178	6.538661E-01	5.884631E-01	3.871317E-01	
179	6.518477E-01	5.941482E-01	3.892116E-01	
180	6.637261E-01	5.953179E-01	3.911741E-01	
181	6.777160E-01	5.897766E-01	3.925655E-01	
182	6.763273E-01	5.913659E-01	3.924155E-01	
183	6.805936E-01	5.911180E-01	3.954079E-01	
184	6.885744E-01	5.878535E-01	3.965920E-01	
185	6.863997E-01	5.823617E-01	3.945789E-01	
186	6.984943E-01	5.786657E-01	3.984422E-01	
187	7.012993E-01	5.730745E-01	3.963765E-01	
188	7.131800E-01	5.715405E-01	3.997411E-01	
189	7.111463E-01	5.689782E-01	3.996335E-01	
190	7.194369E-01	5.692938E-01	3.982228E-01	
191	7.247147E-01	5.746781E-01	4.008224E-01	
192	7.238748E-01	5.638857E-01	3.983461E-01	
193	7.237112E-01	5.587939E-01	3.968129E-01	
194	7.394882E-01	5.452761E-01	3.995914E-01	
195	7.501550E-01	5.535148E-01	4.016596E-01	
196	7.420857E-01	5.407410E-01	3.993204E-01	
197	7.598566E-01	5.288421E-01	3.980355E-01	
198	7.572561E-01	5.296491E-01	3.995739E-01	
199	7.679850E-01	5.323657E-01	3.940052E-01	
200	7.669870E-01	5.309084E-01	3.959973E-01	
201	7.824229E-01	5.202283E-01	3.924733E-01	
202	7.826856E-01	5.180984E-01	3.937784E-01	
203	7.786710E-01	5.046055E-01	3.916738E-01	
204	8.000908E-01	5.094430E-01	3.913995E-01	
205	7.790247E-01	5.121171E-01	3.896696E-01	
206	7.932048E-01	5.036351E-01	3.860589E-01	
207	7.912889E-01	5.003291E-01	3.916392E-01	
208	7.907936E-01	5.040237E-01	3.844584E-01	
209	8.203453E-01	4.878848E-01	3.862084E-01	
210	8.137039E-01	4.814698E-01	3.824066E-01	
211	8.117648E-01	4.726592E-01	3.816231E-01	
212	8.281509E-01	4.764761E-01	3.827381E-01	
213	8.155972E-01	4.630878E-01	3.787439E-01	
214	8.213269E-01	4.580054E-01	3.784299E-01	
215	8.237815E-01	4.352402E-01	3.762100E-01	
216	8.266565E-01	4.566509E-01	3.760587E-01	
217	8.463495E-01	4.381626E-01	3.715746E-01	
218	8.323519E-01	4.410049E-01	3.736408E-01	
219	8.332947E-01	4.309749E-01	3.706026E-01	
220	8.555153E-01	4.406253E-01	3.707000E-01	
221	8.279345E-01	4.214420E-01	3.696119E-01	
222	8.690073E-01	4.305479E-01	3.690623E-01	
223	8.806543E-01	4.506158E-01	3.659721E-01	
224	8.407097E-01	4.448348E-01	3.672562E-01	
225	8.481095E-01	4.251856E-01	3.644340E-01	
226	8.488534E-01	4.197952E-01	3.633233E-01	
227	8.517324E-01	4.105125E-01	3.622397E-01	
228	8.633613E-01	4.151090E-01	3.599018E-01	
229	8.385053E-01	4.074192E-01	3.594675E-01	
230	8.264244E-01	4.085824E-01	3.583933E-01	
231	8.691273E-01	4.030568E-01	3.558866E-01	
232	8.099510E-01	3.914519E-01	3.543149E-01	
233	8.236757E-01	3.810059E-01	3.547003E-01	
234	8.327631E-01	3.776264E-01	3.529327E-01	
235	8.198576E-01	3.671289E-01	3.549721E-01	
236	8.251528E-01	3.533818E-01	3.531471E-01	
237	8.073129E-01	3.682870E-01	3.500913E-01	
238	8.298581E-01	3.773394E-01	3.532719E-01	
239	8.356832E-01	3.482416E-01	3.510533E-01	
240	8.549215E-01	3.415293E-01	3.501665E-01	
241	8.885866E-01	3.510463E-01	3.498982E-01	
242	8.732326E-01	3.615439E-01	3.485061E-01	
243	8.407338E-01	3.558520E-01	3.479093E-01	
244	8.252776E-01	3.608984E-01	3.481440E-01	
245	8.028194E-01	3.678982E-01	3.455093E-01	
246	8.252156E-01	3.620896E-01	3.463739E-01	
247	7.265819E-01	3.398032E-01	3.447047E-01	
248	8.177587E-01	3.601160E-01	3.444475E-01	
249	8.091267E-01	3.448880E-01	3.414179E-01	
250	8.027274E-01	3.492998E-01	3.403316E-01	
251	7.446538E-01	3.371429E-01	3.410520E-01	
252	6.924515E-01	3.376902E-01	3.383068E-01	
253	7.883167E-01	3.429654E-01	3.421497E-01	
254	8.366625E-01	3.335399E-01	3.348991E-01	
255	7.009503E-01	3.252804E-01	3.360158E-01	
256	6.766527E-01	3.393175E-01	3.373151E-01	
257	7.022810E-01	3.177162E-01	3.332811E-01	
258	7.482047E-01	3.297636E-01	3.343807E-01	
259	6.128843E-01	3.271307E-01	3.331385E-01	
260	7.208290E-01	3.231352E-01	3.280474E-01	
261	8.349820E-01	3.140017E-01	3.276564E-01	
262	7.286198E-01	3.194979E-01	3.282048E-01	
263	6.977557E-01	3.234870E-01	3.271338E-01	
264	6.520161E-01	3.068254E-01	3.216426E-01	
265	6.182099E-01	3.124858E-01	3.205729E-01	
266	0	3.279367E-01	3.239384E-01	
267	6.264691E-01	3.121302E-01	3.198271E-01	
268	0	2.977421E-01	3.163205E-01	
269	0	2.839982E-01	3.153144E-01	
270	0	3.069613E-01	3.146194E-01	
271	6.516276E-01	2.973570E-01	3.125020E-01	
272	0	2.927974E-01	3.095530E-01	
273	0	2.881947E-01	3.101445E-01	
274	0	2.873713E-01	3.087975E-01	
275	6.828475E-01	2.761010E-01	3.117904E-01	
276	0	2.792549E-01	3.073413E-01	
277	0	2.922822E-01	3.064114E-01	
278	0	2.797425E-01	3.056091E-01	
279	0	2.784848E-01	3.064469E-01	
280	0	2.945839E-01	3.040496E-01	
281	0	2.943623E-01	3.057475E-01	
282	0	2.954753E-01	3.026208E-01	
283	0	2.891850E-01	3.028040E-01	
284	0	2.959780E-01	3.032851E-01	
285	0	2.956482E-01	3.012293E-01	
286	0	3.031360E-01	3.017519E-01	
287	0	2.901024E-01	3.005113E-01	
288	0	3.000956E-01	2.970969E-01	
289	0	2.984151E-01	3.002450E-01	
290	0	3.028665E-01	2.969938E-01	
291	0	3.124713E-01	3.000171E-01	
292	0	3.170510E-01	2.955654E-01	
293	0	3.024963E-01	2.945083E-01	
294	0	2.953817E-01	2.962663E-01	
295	0	3.058755E-01	2.933893E-01	
296	0	2.902967E-01	2.937130E-01	
297	0	2.900429E-01	2.951193E-01	
298	0	2.938457E-01	2.936389E-01	
299	0	2.982481E-01	2.933057E-01	
300	0	2.865974E-01	2.943077E-01	
301	0	2.874840E-01	2.927851E-01	
302	0	2.845635E-01	2.952203E-01	
303	0	2.847144E-01	2.952439E-01	
304	0	2.836848E-01	2.936783E-01	
305	0	2.920291E-01	2.932713E-01	
306	0	2.847670E-01	2.926148E-01	
307	0	2.816348E-01	2.930677E-01	
308	0	3.011647E-01	2.948283E-01	
309	0	2.796963E-01	2.930910E-01	
310	0	2.853605E-01	2.932404E-01	
311	0	2.839281E-01	2.952862E-01	
312	0	2.772069E-01	2.932127E-01	
313	0	2.889449E-01	2.930098E-01	
314	0	2.793278E-01	2.950403E-01	
315	0	2.976532E-01	2.907295E-01	
316	0	2.829495E-01	2.901170E-01	
317	0	3.012888E-01	2.911009E-01	
318	0	2.904971E-01	2.907775E-01	
319	0	3.063859E-01	2.906188E-01	
320	0	2.875602E-01	2.894782E-01	
321	0	2.880350E-01	2.914807E-01	
322	0	2.927893E-01	2.877694E-01	
323	0	2.802366E-01	2.890698E-01	
324	0	3.005139E-01	2.860849E-01	
325	0	2.771344E-01	2.885857E-01	
326	0	2.819249E-01	2.856317E-01	
327	0	2.703337E-01	2.870249E-01	
328	0	2.740701E-01	2.885031E-01	
329	0	2.735876E-01	2.867277E-01	
330	0	2.879148E-01	2.881534E-01	
331	0	2.956333E-01	2.903426E-01	
332	0	2.840066E-01	2.888465E-01	
333	0	2.799010E-01	2.908601E-01	
334	0	2.712366E-01	2.891535E-01	
335	0	2.785705E-01	2.891647E-01	
336	0	2.775418E-01	2.888863E-01	
337	0	2.840236E-01	2.884331E-01	
338	0	2.766388E-01	2.871053E-01	
339	0	2.846288E-01	2.858364E-01	
340	0	2.695158E-01	2.876976E-01	
341	0	2.767258E-01	2.886521E-01	
342	0	2.820306E-01	2.864605E-01	
343	0	2.745154E-01	2.861342E-01	
344	0	2.701990E-01	2.896884E-01	
345	0	2.794952E-01	2.871632E-01	
346	0	2.670481E-01	2.859313E-01	
347	0	2.678106E-01	2.872558E-01	
348	0	2.727407E-01	2.852939E-01	
349	0	2.646420E-01	2.883196E-01	
350	0	2.628981E-01	2.847279E-01	
351	0	2.751925E-01	2.844788E-01	
352	0	2.745692E-01	2.882442E-01	
353	0	2.647076E-01	2.860204E-01	
354	0	2.622684E-01	2.842424E-01	
355	0	2.663439E-01	2.836515E-01	
356	0	2.550138E-01	2.831988E-01	
357	0	2.605782E-01	2.841506E-01	
358	0	2.738438E-01	2.831168E-01	
359	0	2.660536E-01	2.837945E-01	
360	0	2.711881E-01	2.829402E-01	
361	0	2.657304E-01	2.874502E-01	
362	0	2.869581E-01	2.843014E-01	
363	0	2.679051E-01	2.839210E-01	
364	0	2.879149E-01	2.864343E-01	
365	0	2.702864E-01	2.857046E-01	
366	0	2.627336E-01	2.834985E-01	
367	0	2.604056E-01	2.831156E-01	
368	0	2.702724E-01	2.827803E-01	
369	0	2.548234E-01	2.827296E-01	
370	0	2.739294E-01	2.828909E-01	
371	0	2.651892E-01	2.816753E-01	
372	0	2.683286E-01	2.854995E-01	
373	0	2.606582E-01	2.795993E-01	
374	0	2.722125E-01	2.816784E-01	
375	0	2.645168E-01	2.819707E-01	
376	0	2.516098E-01	2.794384E-01	
377	0	2.743751E-01	2.807198E-01	
378	0	2.744249E-01	2.802424E-01	
379	0	2.591662E-01	2.768914E-01	
380	0	2.674794E-01	2.772272E-01	
381	0	2.661635E-01	2.788239E-01	
382	0	2.777781E-01	2.744447E-01	
383	0	2.742844E-01	2.789418E-01	
384	0	2.692623E-01	2.772055E-01	
385	0	2.779188E-01	2.783070E-01	
386	0	2.845243E-01	2.787251E-01	
387	0	2.559053E-01	2.762400E-01	
388	0	2.876936E-01	2.748785E-01	
389	0	2.823158E-01	2.803712E-01	
390	0	2.614413E-01	2.754878E-01	
391	0	2.779400E-01	2.824696E-01	
392	0	2.659811E-01	2.815109E-01	
393	0	2.702716E-01	2.803503E-01	
394	0	2.887458E-01	2.801841E-01	
395	0	2.801276E-01	2.827837E-01	
396	0	2.793304E-01	2.800191E-01	
397	0	2.779137E-01	2.852849E-01	
398	0	2.770943E-01	2.826101E-01	
399	0	2.799885E-01	2.835849E-01	
400	0	3.012915E-01	2.856336E-01	
401	0	2.821930E-01	2.810255E-01	
402	0	2.879792E-01	2.874191E-01	
403	0	2.774403E-01	2.854328E-01	
404	0	2.851494E-01	2.854031E-01	
405	0	3.114534E-01	2.843096E-01	
406	0	2.732908E-01	2.846264E-01	
407	0	2.843608E-01	2.898327E-01	
408	0	2.957560E-01	2.858252E-01	
409	0	2.891347E-01	2.833473E-01	
410	0	2.845919E-01	2.876101E-01	
411	0	2.805609E-01	2.897955E-01	
412	0	2.767470E-01	2.858453E-01	
413	0	2.971687E-01	2.905544E-01	
414	0	2.776390E-01	2.879231E-01	
415	0	2.617057E-01	2.908280E-01	
416	0	2.747573E-01	2.891537E-01	
417	0	2.787406E-01	2.930911E-01	
418	0	2.572422E-01	2.948373E-01	
419	0	2.798812E-01	2.969481E-01	
420	0	2.706042E-01	2.980033E-01	
421	0	2.743387E-01	2.948049E-01	
422	0	2.636495E-01	2.979325E-01	
423	0	2.589170E-01	2.930329E-01	
424	0	2.600015E-01	2.972246E-01	
425	0	2.616517E-01	2.983932E-01	
426	0	2.680219E-01	2.976422E-01	
427	0	2.702746E-01	2.972376E-01	
428	0	2.635580E-01	2.971117E-01	
429	0	2.681282E-01	2.957398E-01	
430	0	2.784208E-01	2.957178E-01	
431	0	2.945121E-01	2.965042E-01	
432	0	2.832994E-01	2.973429E-01	
433	0	3.024314E-01	2.957337E-01	
434	0	3.048407E-01	2.890587E-01	
435	0	3.116511E-01	2.961851E-01	
436	0	2.835442E-01	2.913234E-01	
437	0	2.884447E-01	2.963658E-01	
438	0	2.747508E-01	2.939666E-01	
439	0	3.080690E-01	2.820170E-01	
440	0	2.888612E-01	3.002620E-01	
441	0	2.924510E-01	2.888506E-01	
442	0	2.780180E-01	2.949586E-01	
443	0	2.602924E-01	2.813616E-01	
444	0	2.479880E-01	2.957483E-01	
445	0	2.239560E-01	2.953193E-01	
446	0	2.603758E-01	2.918922E-01	
447	0	2.534550E-01	2.927304E-01	
448	0	2.742667E-01	2.911867E-01	
449	0	2.967255E-01	3.005779E-01	
450	0	3.103077E-01	2.939754E-01	
451	0	3.118528E-01	2.912322E-01	
452	0	3.398799E-01	3.021524E-01	
453	0	3.238341E-01	2.992621E-01	
454	0	3.581143E-01	2.948654E-01	
455	0	2.926200E-01	2.905775E-01	
456	0	3.573734E-01	2.996005E-01	
457	0	3.312090E-01	2.995042E-01	
458	0	3.274863E-01	3.054864E-01	
459	0	3.853936E-01	2.943329E-01	
460	0	3.403827E-01	3.012908E-01	
461	0	3.928746E-01	3.158183E-01	
462	0	3.253003E-01	2.902879E-01	
463	0	3.781020E-01	3.268670E-01	
464	0	3.522718E-01	3.047977E-01	
465	0	3.156071E-01	3.164935E-01	
466	0	3.267663E-01	3.156602E-01	
467	0	3.663415E-01	3.148765E-01	
468	0	3.684915E-01	3.318862E-01	
469	0	3.244587E-01	3.192747E-01	
470	0	3.719762E-01	3.451675E-01	
471	0	2.659029E-01	3.123720E-01	
472	0	3.194358E-01	3.410197E-01	
473	0	3.013884E-01	3.106917E-01	
474	0	2.612273E-01	3.351519E-01	
475	0	3.286652E-01	3.170575E-01	
476	0	2.991023E-01	3.245582E-01	
477	0	2.672036E-01	3.646942E-01	
478	0	2.869063E-01	3.163326E-01	
479	0	2.760653E-01	3.589701E-01	
480	0	2.750872E-01	3.094827E-01	
481	0	2.977052E-01	3.562433E-01	
482	0	2.682370E-01	3.252728E-01	
483	0	2.803124E-01	3.423889E-01	
484	0	3.312728E-01	4.135481E-01	
485	0	2.402394E-01	3.363455E-01	
486	0	3.100266E-01	4.083141E-01	
487	0	2.892921E-01	3.292226E-01	
488	0	3.024205E-01	4.065875E-01	
489	0	3.314830E-01	3.582282E-01	
490	0	2.882790E-01	3.993069E-01	
491	0	2.065447E-01	3.758583E-01	
492	0	3.056057E-01	3.847883E-01	
493	0	5.593219E-01	4.311623E-01	
494	0	4.048879E-01	4.011382E-01	
495	0	3.919576E-03	5.096499E-01	
496	0	3.810809E-01	3.962457E-01	
497	0	2.744029E-01	4.875486E-01	
498	0	3.728736E-01	4.096028E-01	
499	0	3.859830E-01	4.721794E-01	
500	0	0	0	
501	0	4.397426E-01	4.578529E-01	
502	0	0	0	
503	0	5.897183E-01	4.813669E-01	
504	0	0	0	
505	0	4.767558E-01	5.272420E-01	
506	0	0	5.860897E-01	
507	0	0	0	
508	0	5.080393E-01	5.562440E-01	
509	0	0	0	
510	0	6.752687E-01	6.104604E-01	
511	0	0	0	
512	0	4.980898E-01	6.166436E-01	
513	0	0	0	
514	0	0	0	
515	0	0	6.941688E-01	
516	0	0	0	
517	0	0	7.661875E-01	
518	0	0	0	
519	0	0	8.050604E-01	
520	0	0	0	
521	0	0	0	
522	0	0	0	
523	0	0	0	
524	0	0	0	
525	0	0	0	
526	0	0	0	
527	0	0	0	
528	0	0	0	
529	0	0	0	
530	0	0	0	
531	0	0	0	
532	0	0	0	
533	0	0	0	
534	0	0	0	
535	0	0	0	
536	0	0	0	
537	0	0	0	
538	0	0	0	
539	0	0	0	
540	0	0	0	
541	0	0	0	
542	0	0	0	
543	0	0	0	
544	0	0	0	
545	0	0	0	
546	0	0	0	
547	0	0	0	
548	0	0	0	
549	0	0	0	
550	0	0	0	
551	0	0	0	
552	0	0	0	
553	0	0	0	
554	0	0	0	
555	0	0	0	
556	0	0	0	
557	0	0	0	
558	0	0	0	
559	0	0	0	
560	0	0	0	
561	0	0	0	
562	0	0	0	
563	0	0	0	
564	0	0	0	
565	0	0	0	
566	0	0	0	
567	0	0	0	
568	0	0	0	
569	0	0	0	
570	0	0	0	
571	0	0	0	
572	0	0	0	
573	0	0	0	
574	0	0	0	
575	0	0	0	
576	0	0	0	
577	0	0	0	
578	0	0	0	
579	0	0	0	
580	0	0	0	
581	0	0	0	
582	0	0	0	
583	0	0	0	
584	0	0	0	
585	0	0	0	
586	0	0	0	
587	0	0	0	
588	0	0	0	
589	0	0	0	
590	0	0	0	
591	0	0	0	
592	0	0	0	
593	0	0	0	
594	0	0	0	
595	0	0	0	
596	0	0	0	
597	0	0	0	
598	0	0	0	
599	0	0	0	
#NewRun
0	0	0	0	
1	0	0	0	
2	0	0	0	
3	0	0	0	
4	3.254101E-01	3.488904E-01	2.995849E-01	
5	3.330531E-01	3.229167E-01	4.174598E-01	
6	3.306590E-01	3.268092E-01	4.353746E-01	
7	0	0	0	
8	3.336049E-01	3.372653E-01	3.503391E-01	
9	3.388739E-01	3.330637E-01	2.348588E-01	
10	0	0	0	
11	3.308795E-01	3.277023E-01	2.848911E-01	
12	3.296565E-01	3.309603E-01	2.861802E-01	
13	3.280395E-01	3.287867E-01	3.210225E-01	
14	3.352848E-01	3.335902E-01	2.615730E-01	
15	0	0	0	
16	3.336370E-01	3.331424E-01	2.052502E-01	
17	3.344746E-01	3.365447E-01	1.827193E-01	
18	3.367497E-01	3.272850E-01	2.444595E-01	
19	3.331442E-01	3.334154E-01	2.524541E-01	
20	3.293853E-01	3.311204E-01	2.460724E-01	
21	3.310236E-01	3.342363E-01	2.347874E-01	
22	3.331221E-01	3.295633E-01	2.598546E-01	
23	3.328403E-01	3.313055E-01	2.956792E-01	
24	3.287823E-01	3.345111E-01	2.785162E-01	
25	3.320540E-01	3.302984E-01	2.660020E-01	
26	3.279489E-01	3.239192E-01	2.960882E-01	
27	3.255895E-01	3.292312E-01	2.876886E-01	
28	3.280381E-01	3.284330E-01	2.849665E-01	
29	3.298854E-01	3.295218E-01	2.864164E-01	
30	3.273002E-01	3.304585E-01	2.906455E-01	
31	3.286485E-01	3.325372E-01	2.807604E-01	
32	3.276688E-01	3.319829E-01	2.623830E-01	
33	3.251873E-01	3.289771E-01	2.815908E-01	
34	3.274586E-01	3.278132E-01	2.559149E-01	
35	3.284249E-01	3.266027E-01	3.044129E-01	
36	3.262236E-01	3.277368E-01	2.951759E-01	
37	3.234686E-01	3.274444E-01	3.082060E-01	
38	3.242568E-01	3.305907E-01	2.815074E-01	
39	3.210928E-01	3.283550E-01	3.030600E-01	
40	3.244151E-01	3.272985E-01	2.904213E-01	
41	3.227920E-01	3.279248E-01	3.073800E-01	
42	3.219624E-01	3.269485E-01	3.036087E-01	
43	3.204237E-01	3.280427E-01	3.119167E-01	
44	3.237888E-01	3.273103E-01	3.233754E-01	
45	3.207662E-01	3.259395E-01	3.011578E-01	
46	3.200445E-01	3.253661E-01	3.235316E-01	
47	3.224767E-01	3.239527E-01	3.325429E-01	
48	3.196079E-01	3.242770E-01	3.122956E-01	
49	3.203213E-01	3.241233E-01	3.348709E-01	
50	3.188500E-01	3.221126E-01	3.262741E-01	
51	3.191614E-01	3.196007E-01	3.227542E-01	
52	3.189739E-01	3.205723E-01	3.321634E-01	
53	3.167578E-01	3.203163E-01	3.215569E-01	
54	3.182891E-01	3.191257E-01	3.395368E-01	
55	3.193130E-01	3.187032E-01	3.159940E-01	
56	3.168215E-01	3.188423E-01	3.372239E-01	
57	3.176094E-01	3.169989E-01	3.278518E-01	
58	3.168091E-01	3.144382E-01	3.268993E-01	
59	3.177507E-01	3.176018E-01	3.338904E-01	
60	3.182181E-01	3.147098E-01	3.274518E-01	
61	3.160439E-01	3.141288E-01	3.281022E-01	
62	3.158378E-01	3.138496E-01	3.207454E-01	
63	3.157958E-01	3.141538E-01	3.161311E-01	
64	3.138021E-01	3.126588E-01	3.221349E-01	
65	3.120250E-01	3.106848E-01	3.179460E-01	
66	3.140251E-01	3.123584E-01	3.099957E-01	
67	3.127526E-01	3.121930E-01	3.162413E-01	
68	3.105112E-01	3.108594E-01	3.070560E-01	
69	3.106966E-01	3.098175E-01	3.103291E-01	
70	3.093250E-01	3.100671E-01	3.094930E-01	
71	3.080305E-01	3.100034E-01	3.105118E-01	
72	3.075319E-01	3.084649E-01	2.967154E-01	
73	3.071334E-01	3.082825E-01	2.975261E-01	
74	3.070808E-01	3.089377E-01	2.969762E-01	
75	3.074978E-01	3.093089E-01	2.924412E-01	
76	3.058156E-01	3.071894E-01	2.866018E-01	
77	3.061559E-01	3.076266E-01	2.864925E-01	
78	3.046744E-01	3.082337E-01	2.838328E-01	
79	3.035879E-01	3.063603E-01	2.818315E-01	
80	3.036070E-01	3.079464E-01	2.804027E-01	
81	3.010841E-01	3.063218E-01	2.805108E-01	
82	3.026206E-01	3.076995E-01	2.793204E-01	
83	3.022893E-01	3.069089E-01	2.738729E-01	
84	3.012817E-01	3.069223E-01	2.753646E-01	
85	3.009608E-01	3.071558E-01	2.709102E-01	
86	3.007222E-01	3.065638E-01	2.729097E-01	
87	3.016329E-01	3.075553E-01	2.722028E-01	
88	3.020574E-01	3.081323E-01	2.655383E-01	
89	3.022619E-01	3.080753E-01	2.688351E-01	
90	3.021455E-01	3.084922E-01	2.679398E-01	
91	3.013810E-01	3.088123E-01	2.684355E-01	
92	3.021078E-01	3.099232E-01	2.645175E-01	
93	3.034312E-01	3.115603E-01	2.643310E-01	
94	3.046993E-01	3.101099E-01	2.629863E-01	
95	3.046434E-01	3.110094E-01	2.660919E-01	
96	3.040867E-01	3.140550E-01	2.623806E-01	
97	3.054773E-01	3.145836E-01	2.645036E-01	
98	3.071152E-01	3.156189E-01	2.630023E-01	
99	3.075732E-01	3.176266E-01	2.652944E-01	
100	3.090257E-01	3.186156E-01	2.617132E-01	
101	3.105346E-01	3.205714E-01	2.607040E-01	
102	3.117976E-01	3.222052E-01	2.598475E-01	
103	3.134753E-01	3.227354E-01	2.595393E-01	
104	3.156482E-01	3.253877E-01	2.577063E-01	
105	3.171879E-01	3.269987E-01	2.567754E-01	
106	3.200523E-01	3.290730E-01	2.560868E-01	
107	3.215474E-01	3.306665E-01	2.562644E-01	
108	3.229011E-01	3.330114E-01	2.566655E-01	
109	3.277845E-01	3.348506E-01	2.557473E-01	
110	3.281981E-01	3.372507E-01	2.574093E-01	
111	3.303746E-01	3.395585E-01	2.566450E-01	
112	3.330331E-01	3.441438E-01	2.547254E-01	
113	3.363671E-01	3.448662E-01	2.568198E-01	
114	3.389811E-01	3.479555E-01	2.547071E-01	
115	3.415390E-01	3.523300E-01	2.577356E-01	
116	3.446952E-01	3.554664E-01	2.583866E-01	
117	3.474524E-01	3.589379E-01	2.576830E-01	
118	3.513000E-01	3.602954E-01	2.568117E-01	
119	3.548417E-01	3.640519E-01	2.583857E-01	
120	3.581244E-01	3.666103E-01	2.589052E-01	
121	3.618374E-01	3.717918E-01	2.605673E-01	
122	3.657576E-01	3.733356E-01	2.612085E-01	
123	3.696515E-01	3.778293E-01	2.623636E-01	
124	3.721605E-01	3.798359E-01	2.630562E-01	
125	3.760204E-01	3.848576E-01	2.638355E-01	
126	3.797758E-01	3.893470E-01	2.646065E-01	
127	3.825687E-01	3.904554E-01	2.667084E-01	
128	3.858284E-01	3.955638E-01	2.674820E-01	
129	3.897530E-01	3.986936E-01	2.682168E-01	
130	3.916030E-01	4.040579E-01	2.696060E-01	
131	3.969298E-01	4.056668E-01	2.735707E-01	
132	4.014633E-01	4.112889E-01	2.728933E-01	
133	4.054335E-01	4.143335E-01	2.765941E-01	
134	4.086728E-01	4.183396E-01	2.773312E-01	
135	4.120863E-01	4.213434E-01	2.811528E-01	
136	4.177855E-01	4.287847E-01	2.800078E-01	
137	4.228916E-01	4.323011E-01	2.849424E-01	
138	4.252321E-01	4.353595E-01	2.859850E-01	
139	4.287729E-01	4.402673E-01	2.889340E-01	
140	4.347262E-01	4.439446E-01	2.917335E-01	
141	4.374202E-01	4.488213E-01	2.947516E-01	
142	4.432039E-01	4.525845E-01	2.981200E-01	
143	4.465741E-01	4.579026E-01	3.008437E-01	
144	4.529565E-01	4.618952E-01	3.050255E-01	
145	4.559877E-01	4.695402E-01	3.076784E-01	
146	4.592711E-01	4.734836E-01	3.110851E-01	
147	4.666563E-01	4.749350E-01	3.147618E-01	
148	4.686624E-01	4.826614E-01	3.183858E-01	
149	4.780921E-01	4.855852E-01	3.193272E-01	
150	4.795019E-01	4.928366E-01	3.260541E-01	
151	4.818016E-01	4.952105E-01	3.257368E-01	
152	4.881658E-01	5.009505E-01	3.307188E-01	
153	4.933705E-01	5.041179E-01	3.318055E-01	
154	4.949942E-01	5.099499E-01	3.354782E-01	
155	4.992051E-01	5.142563E-01	3.366864E-01	
156	5.072881E-01	5.184373E-01	3.442051E-01	
157	5.104934E-01	5.231240E-01	3.446923E-01	
158	5.177016E-01	5.247891E-01	3.459265E-01	
159	5.187175E-01	5.288877E-01	3.515901E-01	
160	5.270315E-01	5.384307E-01	3.560874E-01	
161	5.325870E-01	5.420684E-01	3.563108E-01	
162	5.342207E-01	5.435887E-01	3.595691E-01	
163	5.400130E-01	5.463769E-01	3.613181E-01	
164	5.511639E-01	5.529498E-01	3.649764E-01	
165	5.519928E-01	5.565791E-01	3.670282E-01	
166	5.586787E-01	5.624917E-01	3.724293E-01	
167	5.621371E-01	5.610789E-01	3.709171E-01	
168	5.732436E-01	5.689537E-01	3.744963E-01	
169	5.751025E-01	5.736558E-01	3.780903E-01	
170	5.837089E-01	5.789610E-01	3.784715E-01	
171	5.855624E-01	5.787454E-01	3.833479E-01	
172	5.895147E-01	5.825834E-01	3.835477E-01	
173	6.027324E-01	5.852782E-01	3.854262E-01	
174	6.031903E-01	5.907403E-01	3.877276E-01	
175	6.093915E-01	5.893050E-01	3.909314E-01	
176	6.242717E-01	5.910073E-01	3.888323E-01	
177	6.334117E-01	5.961899E-01	3.906675E-01	
178	6.321147E-01	5.947590E-01	3.924159E-01	
179	6.447272E-01	5.914766E-01	3.926457E-01	
180	6.412576E-01	6.026626E-01	3.932189E-01	
181	6.605950E-01	5.967534E-01	3.958803E-01	
182	6.624022E-01	5.977894E-01	3.973160E-01	
183	6.669862E-01	5.964711E-01	3.994538E-01	
184	6.692605E-01	5.995165E-01	3.981016E-01	
185	6.753751E-01	5.965415E-01	3.988495E-01	
186	6.805764E-01	5.852244E-01	3.995227E-01	
187	6.860705E-01	5.918850E-01	4.004712E-01	
188	6.971994E-01	5.903720E-01	4.002526E-01	
189	7.004291E-01	5.777926E-01	3.994469E-01	
190	6.893565E-01	5.768972E-01	4.001173E-01	
191	7.029619E-01	5.695217E-01	4.007512E-01	
192	7.173583E-01	5.580586E-01	3.978368E-01	
193	7.198333E-01	5.521340E-01	3.979973E-01	
194	7.315099E-01	5.592903E-01	3.983702E-01	
195	7.352460E-01	5.514385E-01	3.976022E-01	
196	7.261974E-01	5.458527E-01	3.974843E-01	
197	7.294381E-01	5.400068E-01	3.963097E-01	
198	7.293405E-01	5.389286E-01	3.938882E-01	
199	7.338693E-01	5.167771E-01	3.960370E-01	
200	7.382454E-01	5.286141E-01	3.970826E-01	
201	7.514775E-01	5.026896E-01	3.924419E-01	
202	7.556538E-01	5.052522E-01	3.906236E-01	
203	7.640812E-01	5.053583E-01	3.892534E-01	
204	7.512328E-01	5.198335E-01	3.912890E-01	
205	7.739039E-01	4.821920E-01	3.882267E-01	
206	7.721862E-01	4.926036E-01	3.866957E-01	
207	7.613819E-01	4.852037E-01	3.870283E-01	
208	7.797499E-01	4.650653E-01	3.881342E-01	
209	7.780256E-01	4.741071E-01	3.851048E-01	
210	7.771497E-01	4.588274E-01	3.854275E-01	
211	7.835523E-01	4.480734E-01	3.815933E-01	
212	7.926916E-01	4.519900E-01	3.829051E-01	
213	7.910082E-01	4.429984E-01	3.812889E-01	
214	7.867724E-01	4.252841E-01	3.767868E-01	
215	8.185851E-01	4.266801E-01	3.766606E-01	
216	7.895467E-01	4.260611E-01	3.757978E-01	
217	8.196668E-01	4.266627E-01	3.725830E-01	
218	8.142761E-01	4.172550E-01	3.765439E-01	
219	8.123747E-01	4.171929E-01	3.725728E-01	
220	8.240303E-01	4.029234E-01	3.732858E-01	
221	8.230554E-01	3.967356E-01	3.731769E-01	
222	8.324106E-01	4.081597E-01	3.704511E-01	
223	8.057814E-01	3.962022E-01	3.715683E-01	
224	8.515812E-01	4.043366E-01	3.703581E-01	
225	8.418128E-01	4.018681E-01	3.664987E-01	
226	8.686274E-01	3.949335E-01	3.666029E-01	
227	8.255547E-01	3.876954E-01	3.676490E-01	
228	8.387250E-01	4.057160E-01	3.636176E-01	
229	7.921217E-01	3.829398E-01	3.644145E-01	
230	8.198972E-01	3.919177E-01	3.630299E-01	
231	8.355636E-01	3.723410E-01	3.615878E-01	
232	7.875134E-01	3.812195E-01	3.625966E-01	
233	8.420337E-01	3.780909E-01	3.600303E-01	
234	8.376873E-01	3.624287E-01	3.571176E-01	
235	8.739836E-01	3.602074E-01	3.600099E-01	
236	8.272811E-01	3.677496E-01	3.590855E-01	
237	8.152151E-01	3.518463E-01	3.591686E-01	
238	8.223940E-01	3.520320E-01	3.551696E-01	
239	8.270600E-01	3.695245E-01	3.574357E-01	
240	8.698590E-01	3.406371E-01	3.526613E-01	
241	8.497173E-01	3.519057E-01	3.538607E-01	
242	8.562934E-01	3.576748E-01	3.514242E-01	
243	8.379895E-01	3.653770E-01	3.506514E-01	
244	8.907663E-01	3.694243E-01	3.494653E-01	
245	8.765518E-01	3.616478E-01	3.502084E-01	
246	8.269574E-01	3.594537E-01	3.488262E-01	
247	8.789210E-01	3.544475E-01	3.459955E-01	
248	8.669655E-01	3.622328E-01	3.434197E-01	
249	8.990045E-01	3.487040E-01	3.438685E-01	
250	9.095874E-01	3.624046E-01	3.430809E-01	
251	8.633943E-01	3.547518E-01	3.429130E-01	
252	8.731978E-01	3.409242E-01	3.412126E-01	
253	8.674176E-01	3.396757E-01	3.372342E-01	
254	9.718713E-01	3.449622E-01	3.378357E-01	
255	8.930224E-01	3.572106E-01	3.386208E-01	
256	9.288119E-01	3.398003E-01	3.332647E-01	
257	9.272631E-01	3.435181E-01	3.354934E-01	
258	9.542096E-01	3.271894E-01	3.315893E-01	
259	9.635314E-01	3.378106E-01	3.315147E-01	
260	9.373159E-01	3.329317E-01	3.272394E-01	
261	9.562440E-01	3.323759E-01	3.291939E-01	
262	9.422591E-01	3.256933E-01	3.301444E-01	
263	9.321229E-01	3.306590E-01	3.295472E-01	
264	0	3.264732E-01	3.276162E-01	
265	0	3.103427E-01	3.244544E-01	
266	0	3.178513E-01	3.281375E-01	
267	9.647927E-01	3.094293E-01	3.211387E-01	
268	0	3.076331E-01	3.190686E-01	
269	9.248641E-01	3.095548E-01	3.198799E-01	
270	0	3.135494E-01	3.186803E-01	
271	0	3.200060E-01	3.175116E-01	
272	0	3.141585E-01	3.128890E-01	
273	0	3.182420E-01	3.127284E-01	
274	9.325672E-01	3.167430E-01	3.145018E-01	
275	0	3.057601E-01	3.108495E-01	
276	0	2.994598E-01	3.090884E-01	
277	0	3.029602E-01	3.080378E-01	
278	9.928817E-01	3.051510E-01	3.054142E-01	
279	0	3.073356E-01	3.051872E-01	
280	9.730631E-01	2.964976E-01	3.067660E-01	
281	0	2.993796E-01	3.040289E-01	
282	9.956693E-01	2.933021E-01	3.029913E-01	
283	9.958033E-01	3.038318E-01	3.036411E-01	
284	9.859937E-01	3.001485E-01	3.008409E-01	
285	9.935675E-01	2.942116E-01	2.996648E-01	
286	9.797780E-01	3.093590E-01	3.002311E-01	
287	0	3.067986E-01	3.011865E-01	
288	9.959625E-01	2.970776E-01	2.969457E-01	
289	0	3.015228E-01	2.989087E-01	
290	0	2.961630E-01	2.935800E-01	
291	9.938854E-01	3.135900E-01	2.995199E-01	
292	9.973342E-01	3.026413E-01	2.938954E-01	
293	4.999666E-01	3.100852E-01	2.929704E-01	
294	9.939102E-01	3.053182E-01	2.966648E-01	
295	0	3.104033E-01	2.936793E-01	
296	3.357498E-01	3.128784E-01	2.934355E-01	
297	3.352556E-01	3.096576E-01	2.911079E-01	
298	2.736189E-01	3.098018E-01	2.957001E-01	
299	5.986633E-01	3.091024E-01	2.909621E-01	
300	1.901417E-02	3.213303E-01	2.959241E-01	
301	1.991281E-02	3.021814E-01	2.934529E-01	
302	1.800828E-02	3.066592E-01	2.948622E-01	
303	9.222271E-03	3.078309E-01	2.969234E-01	
304	2.266649E-06	3.117751E-01	2.921089E-01	
305	2.401818E-02	3.193720E-01	2.965234E-01	
306	4.789611E-02	3.082124E-01	2.952796E-01	
307	7.979677E-03	3.087536E-01	2.955421E-01	
308	2.249106E-02	3.092478E-01	2.956533E-01	
309	4.499081E-02	3.085533E-01	2.964296E-01	
310	2.826357E-02	3.038693E-01	2.963997E-01	
311	4.608726E-02	3.029857E-01	2.945652E-01	
312	3.489411E-02	2.932090E-01	2.958663E-01	
313	7.493154E-03	2.983945E-01	2.944769E-01	
314	3.043643E-02	2.933776E-01	2.981621E-01	
315	5.331913E-02	2.986493E-01	2.937369E-01	
316	4.071483E-02	2.890663E-01	2.944374E-01	
317	5.037139E-02	2.881617E-01	2.929425E-01	
318	4.293350E-02	2.948914E-01	2.932885E-01	
319	3.556671E-02	2.872963E-01	2.925505E-01	
320	3.844231E-02	2.824989E-01	2.942817E-01	
321	5.720555E-02	2.921004E-01	2.973258E-01	
322	7.626783E-02	2.816779E-01	2.913047E-01	
323	5.198236E-02	2.998648E-01	2.952541E-01	
324	7.805491E-02	2.930231E-01	2.942305E-01	
325	4.424264E-02	2.880171E-01	2.936350E-01	
326	7.902124E-02	2.793954E-01	2.931533E-01	
327	3.758939E-02	2.924290E-01	2.935196E-01	
328	5.622587E-02	3.034735E-01	2.951054E-01	
329	5.706028E-02	2.860068E-01	2.930425E-01	
330	4.351859E-02	2.974615E-01	2.926224E-01	
331	5.203357E-02	2.872422E-01	2.931607E-01	
332	1.568423E-01	2.964705E-01	2.952003E-01	
333	9.699957E-02	3.039385E-01	2.916266E-01	
334	1.111203E-01	2.915324E-01	2.939228E-01	
335	8.523621E-02	2.891963E-01	2.949969E-01	
336	7.251139E-02	2.914339E-01	2.935885E-01	
337	8.615730E-02	2.944178E-01	2.965194E-01	
338	7.312265E-02	2.798150E-01	2.912431E-01	
339	1.525504E-01	2.784947E-01	2.922814E-01	
340	3.464794E-02	2.759231E-01	2.918957E-01	
341	1.447895E-01	2.918313E-01	2.914555E-01	
342	0	2.906120E-01	2.898549E-01	
343	0	2.853598E-01	2.894121E-01	
344	3.600574E-02	2.903030E-01	2.913884E-01	
345	4.511559E-02	2.822009E-01	2.880872E-01	
346	0	2.715034E-01	2.876611E-01	
347	0	2.868458E-01	2.904011E-01	
348	0	2.833575E-01	2.879620E-01	
349	0	2.789093E-01	2.863595E-01	
350	0	2.791431E-01	2.854904E-01	
351	0	2.876542E-01	2.859155E-01	
352	0	2.850106E-01	2.828135E-01	
353	0	2.798886E-01	2.839043E-01	
354	0	2.893867E-01	2.831598E-01	
355	0	2.796835E-01	2.815939E-01	
356	0	2.778863E-01	2.785713E-01	
357	0	2.816099E-01	2.795371E-01	
358	0	2.880228E-01	2.826025E-01	
359	0	2.752990E-01	2.807775E-01	
360	0	2.892747E-01	2.829541E-01	
361	0	2.761150E-01	2.833414E-01	
362	0	2.704533E-01	2.823938E-01	
363	0	2.699484E-01	2.816100E-01	
364	0	2.654270E-01	2.800983E-01	
365	0	2.723428E-01	2.806071E-01	
366	0	2.750880E-01	2.830435E-01	
367	0	2.621310E-01	2.818749E-01	
368	0	2.674136E-01	2.798843E-01	
369	0	2.667200E-01	2.833092E-01	
370	0	2.540112E-01	2.792243E-01	
371	0	2.675443E-01	2.789782E-01	
372	0	2.713351E-01	2.818297E-01	
373	0	2.572859E-01	2.756301E-01	
374	0	2.736750E-01	2.791723E-01	
375	0	2.738699E-01	2.799948E-01	
376	0	2.660925E-01	2.765627E-01	
377	0	2.745280E-01	2.794919E-01	
378	0	2.673758E-01	2.776111E-01	
379	0	2.608490E-01	2.753521E-01	
380	0	2.666870E-01	2.740693E-01	
381	0	2.599134E-01	2.758948E-01	
382	0	2.640718E-01	2.716269E-01	
383	0	2.683281E-01	2.740746E-01	
384	0	2.861846E-01	2.720784E-01	
385	0	2.647319E-01	2.716150E-01	
386	0	2.725414E-01	2.786215E-01	
387	0	2.679101E-01	2.713198E-01	
388	0	2.876380E-01	2.761461E-01	
389	0	2.804077E-01	2.747252E-01	
390	0	2.682881E-01	2.738771E-01	
391	0	2.712661E-01	2.747209E-01	
392	0	2.505069E-01	2.735388E-01	
393	0	2.661275E-01	2.744951E-01	
394	0	2.613655E-01	2.758658E-01	
395	0	2.680016E-01	2.776212E-01	
396	0	2.545052E-01	2.750762E-01	
397	0	2.742774E-01	2.784170E-01	
398	0	2.700723E-01	2.782837E-01	
399	0	2.846485E-01	2.807413E-01	
400	0	2.804471E-01	2.782408E-01	
401	0	2.652375E-01	2.787828E-01	
402	0	3.006213E-01	2.820635E-01	
403	0	2.793916E-01	2.807698E-01	
404	0	2.902411E-01	2.808443E-01	
405	0	3.047709E-01	2.836050E-01	
406	0	2.882997E-01	2.774713E-01	
407	0	3.077291E-01	2.887965E-01	
408	0	3.048113E-01	2.825813E-01	
409	0	3.021246E-01	2.855329E-01	
410	0	2.818948E-01	2.881362E-01	
411	0	2.928501E-01	2.825322E-01	
412	0	2.905830E-01	2.854172E-01	
413	0	2.675273E-01	2.926186E-01	
414	0	3.063511E-01	2.888234E-01	
415	0	2.884189E-01	2.914752E-01	
416	0	2.948203E-01	2.882540E-01	
417	0	3.157046E-01	2.906012E-01	
418	0	3.106631E-01	2.932051E-01	
419	0	3.050221E-01	2.948565E-01	
420	0	3.102706E-01	2.891353E-01	
421	0	3.134917E-01	2.957522E-01	
422	0	3.193131E-01	2.948342E-01	
423	0	2.978287E-01	2.899385E-01	
424	0	2.817899E-01	2.942614E-01	
425	0	3.055916E-01	2.927614E-01	
426	0	2.804823E-01	2.903962E-01	
427	0	3.169400E-01	2.894908E-01	
428	0	3.071243E-01	2.837146E-01	
429	0	3.046435E-01	2.901951E-01	
430	0	3.070079E-01	2.816165E-01	
431	0	2.836168E-01	2.851097E-01	
432	0	3.226500E-01	2.829634E-01	
433	0	2.989127E-01	2.883836E-01	
434	0	3.237831E-01	2.804159E-01	
435	0	2.881088E-01	2.782228E-01	
436	0	3.109591E-01	2.828329E-01	
437	0	3.170045E-01	2.837972E-01	
438	0	3.034376E-01	2.866029E-01	
439	0	3.135452E-01	2.757275E-01	
440	0	3.072206E-01	2.860670E-01	
441	0	2.942772E-01	2.836460E-01	
442	0	3.098301E-01	2.878826E-01	
443	0	3.051178E-01	2.814241E-01	
444	0	2.985715E-01	2.862987E-01	
445	0	2.996079E-01	2.905671E-01	
446	0	3.200115E-01	2.877038E-01	
447	0	3.297432E-01	2.783953E-01	
448	0	3.502656E-01	2.884329E-01	
449	0	3.163049E-01	2.916126E-01	
450	0	3.252878E-01	2.824649E-01	
451	0	3.300108E-01	2.893098E-01	
452	0	3.403169E-01	2.889623E-01	
453	0	3.229884E-01	2.942468E-01	
454	0	3.538343E-01	2.886633E-01	
455	0	3.668559E-01	2.892543E-01	
456	0	3.105112E-01	2.913930E-01	
457	0	3.621182E-01	2.917208E-01	
458	0	3.220621E-01	3.009529E-01	
459	0	3.260547E-01	2.890066E-01	
460	0	3.262787E-01	2.911770E-01	
461	0	3.250897E-01	3.046296E-01	
462	0	3.174409E-01	2.883634E-01	
463	0	3.161108E-01	3.049622E-01	
464	0	2.783346E-01	2.944923E-01	
465	0	2.968218E-01	2.972057E-01	
466	0	2.629846E-01	2.976820E-01	
467	0	2.800348E-01	2.996882E-01	
468	0	2.397341E-01	3.129739E-01	
469	0	2.593389E-01	3.012177E-01	
470	0	2.916768E-01	3.257832E-01	
471	0	2.443333E-01	3.115081E-01	
472	0	2.738413E-01	3.229227E-01	
473	0	2.775776E-01	3.051324E-01	
474	0	3.012835E-01	3.276671E-01	
475	0	3.164239E-01	3.178347E-01	
476	0	2.882387E-01	3.176812E-01	
477	0	3.792298E-01	3.544436E-01	
478	0	2.555312E-01	3.084022E-01	
479	0	3.724499E-01	3.447699E-01	
480	0	2.687226E-01	2.967265E-01	
481	0	3.063955E-01	3.362361E-01	
482	0	2.704414E-01	3.049317E-01	
483	0	2.717937E-01	3.369315E-01	
484	0	4.174956E-01	3.733629E-01	
485	0	2.658060E-01	3.059022E-01	
486	0	4.098028E-01	3.884028E-01	
487	0	2.569670E-01	3.171329E-01	
488	0	4.610226E-01	3.883003E-01	
489	0	2.505702E-01	3.182102E-01	
490	0	3.479647E-01	3.732542E-01	
491	0	3.944639E-01	3.753276E-01	
492	0	3.145569E-01	3.541815E-01	
493	0	2.792293E-01	4.728145E-01	
494	0	3.455510E-01	3.603490E-01	
495	0	3.773461E-01	5.018209E-01	
496	0	4.037206E-01	3.555456E-01	
497	0	3.696214E-01	4.435953E-01	
498	0	3.835885E-01	3.805710E-01	
499	0	3.909993E-01	4.365815E-01	
500	0	0	0	
501	0	3.936769E-01	4.436100E-01	
502	0	0	0	
503	0	4.260465E-01	4.765076E-01	
504	0	0	0	
505	0	4.260497E-01	4.824666E-01	
506	0	5.349952E-01	5.633180E-01	
507	0	0	0	
508	0	3.526169E-01	4.981589E-01	
509	0	0	0	
510	0	4.125177E-01	5.330632E-01	
511	0	0	0	
512	0	4.949734E-01	5.966780E-01	
513	0	0	0	
514	0	0	0	
515	0	5.810822E-01	6.195842E-01	
516	0	0	0	
517	0	7.668130E-01	6.971758E-01	
518	0	0	0	
519	0	0	0	
520	0	0	0	
521	0	0	0	
522	0	0	0	
523	0	0	0	
524	0	0	0	
525	0	0	0	
526	0	0	0	
527	0	0	0	
528	0	0	0	
529	0	0	0	
530	0	0	0	
531	0	0	0	
532	0	0	0	
533	0	0	0	
534	0	0	0	
535	0	0	0	
536	0	0	0	
537	0	0	0	
538	0	0	0	
539	0	0	0	
540	0	0	0	
541	0	0	0	
542	0	0	0	
543	0	0	0	
544	0	0	0	
545	0	0	0	
546	0	0	0	
547	0	0	0	
548	0	0	0	
549	0	0	0	
550	0	0	0	
551	0	0	0	
552	0	0	0	
553	0	0	0	
554	0	0	0	
555	0	0	0	
556	0	0	0	
557	0	0	0	
558	0	0	0	
559	0	0	0	
560	0	0	0	
561	0	0	0	
562	0	0	0	
563	0	0	0	
564	0	0	0	
565	0	0	0	
566	0	0	0	
567	0	0	0	
568	0	0	0	
569	0	0	0	
570	0	0	0	
571	0	0	0	
572	0	0	0	
573	0	0	0	
574	0	0	0	
575	0	0	0	
576	0	0	0	
577	0	0	0	
578	0	0	0	
579	0	0	0	
580	0	0	0	
581	0	0	0	
582	0	0	0	
583	0	0	0	
584	0	0	0	
585	0	0	0	
586	0	0	0	
587	0	0	0	
588	0	0	0	
589	0	0	0	
590	0	0	0	
591	0	0	0	
592	0	0	0	
593	0	0	0	
594	0	0	0	
595	0	0	0	
596	0	0	0	
597	0	0	0	
598	0	0	0	
599	0	0	0	
#NewRun
