#COM_Bin	Avg_cosine_squared
#Order is chain type
0	0	0	0	
1	0	0	0	
2	0	0	0	
3	0	0	0	
4	3.310297E-01	3.336464E-01	0	
5	3.298212E-01	3.345726E-01	3.200000E-01	
6	3.225387E-01	3.252672E-01	4.225828E-01	
7	0	0	0	
8	3.377022E-01	3.390931E-01	1.912242E-01	
9	3.308330E-01	3.290455E-01	4.204026E-01	
10	0	0	0	
11	3.270757E-01	3.331618E-01	3.554450E-01	
12	3.257840E-01	3.341521E-01	4.888928E-01	
13	3.263508E-01	3.467855E-01	1.981728E-01	
14	3.277772E-01	3.396634E-01	4.171647E-01	
15	0	0	0	
16	3.313816E-01	3.348871E-01	3.746271E-01	
17	3.323751E-01	3.354830E-01	2.603440E-01	
18	3.344967E-01	3.355142E-01	3.724929E-01	
19	3.344246E-01	3.326802E-01	3.163522E-01	
20	3.326516E-01	3.337028E-01	3.158992E-01	
21	3.319016E-01	3.345798E-01	2.821789E-01	
22	3.326462E-01	3.391310E-01	4.638869E-01	
23	3.357430E-01	3.409818E-01	4.641363E-01	
24	3.269578E-01	3.345637E-01	3.548504E-01	
25	3.338046E-01	3.374734E-01	3.506436E-01	
26	3.337298E-01	3.390609E-01	3.979382E-01	
27	3.333819E-01	3.399746E-01	3.353653E-01	
28	3.303746E-01	3.366776E-01	3.721194E-01	
29	3.272443E-01	3.341992E-01	3.519115E-01	
30	3.328547E-01	3.328015E-01	3.898612E-01	
31	3.338670E-01	3.357263E-01	3.342218E-01	
32	3.304919E-01	3.306758E-01	3.092867E-01	
33	3.289907E-01	3.272223E-01	3.479303E-01	
34	3.272764E-01	3.308422E-01	3.454196E-01	
35	3.302052E-01	3.288896E-01	3.503482E-01	
36	3.288175E-01	3.286377E-01	3.412570E-01	
37	3.289808E-01	3.274834E-01	3.529089E-01	
38	3.278375E-01	3.269584E-01	3.394460E-01	
39	3.307892E-01	3.280580E-01	4.013750E-01	
40	3.264797E-01	3.252843E-01	3.569852E-01	
41	3.286282E-01	3.273687E-01	3.687160E-01	
42	3.288923E-01	3.251564E-01	3.705962E-01	
43	3.257624E-01	3.248662E-01	3.843159E-01	
44	3.235878E-01	3.231131E-01	3.628849E-01	
45	3.223647E-01	3.226717E-01	3.509757E-01	
46	3.229931E-01	3.241750E-01	3.726997E-01	
47	3.210691E-01	3.233692E-01	3.954134E-01	
48	3.226674E-01	3.217966E-01	3.601838E-01	
49	3.196931E-01	3.220116E-01	3.850114E-01	
50	3.196737E-01	3.224467E-01	3.837831E-01	
51	3.184017E-01	3.203929E-01	3.553098E-01	
52	3.182448E-01	3.207680E-01	3.848535E-01	
53	3.179103E-01	3.185911E-01	3.866465E-01	
54	3.167021E-01	3.175930E-01	3.755219E-01	
55	3.156113E-01	3.187533E-01	3.668889E-01	
56	3.155843E-01	3.156181E-01	3.710822E-01	
57	3.146567E-01	3.150300E-01	3.753861E-01	
58	3.150387E-01	3.142710E-01	3.682703E-01	
59	3.131833E-01	3.132844E-01	3.644859E-01	
60	3.114310E-01	3.139406E-01	3.458182E-01	
61	3.119972E-01	3.109655E-01	3.613515E-01	
62	3.103970E-01	3.104687E-01	3.533784E-01	
63	3.114602E-01	3.090057E-01	3.623721E-01	
64	3.090344E-01	3.083622E-01	3.420035E-01	
65	3.093442E-01	3.068932E-01	3.490878E-01	
66	3.084226E-01	3.063500E-01	3.568917E-01	
67	3.081912E-01	3.035402E-01	3.391385E-01	
68	3.062529E-01	3.040221E-01	3.455175E-01	
69	3.063304E-01	3.013795E-01	3.493695E-01	
70	3.067322E-01	3.012448E-01	3.480800E-01	
71	3.030992E-01	3.023603E-01	3.385057E-01	
72	3.032507E-01	3.002535E-01	3.296873E-01	
73	3.028501E-01	2.991111E-01	3.334844E-01	
74	3.021567E-01	2.993671E-01	3.310735E-01	
75	3.028213E-01	3.002096E-01	3.199506E-01	
76	3.003211E-01	2.982303E-01	3.201845E-01	
77	3.002940E-01	2.980614E-01	3.260923E-01	
78	3.003783E-01	2.970491E-01	3.185303E-01	
79	3.006726E-01	2.990708E-01	3.129836E-01	
80	2.987039E-01	2.956673E-01	3.027249E-01	
81	2.976331E-01	2.971992E-01	2.992406E-01	
82	2.979600E-01	2.979764E-01	3.038889E-01	
83	2.980465E-01	2.982163E-01	2.910706E-01	
84	2.962548E-01	2.967870E-01	2.888289E-01	
85	2.971695E-01	2.977810E-01	2.870896E-01	
86	2.959035E-01	2.973778E-01	2.873739E-01	
87	2.982381E-01	2.989176E-01	2.934747E-01	
88	2.979988E-01	2.988012E-01	2.872553E-01	
89	2.977166E-01	2.999991E-01	2.797073E-01	
90	2.992216E-01	3.003926E-01	2.830735E-01	
91	2.982359E-01	3.008789E-01	2.768911E-01	
92	2.996076E-01	3.018469E-01	2.753194E-01	
93	2.999296E-01	3.026807E-01	2.751155E-01	
94	3.002799E-01	3.042009E-01	2.685308E-01	
95	3.023624E-01	3.049679E-01	2.688971E-01	
96	3.022253E-01	3.071629E-01	2.638382E-01	
97	3.026703E-01	3.083705E-01	2.661154E-01	
98	3.051428E-01	3.088687E-01	2.614470E-01	
99	3.049115E-01	3.119644E-01	2.584069E-01	
100	3.082691E-01	3.140967E-01	2.591423E-01	
101	3.089239E-01	3.166615E-01	2.542490E-01	
102	3.116094E-01	3.196265E-01	2.513452E-01	
103	3.133751E-01	3.212266E-01	2.509637E-01	
104	3.146551E-01	3.246277E-01	2.498790E-01	
105	3.182447E-01	3.271709E-01	2.476457E-01	
106	3.198587E-01	3.303190E-01	2.513020E-01	
107	3.226216E-01	3.331386E-01	2.466192E-01	
108	3.251880E-01	3.346514E-01	2.450886E-01	
109	3.285935E-01	3.388718E-01	2.447070E-01	
110	3.309774E-01	3.431415E-01	2.453302E-01	
111	3.343452E-01	3.453889E-01	2.451821E-01	
112	3.389860E-01	3.488083E-01	2.435783E-01	
113	3.406819E-01	3.518678E-01	2.459044E-01	
114	3.440006E-01	3.561168E-01	2.431925E-01	
115	3.459796E-01	3.607322E-01	2.439599E-01	
116	3.513814E-01	3.623830E-01	2.440450E-01	
117	3.536777E-01	3.676002E-01	2.443805E-01	
118	3.586961E-01	3.709472E-01	2.456561E-01	
119	3.622997E-01	3.746754E-01	2.482296E-01	
120	3.658816E-01	3.784423E-01	2.476434E-01	
121	3.690920E-01	3.816654E-01	2.494723E-01	
122	3.743806E-01	3.846186E-01	2.519375E-01	
123	3.786082E-01	3.883068E-01	2.523528E-01	
124	3.815938E-01	3.923794E-01	2.511500E-01	
125	3.872047E-01	3.970679E-01	2.540958E-01	
126	3.902529E-01	4.016694E-01	2.544106E-01	
127	3.948457E-01	4.037161E-01	2.568424E-01	
128	3.993797E-01	4.081817E-01	2.596313E-01	
129	4.058943E-01	4.112034E-01	2.610600E-01	
130	4.094203E-01	4.157505E-01	2.645824E-01	
131	4.150002E-01	4.210742E-01	2.655394E-01	
132	4.195428E-01	4.255220E-01	2.680847E-01	
133	4.249584E-01	4.283888E-01	2.722327E-01	
134	4.284030E-01	4.354220E-01	2.736208E-01	
135	4.342331E-01	4.378110E-01	2.755411E-01	
136	4.402902E-01	4.429599E-01	2.791596E-01	
137	4.442788E-01	4.489624E-01	2.821904E-01	
138	4.496480E-01	4.516960E-01	2.819244E-01	
139	4.533610E-01	4.564549E-01	2.861267E-01	
140	4.615855E-01	4.653945E-01	2.894809E-01	
141	4.664707E-01	4.679561E-01	2.925888E-01	
142	4.681167E-01	4.720398E-01	2.960306E-01	
143	4.726476E-01	4.779822E-01	3.000210E-01	
144	4.820298E-01	4.839015E-01	3.031328E-01	
145	4.844038E-01	4.912138E-01	3.062851E-01	
146	4.919974E-01	4.929466E-01	3.078835E-01	
147	4.959314E-01	4.985712E-01	3.102074E-01	
148	5.033060E-01	5.065515E-01	3.160685E-01	
149	5.097577E-01	5.115515E-01	3.200674E-01	
150	5.147169E-01	5.124454E-01	3.209587E-01	
151	5.204420E-01	5.193718E-01	3.255407E-01	
152	5.245263E-01	5.248168E-01	3.281243E-01	
153	5.317154E-01	5.314648E-01	3.336393E-01	
154	5.369725E-01	5.367444E-01	3.359774E-01	
155	5.385135E-01	5.390330E-01	3.376722E-01	
156	5.449613E-01	5.444664E-01	3.427060E-01	
157	5.549459E-01	5.499310E-01	3.460273E-01	
158	5.597265E-01	5.569059E-01	3.490571E-01	
159	5.655665E-01	5.609462E-01	3.548465E-01	
160	5.709659E-01	5.665813E-01	3.560861E-01	
161	5.800984E-01	5.724091E-01	3.582861E-01	
162	5.861128E-01	5.757162E-01	3.619736E-01	
163	5.890227E-01	5.883769E-01	3.667999E-01	
164	5.971183E-01	5.822301E-01	3.669178E-01	
165	6.046811E-01	5.976665E-01	3.693928E-01	
166	6.103171E-01	5.940800E-01	3.726486E-01	
167	6.199238E-01	6.019060E-01	3.761484E-01	
168	6.185526E-01	6.025393E-01	3.769701E-01	
169	6.303383E-01	6.117477E-01	3.786087E-01	
170	6.354251E-01	6.197494E-01	3.808478E-01	
171	6.394417E-01	6.172315E-01	3.808169E-01	
172	6.473470E-01	6.319330E-01	3.826233E-01	
173	6.604800E-01	6.367824E-01	3.866336E-01	
174	6.545203E-01	6.449093E-01	3.858157E-01	
175	6.694729E-01	6.343521E-01	3.904836E-01	
176	6.765760E-01	6.516265E-01	3.885933E-01	
177	6.743531E-01	6.572732E-01	3.905065E-01	
178	6.839395E-01	6.540267E-01	3.937176E-01	
179	6.972764E-01	6.622086E-01	3.926335E-01	
180	6.899068E-01	6.548702E-01	3.877685E-01	
181	6.920890E-01	6.720455E-01	3.921402E-01	
182	7.056944E-01	6.733981E-01	3.931714E-01	
183	7.020936E-01	6.673062E-01	3.934805E-01	
184	7.031538E-01	6.833218E-01	3.957329E-01	
185	7.126648E-01	6.671616E-01	3.958213E-01	
186	7.219569E-01	6.836319E-01	3.940163E-01	
187	7.259538E-01	6.746121E-01	3.960455E-01	
188	7.207245E-01	6.742807E-01	3.949957E-01	
189	7.239728E-01	6.779191E-01	3.919746E-01	
190	7.209195E-01	6.676678E-01	3.942496E-01	
191	7.360320E-01	6.733402E-01	3.929472E-01	
192	7.368665E-01	6.689763E-01	3.904777E-01	
193	7.464520E-01	6.521255E-01	3.888515E-01	
194	7.424323E-01	6.538905E-01	3.915001E-01	
195	7.561215E-01	6.571164E-01	3.893248E-01	
196	7.578980E-01	6.661815E-01	3.872041E-01	
197	7.646838E-01	6.647551E-01	3.877098E-01	
198	7.752968E-01	6.369040E-01	3.849930E-01	
199	7.396979E-01	6.448910E-01	3.867764E-01	
200	7.409928E-01	6.223657E-01	3.851082E-01	
201	7.735432E-01	6.268331E-01	3.836058E-01	
202	7.573389E-01	6.187999E-01	3.837309E-01	
203	7.665988E-01	6.142525E-01	3.831470E-01	
204	7.863427E-01	6.076747E-01	3.825181E-01	
205	7.569377E-01	5.995648E-01	3.807404E-01	
206	7.665842E-01	5.797748E-01	3.801531E-01	
207	7.509900E-01	5.712203E-01	3.779829E-01	
208	7.612884E-01	6.064721E-01	3.789788E-01	
209	7.662939E-01	5.567661E-01	3.786244E-01	
210	7.852600E-01	5.579117E-01	3.741067E-01	
211	7.709685E-01	5.462933E-01	3.737805E-01	
212	7.776468E-01	5.262124E-01	3.733249E-01	
213	7.683537E-01	5.055424E-01	3.686727E-01	
214	7.488758E-01	5.197255E-01	3.670920E-01	
215	7.673242E-01	5.026338E-01	3.636463E-01	
216	7.425410E-01	5.540003E-01	3.643358E-01	
217	7.604510E-01	5.071166E-01	3.637315E-01	
218	7.611517E-01	4.585263E-01	3.629570E-01	
219	7.476731E-01	4.735115E-01	3.582014E-01	
220	7.231748E-01	4.917973E-01	3.613638E-01	
221	7.458201E-01	4.847149E-01	3.561263E-01	
222	7.440515E-01	4.691718E-01	3.624015E-01	
223	7.026725E-01	4.871510E-01	3.554655E-01	
224	7.319112E-01	4.868377E-01	3.546621E-01	
225	6.853609E-01	4.515774E-01	3.535203E-01	
226	6.716433E-01	4.082254E-01	3.507933E-01	
227	7.197570E-01	4.302016E-01	3.508078E-01	
228	7.177492E-01	4.501212E-01	3.500932E-01	
229	7.295997E-01	3.990755E-01	3.492352E-01	
230	7.117570E-01	4.016414E-01	3.473347E-01	
231	7.082860E-01	3.832138E-01	3.487978E-01	
232	6.033022E-01	4.123075E-01	3.482245E-01	
233	6.882935E-01	4.222882E-01	3.467081E-01	
234	6.818069E-01	4.112350E-01	3.461008E-01	
235	6.211924E-01	4.083112E-01	3.466307E-01	
236	7.134777E-01	4.067039E-01	3.451336E-01	
237	7.191067E-01	3.955167E-01	3.449129E-01	
238	7.028660E-01	4.075110E-01	3.427625E-01	
239	6.290204E-01	4.179645E-01	3.430285E-01	
240	6.995915E-01	4.004597E-01	3.412405E-01	
241	7.560355E-01	3.917331E-01	3.409463E-01	
242	7.499843E-01	3.885820E-01	3.409963E-01	
243	6.831611E-01	4.070599E-01	3.392097E-01	
244	6.308677E-01	3.818831E-01	3.401861E-01	
245	5.926071E-01	4.263490E-01	3.391788E-01	
246	6.436331E-01	3.825379E-01	3.362117E-01	
247	7.249598E-01	4.161094E-01	3.343665E-01	
248	6.543392E-01	3.919153E-01	3.368180E-01	
249	7.503328E-01	3.865485E-01	3.346983E-01	
250	7.011678E-01	3.853309E-01	3.337538E-01	
251	5.565758E-01	3.857139E-01	3.326235E-01	
252	6.289649E-01	4.072100E-01	3.305522E-01	
253	6.019534E-01	3.680478E-01	3.317775E-01	
254	6.167826E-01	3.859240E-01	3.281648E-01	
255	4.890049E-01	3.867815E-01	3.289961E-01	
256	5.659597E-01	3.981105E-01	3.266560E-01	
257	4.751910E-01	3.830507E-01	3.252519E-01	
258	5.622478E-01	3.899050E-01	3.252247E-01	
259	4.008086E-01	3.566101E-01	3.223407E-01	
260	5.142431E-01	3.670802E-01	3.228818E-01	
261	3.491967E-01	3.652811E-01	3.219087E-01	
262	4.231673E-01	3.409536E-01	3.231498E-01	
263	3.857961E-01	3.678310E-01	3.216937E-01	
264	3.819260E-01	3.565497E-01	3.164704E-01	
265	3.201918E-01	3.299853E-01	3.178318E-01	
266	3.448292E-01	3.687993E-01	3.161518E-01	
267	3.208974E-01	3.459065E-01	3.150944E-01	
268	3.123613E-01	3.764425E-01	3.133428E-01	
269	2.315447E-01	3.629255E-01	3.117550E-01	
270	2.543437E-01	3.402006E-01	3.110801E-01	
271	2.365763E-01	3.764055E-01	3.135976E-01	
272	2.219780E-01	3.576119E-01	3.088177E-01	
273	1.966445E-01	3.252360E-01	3.067356E-01	
274	2.553643E-01	3.416642E-01	3.085963E-01	
275	2.144193E-01	3.138535E-01	3.056921E-01	
276	1.727000E-01	3.178300E-01	3.014540E-01	
277	2.319506E-01	3.326472E-01	3.040281E-01	
278	1.462284E-01	3.310311E-01	3.014949E-01	
279	2.683396E-01	3.272002E-01	3.027787E-01	
280	2.376853E-01	3.376916E-01	3.002330E-01	
281	2.144815E-01	3.125900E-01	2.972829E-01	
282	2.664932E-01	3.006325E-01	3.000731E-01	
283	2.322980E-01	3.117447E-01	2.984558E-01	
284	2.539156E-01	3.056681E-01	2.966532E-01	
285	2.139771E-01	3.061003E-01	2.975506E-01	
286	3.207646E-01	2.990556E-01	2.949233E-01	
287	2.455988E-01	2.925656E-01	2.955105E-01	
288	3.188478E-01	3.146778E-01	2.934506E-01	
289	2.283178E-01	2.862885E-01	2.949523E-01	
290	2.465000E-01	2.599687E-01	2.894975E-01	
291	2.953942E-01	2.883452E-01	2.937786E-01	
292	3.386609E-01	2.591156E-01	2.915345E-01	
293	2.591317E-01	2.967791E-01	2.897262E-01	
294	3.211886E-01	2.794052E-01	2.921755E-01	
295	2.303985E-01	2.708817E-01	2.885881E-01	
296	3.391292E-01	2.838304E-01	2.876059E-01	
297	2.336627E-01	3.371411E-01	2.899884E-01	
298	3.249915E-01	2.974757E-01	2.901246E-01	
299	2.241983E-01	3.021565E-01	2.881138E-01	
300	2.712436E-01	3.029091E-01	2.900319E-01	
301	2.733294E-01	3.131288E-01	2.890311E-01	
302	3.643226E-01	3.193063E-01	2.896994E-01	
303	3.344760E-01	3.127506E-01	2.935894E-01	
304	3.620819E-01	2.942089E-01	2.895414E-01	
305	2.918427E-01	2.908036E-01	2.928232E-01	
306	3.188236E-01	3.043532E-01	2.900088E-01	
307	3.556770E-01	2.809417E-01	2.899041E-01	
308	3.494849E-01	3.078804E-01	2.912505E-01	
309	3.482174E-01	2.957309E-01	2.895767E-01	
310	2.773970E-01	2.713286E-01	2.903255E-01	
311	3.144554E-01	3.044960E-01	2.904812E-01	
312	3.179674E-01	2.680477E-01	2.905298E-01	
313	3.299091E-01	2.825056E-01	2.883108E-01	
314	2.533574E-01	2.895564E-01	2.935367E-01	
315	2.704407E-01	2.731626E-01	2.904942E-01	
316	2.579053E-01	2.896681E-01	2.908154E-01	
317	2.832853E-01	2.844681E-01	2.935745E-01	
318	3.206989E-01	3.127013E-01	2.893334E-01	
319	3.106210E-01	2.851757E-01	2.918167E-01	
320	2.589293E-01	3.035717E-01	2.932826E-01	
321	1.994895E-01	2.937498E-01	2.927594E-01	
322	2.456834E-01	3.032714E-01	2.909597E-01	
323	3.034788E-01	3.156749E-01	2.925843E-01	
324	2.816809E-01	3.167623E-01	2.897942E-01	
325	2.729796E-01	3.083725E-01	2.925563E-01	
326	3.253987E-01	3.315136E-01	2.892867E-01	
327	2.891663E-01	3.128187E-01	2.885419E-01	
328	2.857937E-01	3.088411E-01	2.918532E-01	
329	3.220708E-01	3.143978E-01	2.880604E-01	
330	2.601572E-01	3.230501E-01	2.889277E-01	
331	2.581084E-01	2.914203E-01	2.895274E-01	
332	2.325282E-01	3.294692E-01	2.875721E-01	
333	2.566557E-01	3.008059E-01	2.862949E-01	
334	2.925964E-01	2.923485E-01	2.881196E-01	
335	1.660799E-01	2.923188E-01	2.875134E-01	
336	2.318615E-01	3.046394E-01	2.870817E-01	
337	1.666577E-01	3.063940E-01	2.888113E-01	
338	2.133404E-01	3.006757E-01	2.833593E-01	
339	2.228211E-01	3.160356E-01	2.860725E-01	
340	1.858250E-01	3.014224E-01	2.830856E-01	
341	1.712718E-01	2.993991E-01	2.856770E-01	
342	1.734501E-01	2.924941E-01	2.849877E-01	
343	1.955834E-01	2.950778E-01	2.833566E-01	
344	2.055174E-01	2.999440E-01	2.867862E-01	
345	3.833669E-01	3.032427E-01	2.827621E-01	
346	3.429342E-01	2.580118E-01	2.833663E-01	
347	3.040877E-01	2.933651E-01	2.850320E-01	
348	3.442357E-01	3.000057E-01	2.866565E-01	
349	5.563408E-01	2.980881E-01	2.846096E-01	
350	4.722358E-01	2.666351E-01	2.850603E-01	
351	4.536916E-01	2.954885E-01	2.850276E-01	
352	4.528088E-01	2.703508E-01	2.855144E-01	
353	5.400641E-01	2.788619E-01	2.879100E-01	
354	7.034809E-01	3.085868E-01	2.860991E-01	
355	6.027679E-01	2.715204E-01	2.866045E-01	
356	6.174652E-01	2.975246E-01	2.857330E-01	
357	4.543561E-01	2.944849E-01	2.843045E-01	
358	9.096863E-01	3.052589E-01	2.852474E-01	
359	8.353597E-01	2.927970E-01	2.838354E-01	
360	9.970549E-01	2.797153E-01	2.846551E-01	
361	9.566964E-01	2.888365E-01	2.830266E-01	
362	9.051360E-01	3.044866E-01	2.846074E-01	
363	9.766626E-01	2.663350E-01	2.837604E-01	
364	9.714387E-01	2.807058E-01	2.821727E-01	
365	9.690251E-01	3.000890E-01	2.876185E-01	
366	9.165645E-01	3.076906E-01	2.816755E-01	
367	9.733272E-01	3.142253E-01	2.815296E-01	
368	0	3.057464E-01	2.853672E-01	
369	7.767559E-01	3.021049E-01	2.821517E-01	
370	3.336152E-01	3.039588E-01	2.832722E-01	
371	3.830315E-01	3.051664E-01	2.803139E-01	
372	4.323977E-01	3.311579E-01	2.851581E-01	
373	8.195552E-03	2.783835E-01	2.789687E-01	
374	1.989704E-01	3.185777E-01	2.810930E-01	
375	2.667454E-02	3.134640E-01	2.811705E-01	
376	1.845474E-01	2.942624E-01	2.830468E-01	
377	1.821320E-01	3.256947E-01	2.825045E-01	
378	2.570567E-01	3.232655E-01	2.827237E-01	
379	4.358223E-01	3.292909E-01	2.810577E-01	
380	1.168490E-01	3.094210E-01	2.807430E-01	
381	2.045675E-01	3.294377E-01	2.852187E-01	
382	3.996246E-01	2.929395E-01	2.794522E-01	
383	2.220877E-01	3.230866E-01	2.814304E-01	
384	3.611463E-01	3.070918E-01	2.819158E-01	
385	2.417002E-01	3.129642E-01	2.802900E-01	
386	3.118297E-01	2.992138E-01	2.850593E-01	
387	3.542927E-01	2.642038E-01	2.825685E-01	
388	1.745907E-01	2.730381E-01	2.855504E-01	
389	3.570208E-01	2.740894E-01	2.830065E-01	
390	2.214959E-01	2.985369E-01	2.827265E-01	
391	3.171631E-01	2.715056E-01	2.835160E-01	
392	1.809427E-01	2.981627E-01	2.871189E-01	
393	2.459350E-01	2.871157E-01	2.853027E-01	
394	1.135991E-01	2.695267E-01	2.832799E-01	
395	2.384327E-01	2.701621E-01	2.826228E-01	
396	2.547342E-01	2.746035E-01	2.842105E-01	
397	1.364645E-01	2.919611E-01	2.817437E-01	
398	2.779473E-01	2.655523E-01	2.841325E-01	
399	2.734689E-01	3.234695E-01	2.835257E-01	
400	2.700368E-01	2.949452E-01	2.848592E-01	
401	2.364065E-01	2.843712E-01	2.826005E-01	
402	3.158158E-01	2.854534E-01	2.865378E-01	
403	3.113815E-01	3.002416E-01	2.839591E-01	
404	3.585984E-01	3.295772E-01	2.825027E-01	
405	2.909505E-01	3.055613E-01	2.849956E-01	
406	2.387636E-01	3.097139E-01	2.834399E-01	
407	2.982536E-01	3.066881E-01	2.880766E-01	
408	2.564844E-01	3.072520E-01	2.846243E-01	
409	2.649456E-01	3.339141E-01	2.812400E-01	
410	3.108872E-01	3.272370E-01	2.854578E-01	
411	2.659201E-01	3.662235E-01	2.854063E-01	
412	1.809043E-01	3.203504E-01	2.833026E-01	
413	2.252543E-01	3.367159E-01	2.871561E-01	
414	2.133673E-01	3.280485E-01	2.837688E-01	
415	3.307219E-01	3.465080E-01	2.922073E-01	
416	3.294990E-01	3.334375E-01	2.884606E-01	
417	2.084099E-01	3.593320E-01	2.872809E-01	
418	3.412375E-01	3.528620E-01	2.880445E-01	
419	2.753065E-01	3.906828E-01	2.908927E-01	
420	2.980658E-01	3.424231E-01	2.868769E-01	
421	3.472730E-01	3.144052E-01	2.927052E-01	
422	3.282769E-01	3.725466E-01	2.950204E-01	
423	2.272708E-01	3.660465E-01	2.907143E-01	
424	2.501565E-01	3.543449E-01	2.898799E-01	
425	2.439264E-01	3.962340E-01	2.925560E-01	
426	2.222532E-01	3.582139E-01	2.900002E-01	
427	2.655108E-01	3.594630E-01	2.868259E-01	
428	2.161443E-01	3.491339E-01	2.930485E-01	
429	2.093563E-01	3.554635E-01	2.889905E-01	
430	2.174829E-01	3.687483E-01	2.881391E-01	
431	2.469579E-01	3.470860E-01	2.951244E-01	
432	1.889935E-01	3.399886E-01	2.913749E-01	
433	3.058029E-01	3.133613E-01	2.899403E-01	
434	2.605958E-01	3.379855E-01	2.890865E-01	
435	2.297531E-01	3.516815E-01	2.894360E-01	
436	2.706848E-01	3.583397E-01	2.904633E-01	
437	1.394247E-01	3.356258E-01	2.955878E-01	
438	1.926323E-01	3.867230E-01	2.916004E-01	
439	1.660392E-01	3.690743E-01	2.876709E-01	
440	2.067151E-01	3.669673E-01	2.944061E-01	
441	2.561640E-01	3.832694E-01	2.921188E-01	
442	2.442493E-01	3.898425E-01	2.933755E-01	
443	3.013240E-01	3.887974E-01	2.888551E-01	
444	2.748033E-01	4.108637E-01	2.997756E-01	
445	2.604170E-01	4.039003E-01	3.006440E-01	
446	3.116734E-01	4.252653E-01	2.925854E-01	
447	4.131166E-01	4.160849E-01	2.932481E-01	
448	3.395201E-01	4.876319E-01	3.030110E-01	
449	3.134636E-01	4.211908E-01	3.049643E-01	
450	3.948483E-01	4.775788E-01	2.989657E-01	
451	3.242400E-01	4.425039E-01	2.906824E-01	
452	4.740566E-01	4.418285E-01	3.052989E-01	
453	2.017212E-01	4.399817E-01	2.931713E-01	
454	5.586631E-01	4.085607E-01	3.022194E-01	
455	4.308560E-01	3.751622E-01	2.997725E-01	
456	2.746106E-01	4.328656E-01	3.033837E-01	
457	3.340285E-01	3.735229E-01	3.118391E-01	
458	1.825443E-01	4.429766E-01	3.086988E-01	
459	3.245908E-01	4.218238E-01	3.155622E-01	
460	2.623508E-01	4.220290E-01	2.964749E-01	
461	4.806085E-01	4.202309E-01	3.173400E-01	
462	1.327261E-01	4.524994E-01	2.923475E-01	
463	7.973285E-01	4.261867E-01	3.220995E-01	
464	3.608517E-01	3.418591E-01	3.034808E-01	
465	5.534876E-01	4.741714E-01	3.081802E-01	
466	1.078764E-01	5.411915E-01	3.105107E-01	
467	5.670865E-01	3.523051E-01	2.991253E-01	
468	3.658154E-01	6.199645E-01	3.158349E-01	
469	4.720428E-01	3.305853E-01	3.130103E-01	
470	4.723065E-01	3.653550E-01	3.171632E-01	
471	4.445907E-01	5.483425E-01	3.017566E-01	
472	4.770330E-01	3.564238E-01	3.228014E-01	
473	4.494597E-01	5.457682E-01	3.094160E-01	
474	4.686173E-01	3.252381E-01	3.351048E-01	
475	4.311583E-01	6.413992E-01	3.422891E-01	
476	5.670968E-01	3.577685E-01	3.273651E-01	
477	4.939519E-01	3.570398E-01	3.732732E-01	
478	3.476216E-01	3.208825E-01	3.255572E-01	
479	0	2.422948E-01	3.778950E-01	
480	3.526724E-01	3.526557E-01	3.210556E-01	
481	3.261508E-01	2.383315E-01	3.690776E-01	
482	0	3.616308E-01	3.252159E-01	
483	2.571871E-01	2.499181E-01	3.487798E-01	
484	0	1.824782E-01	4.481557E-01	
485	0	3.484055E-01	3.317368E-01	
486	0	1.965210E-01	4.533538E-01	
487	0	4.232194E-01	3.321030E-01	
488	0	3.079505E-01	4.210746E-01	
489	0	4.883683E-01	3.425330E-01	
490	0	2.935277E-01	3.920119E-01	
491	0	2.255117E-01	4.249171E-01	
492	0	4.937317E-01	3.614865E-01	
493	0	0	5.107911E-01	
494	0	4.754317E-01	3.745706E-01	
495	0	3.573013E-01	5.008638E-01	
496	0	6.122332E-01	3.907150E-01	
497	0	0	4.095202E-01	
498	0	4.627334E-01	3.729519E-01	
499	0	5.049682E-01	4.397801E-01	
500	0	0	0	
501	0	3.482076E-01	4.333487E-01	
502	0	0	0	
503	0	5.997057E-01	4.536793E-01	
504	0	0	0	
505	0	6.990157E-01	5.070212E-01	
506	0	0	4.784089E-01	
507	0	0	0	
508	0	6.994404E-01	5.397357E-01	
509	0	0	0	
510	0	0	5.852426E-01	
511	0	0	0	
512	0	0	6.328252E-01	
513	0	0	0	
514	0	0	0	
515	0	0	6.575451E-01	
516	0	0	0	
517	0	0	6.460555E-01	
518	0	0	0	
519	0	0	7.756724E-01	
520	0	0	0	
521	0	0	0	
522	0	0	0	
523	0	0	0	
524	0	0	0	
525	0	0	0	
526	0	0	0	
527	0	0	0	
528	0	0	0	
529	0	0	0	
530	0	0	0	
531	0	0	0	
532	0	0	0	
533	0	0	0	
534	0	0	0	
535	0	0	0	
536	0	0	0	
537	0	0	0	
538	0	0	0	
539	0	0	0	
540	0	0	0	
541	0	0	0	
542	0	0	0	
543	0	0	0	
544	0	0	0	
545	0	0	0	
546	0	0	0	
547	0	0	0	
548	0	0	0	
549	0	0	0	
550	0	0	0	
551	0	0	0	
552	0	0	0	
553	0	0	0	
554	0	0	0	
555	0	0	0	
556	0	0	0	
557	0	0	0	
558	0	0	0	
559	0	0	0	
560	0	0	0	
561	0	0	0	
562	0	0	0	
563	0	0	0	
564	0	0	0	
565	0	0	0	
566	0	0	0	
567	0	0	0	
568	0	0	0	
569	0	0	0	
570	0	0	0	
571	0	0	0	
572	0	0	0	
573	0	0	0	
574	0	0	0	
575	0	0	0	
576	0	0	0	
577	0	0	0	
578	0	0	0	
579	0	0	0	
580	0	0	0	
581	0	0	0	
582	0	0	0	
583	0	0	0	
584	0	0	0	
585	0	0	0	
586	0	0	0	
587	0	0	0	
588	0	0	0	
589	0	0	0	
590	0	0	0	
591	0	0	0	
592	0	0	0	
593	0	0	0	
594	0	0	0	
595	0	0	0	
596	0	0	0	
597	0	0	0	
598	0	0	0	
599	0	0	0	
#NewRun
0	0	0	0	
1	0	0	0	
2	0	0	0	
3	0	0	0	
4	3.303327E-01	3.304960E-01	4.110429E-01	
5	3.333909E-01	3.280339E-01	3.106797E-01	
6	3.358105E-01	3.167292E-01	2.099016E-01	
7	0	0	0	
8	3.331931E-01	3.295978E-01	3.830648E-01	
9	3.295776E-01	3.321777E-01	2.624854E-01	
10	0	0	0	
11	3.299075E-01	3.295765E-01	4.063874E-01	
12	3.355818E-01	3.336594E-01	3.223659E-01	
13	3.377533E-01	3.267124E-01	3.934270E-01	
14	3.281553E-01	3.293241E-01	3.306204E-01	
15	0	0	0	
16	3.329140E-01	3.337641E-01	3.449263E-01	
17	3.364322E-01	3.332533E-01	3.212835E-01	
18	3.337882E-01	3.303895E-01	3.707375E-01	
19	3.286525E-01	3.279224E-01	3.763762E-01	
20	3.364574E-01	3.332312E-01	3.762522E-01	
21	3.323393E-01	3.343719E-01	4.012721E-01	
22	3.377402E-01	3.367500E-01	3.493428E-01	
23	3.303757E-01	3.345960E-01	4.003622E-01	
24	3.381415E-01	3.312679E-01	4.210708E-01	
25	3.344390E-01	3.334001E-01	3.830129E-01	
26	3.354297E-01	3.316015E-01	4.083268E-01	
27	3.380156E-01	3.355195E-01	3.935518E-01	
28	3.332093E-01	3.314733E-01	4.513662E-01	
29	3.315848E-01	3.314951E-01	4.393439E-01	
30	3.299043E-01	3.276658E-01	4.108410E-01	
31	3.307957E-01	3.288109E-01	4.765947E-01	
32	3.325095E-01	3.298040E-01	4.237922E-01	
33	3.312354E-01	3.274784E-01	4.548485E-01	
34	3.302257E-01	3.263155E-01	4.204459E-01	
35	3.284306E-01	3.310663E-01	4.533012E-01	
36	3.295064E-01	3.270754E-01	4.339331E-01	
37	3.295420E-01	3.281168E-01	4.188566E-01	
38	3.272875E-01	3.253718E-01	4.083218E-01	
39	3.288315E-01	3.279762E-01	4.308125E-01	
40	3.274501E-01	3.246556E-01	4.101397E-01	
41	3.282846E-01	3.244608E-01	3.897834E-01	
42	3.262014E-01	3.263032E-01	4.073303E-01	
43	3.294866E-01	3.238308E-01	3.982802E-01	
44	3.270389E-01	3.210215E-01	4.071827E-01	
45	3.261687E-01	3.200757E-01	4.217433E-01	
46	3.281049E-01	3.210065E-01	4.061335E-01	
47	3.279090E-01	3.179353E-01	3.761127E-01	
48	3.272096E-01	3.172465E-01	3.932119E-01	
49	3.278468E-01	3.183028E-01	3.716167E-01	
50	3.230196E-01	3.184222E-01	3.814809E-01	
51	3.257260E-01	3.179237E-01	3.847278E-01	
52	3.238655E-01	3.151136E-01	3.650517E-01	
53	3.216915E-01	3.149739E-01	3.577362E-01	
54	3.202056E-01	3.151746E-01	3.636516E-01	
55	3.196609E-01	3.138667E-01	3.470595E-01	
56	3.204561E-01	3.122061E-01	3.779835E-01	
57	3.170476E-01	3.123235E-01	3.633986E-01	
58	3.163104E-01	3.119917E-01	3.393780E-01	
59	3.161647E-01	3.124619E-01	3.578611E-01	
60	3.135936E-01	3.119489E-01	3.432963E-01	
61	3.153831E-01	3.103828E-01	3.436652E-01	
62	3.139044E-01	3.110637E-01	3.387443E-01	
63	3.137467E-01	3.106226E-01	3.277478E-01	
64	3.107786E-01	3.109188E-01	3.459616E-01	
65	3.092511E-01	3.081704E-01	3.318367E-01	
66	3.111744E-01	3.097274E-01	3.363734E-01	
67	3.089631E-01	3.096327E-01	3.324729E-01	
68	3.066744E-01	3.072497E-01	3.279618E-01	
69	3.063519E-01	3.068352E-01	3.204048E-01	
70	3.064380E-01	3.056058E-01	3.209185E-01	
71	3.055508E-01	3.048724E-01	3.229409E-01	
72	3.028769E-01	3.040146E-01	3.149449E-01	
73	3.032943E-01	3.033587E-01	3.127054E-01	
74	3.021441E-01	3.028004E-01	3.134281E-01	
75	3.012360E-01	3.026139E-01	2.990591E-01	
76	3.001838E-01	3.028024E-01	3.100959E-01	
77	3.007293E-01	3.013630E-01	2.976214E-01	
78	2.990792E-01	3.017836E-01	3.019125E-01	
79	2.997920E-01	2.999034E-01	2.908785E-01	
80	2.978754E-01	3.011581E-01	2.956818E-01	
81	2.980312E-01	3.000792E-01	2.886160E-01	
82	2.979753E-01	2.998205E-01	2.866948E-01	
83	2.981175E-01	3.014966E-01	2.807229E-01	
84	2.970083E-01	3.003020E-01	2.802820E-01	
85	2.982883E-01	3.002628E-01	2.813295E-01	
86	2.973787E-01	3.008950E-01	2.777038E-01	
87	2.978836E-01	3.007750E-01	2.743925E-01	
88	2.982450E-01	3.019634E-01	2.752376E-01	
89	2.973598E-01	3.023683E-01	2.716094E-01	
90	2.990514E-01	3.031368E-01	2.706199E-01	
91	2.994854E-01	3.029096E-01	2.713111E-01	
92	2.993269E-01	3.050024E-01	2.687149E-01	
93	3.005061E-01	3.063514E-01	2.612245E-01	
94	3.008648E-01	3.075620E-01	2.613111E-01	
95	3.020253E-01	3.088449E-01	2.582605E-01	
96	3.030352E-01	3.110479E-01	2.573428E-01	
97	3.053798E-01	3.116234E-01	2.553811E-01	
98	3.065242E-01	3.148710E-01	2.532894E-01	
99	3.076471E-01	3.142415E-01	2.521303E-01	
100	3.094371E-01	3.174879E-01	2.519701E-01	
101	3.119595E-01	3.212031E-01	2.479943E-01	
102	3.136811E-01	3.218366E-01	2.467295E-01	
103	3.155516E-01	3.237542E-01	2.465457E-01	
104	3.173750E-01	3.259108E-01	2.473133E-01	
105	3.193213E-01	3.286692E-01	2.448661E-01	
106	3.205948E-01	3.306794E-01	2.402581E-01	
107	3.238343E-01	3.324317E-01	2.424299E-01	
108	3.258175E-01	3.361366E-01	2.410876E-01	
109	3.283169E-01	3.380626E-01	2.409855E-01	
110	3.323195E-01	3.401927E-01	2.409843E-01	
111	3.344829E-01	3.431789E-01	2.396638E-01	
112	3.363403E-01	3.479699E-01	2.412623E-01	
113	3.414747E-01	3.493786E-01	2.411093E-01	
114	3.430635E-01	3.540353E-01	2.394034E-01	
115	3.467358E-01	3.567753E-01	2.394260E-01	
116	3.510582E-01	3.620977E-01	2.445103E-01	
117	3.539355E-01	3.653154E-01	2.421270E-01	
118	3.578713E-01	3.692800E-01	2.439776E-01	
119	3.628827E-01	3.719844E-01	2.445758E-01	
120	3.660683E-01	3.767666E-01	2.472013E-01	
121	3.709881E-01	3.811270E-01	2.470817E-01	
122	3.750249E-01	3.832237E-01	2.495834E-01	
123	3.783348E-01	3.875312E-01	2.512689E-01	
124	3.826666E-01	3.928552E-01	2.516151E-01	
125	3.866670E-01	3.962213E-01	2.538979E-01	
126	3.929001E-01	4.009098E-01	2.523484E-01	
127	3.957550E-01	4.032177E-01	2.558620E-01	
128	4.009948E-01	4.094641E-01	2.590430E-01	
129	4.039672E-01	4.117046E-01	2.593758E-01	
130	4.104146E-01	4.165802E-01	2.602962E-01	
131	4.152367E-01	4.211369E-01	2.612356E-01	
132	4.211997E-01	4.275950E-01	2.655852E-01	
133	4.249096E-01	4.309516E-01	2.680181E-01	
134	4.296575E-01	4.343492E-01	2.708887E-01	
135	4.383199E-01	4.419189E-01	2.707456E-01	
136	4.416833E-01	4.448359E-01	2.763626E-01	
137	4.468360E-01	4.485042E-01	2.776544E-01	
138	4.509216E-01	4.561191E-01	2.795542E-01	
139	4.544476E-01	4.599255E-01	2.840169E-01	
140	4.630179E-01	4.648722E-01	2.842330E-01	
141	4.692681E-01	4.697009E-01	2.895770E-01	
142	4.716055E-01	4.763208E-01	2.931217E-01	
143	4.790792E-01	4.825413E-01	2.959436E-01	
144	4.815133E-01	4.873884E-01	2.978131E-01	
145	4.869760E-01	4.950288E-01	3.016667E-01	
146	4.946975E-01	4.981863E-01	3.065181E-01	
147	5.028978E-01	5.052101E-01	3.097749E-01	
148	5.077669E-01	5.122692E-01	3.139093E-01	
149	5.146383E-01	5.161590E-01	3.173976E-01	
150	5.183655E-01	5.223997E-01	3.185856E-01	
151	5.246329E-01	5.268967E-01	3.237556E-01	
152	5.277281E-01	5.334839E-01	3.278644E-01	
153	5.380017E-01	5.361039E-01	3.310094E-01	
154	5.380773E-01	5.451469E-01	3.330919E-01	
155	5.485321E-01	5.465638E-01	3.360585E-01	
156	5.545061E-01	5.538302E-01	3.380643E-01	
157	5.605003E-01	5.560653E-01	3.446655E-01	
158	5.655398E-01	5.655396E-01	3.459388E-01	
159	5.737288E-01	5.685322E-01	3.474723E-01	
160	5.775028E-01	5.731790E-01	3.521432E-01	
161	5.803091E-01	5.843518E-01	3.548909E-01	
162	5.954884E-01	5.885152E-01	3.565872E-01	
163	5.957452E-01	5.897899E-01	3.589319E-01	
164	6.000175E-01	5.956259E-01	3.623956E-01	
165	6.056013E-01	6.045264E-01	3.646114E-01	
166	6.100922E-01	6.092285E-01	3.663612E-01	
167	6.165926E-01	6.094210E-01	3.711928E-01	
168	6.191256E-01	6.125345E-01	3.692316E-01	
169	6.310225E-01	6.188597E-01	3.744111E-01	
170	6.297439E-01	6.254102E-01	3.754468E-01	
171	6.302055E-01	6.330004E-01	3.745519E-01	
172	6.360976E-01	6.367430E-01	3.779486E-01	
173	6.417052E-01	6.394005E-01	3.802632E-01	
174	6.571932E-01	6.406359E-01	3.827276E-01	
175	6.497246E-01	6.421126E-01	3.845790E-01	
176	6.555916E-01	6.422647E-01	3.838276E-01	
177	6.616597E-01	6.566214E-01	3.851299E-01	
178	6.603359E-01	6.546025E-01	3.853943E-01	
179	6.699174E-01	6.505918E-01	3.875154E-01	
180	6.727732E-01	6.509962E-01	3.883014E-01	
181	6.780609E-01	6.563227E-01	3.901927E-01	
182	6.813585E-01	6.414783E-01	3.903575E-01	
183	6.879931E-01	6.508450E-01	3.852792E-01	
184	6.817696E-01	6.381943E-01	3.885430E-01	
185	6.803197E-01	6.418214E-01	3.857739E-01	
186	6.874549E-01	6.411758E-01	3.837350E-01	
187	6.944443E-01	6.390455E-01	3.863105E-01	
188	6.857859E-01	6.295243E-01	3.869065E-01	
189	6.954145E-01	6.354933E-01	3.852619E-01	
190	7.001631E-01	6.373937E-01	3.854239E-01	
191	6.975184E-01	6.373256E-01	3.858403E-01	
192	6.969191E-01	6.438814E-01	3.826199E-01	
193	7.050527E-01	6.285383E-01	3.828297E-01	
194	7.086153E-01	6.118882E-01	3.808869E-01	
195	7.058437E-01	6.214380E-01	3.794491E-01	
196	7.092043E-01	6.091072E-01	3.792270E-01	
197	7.042450E-01	5.967109E-01	3.795046E-01	
198	6.974468E-01	6.082947E-01	3.780092E-01	
199	7.132319E-01	5.819616E-01	3.767677E-01	
200	7.176744E-01	5.681629E-01	3.783454E-01	
201	6.992972E-01	5.624315E-01	3.753458E-01	
202	7.241471E-01	5.681028E-01	3.741219E-01	
203	6.721602E-01	5.656721E-01	3.748513E-01	
204	7.048267E-01	5.400752E-01	3.734638E-01	
205	6.958004E-01	5.430117E-01	3.727080E-01	
206	6.782234E-01	5.330816E-01	3.685619E-01	
207	6.774564E-01	5.204872E-01	3.681034E-01	
208	6.720345E-01	5.098854E-01	3.686302E-01	
209	6.590002E-01	5.146823E-01	3.671146E-01	
210	6.509683E-01	4.741672E-01	3.675228E-01	
211	6.653818E-01	5.076303E-01	3.628315E-01	
212	6.482854E-01	4.869191E-01	3.612023E-01	
213	6.540659E-01	4.826261E-01	3.648771E-01	
214	6.435121E-01	4.653227E-01	3.613247E-01	
215	6.701229E-01	4.592136E-01	3.591940E-01	
216	6.617584E-01	4.889856E-01	3.573487E-01	
217	6.039032E-01	4.510968E-01	3.526644E-01	
218	6.646701E-01	4.836690E-01	3.540825E-01	
219	6.225064E-01	4.566693E-01	3.521050E-01	
220	6.474140E-01	4.562677E-01	3.521621E-01	
221	6.193299E-01	4.555377E-01	3.532525E-01	
222	6.156401E-01	4.369337E-01	3.521873E-01	
223	6.219533E-01	4.199616E-01	3.496571E-01	
224	5.859508E-01	4.434635E-01	3.488231E-01	
225	5.999978E-01	4.492471E-01	3.523793E-01	
226	6.134225E-01	4.440908E-01	3.483104E-01	
227	5.917866E-01	4.324869E-01	3.475837E-01	
228	5.614633E-01	4.420401E-01	3.489700E-01	
229	5.163616E-01	4.282103E-01	3.472790E-01	
230	5.443071E-01	4.161273E-01	3.481726E-01	
231	5.469501E-01	4.329433E-01	3.446399E-01	
232	5.096825E-01	4.272857E-01	3.431815E-01	
233	4.814440E-01	4.187383E-01	3.410660E-01	
234	4.711884E-01	4.180897E-01	3.429750E-01	
235	5.383493E-01	3.801253E-01	3.413836E-01	
236	5.336736E-01	3.973985E-01	3.377273E-01	
237	5.095640E-01	4.404680E-01	3.429985E-01	
238	4.421619E-01	3.948355E-01	3.385540E-01	
239	3.701407E-01	4.220593E-01	3.373276E-01	
240	4.652983E-01	3.803525E-01	3.394956E-01	
241	3.800049E-01	3.991260E-01	3.384133E-01	
242	4.022843E-01	3.884986E-01	3.373322E-01	
243	3.777638E-01	3.955857E-01	3.362594E-01	
244	3.163520E-01	3.909631E-01	3.332366E-01	
245	3.642491E-01	3.803389E-01	3.303825E-01	
246	3.224959E-01	3.724851E-01	3.299258E-01	
247	3.073725E-01	4.047832E-01	3.332053E-01	
248	3.350240E-01	3.791331E-01	3.283574E-01	
249	3.108656E-01	4.005828E-01	3.320370E-01	
250	3.210700E-01	3.772037E-01	3.295258E-01	
251	3.271264E-01	3.839177E-01	3.304556E-01	
252	3.202197E-01	3.728460E-01	3.275548E-01	
253	3.181949E-01	3.767619E-01	3.289472E-01	
254	3.637486E-01	3.585621E-01	3.281490E-01	
255	3.402414E-01	3.627436E-01	3.276368E-01	
256	3.631807E-01	4.018859E-01	3.249253E-01	
257	3.530495E-01	3.366607E-01	3.229358E-01	
258	3.777338E-01	3.495911E-01	3.261735E-01	
259	3.909019E-01	3.511356E-01	3.236664E-01	
260	3.730112E-01	3.520123E-01	3.232290E-01	
261	3.192631E-01	3.448055E-01	3.234005E-01	
262	3.642563E-01	3.623330E-01	3.230809E-01	
263	3.432622E-01	3.424197E-01	3.226675E-01	
264	3.406604E-01	3.740447E-01	3.192519E-01	
265	3.323443E-01	3.325182E-01	3.164492E-01	
266	3.039241E-01	3.753397E-01	3.195786E-01	
267	2.911486E-01	3.270255E-01	3.181729E-01	
268	3.765740E-01	3.145287E-01	3.106799E-01	
269	3.228526E-01	3.569116E-01	3.121576E-01	
270	3.347979E-01	3.273718E-01	3.125192E-01	
271	2.811587E-01	3.185096E-01	3.122751E-01	
272	3.394627E-01	3.190445E-01	3.108631E-01	
273	2.662257E-01	3.039656E-01	3.091831E-01	
274	2.752929E-01	3.138904E-01	3.073503E-01	
275	2.731736E-01	3.175556E-01	3.097400E-01	
276	2.730527E-01	2.754530E-01	3.060352E-01	
277	3.147012E-01	3.079767E-01	3.039933E-01	
278	2.835380E-01	3.210404E-01	3.042163E-01	
279	2.760415E-01	2.748949E-01	3.042146E-01	
280	2.626026E-01	2.968027E-01	3.009064E-01	
281	2.770527E-01	2.880444E-01	3.014709E-01	
282	2.444557E-01	2.959845E-01	3.004408E-01	
283	2.975113E-01	2.716787E-01	2.995595E-01	
284	2.545719E-01	2.634804E-01	2.957389E-01	
285	2.360753E-01	2.812044E-01	2.988404E-01	
286	2.863847E-01	3.084186E-01	2.970590E-01	
287	2.616750E-01	2.804642E-01	2.980072E-01	
288	2.634819E-01	2.862718E-01	2.929620E-01	
289	2.642846E-01	2.678673E-01	2.935707E-01	
290	2.440316E-01	2.881436E-01	2.947295E-01	
291	2.243440E-01	2.975789E-01	2.954859E-01	
292	2.327785E-01	2.954367E-01	2.913637E-01	
293	2.872285E-01	2.877481E-01	2.899498E-01	
294	2.463571E-01	2.918859E-01	2.914591E-01	
295	2.242907E-01	2.976539E-01	2.914241E-01	
296	2.746685E-01	2.699285E-01	2.899300E-01	
297	2.528890E-01	2.831203E-01	2.912714E-01	
298	2.824777E-01	2.834859E-01	2.915519E-01	
299	2.271439E-01	2.508894E-01	2.900094E-01	
300	2.698739E-01	2.821459E-01	2.935803E-01	
301	2.474831E-01	2.645396E-01	2.907732E-01	
302	2.601303E-01	2.736820E-01	2.913383E-01	
303	2.404228E-01	2.893196E-01	2.922007E-01	
304	2.526623E-01	2.969259E-01	2.895272E-01	
305	2.503260E-01	2.893968E-01	2.936903E-01	
306	2.661258E-01	2.635773E-01	2.885892E-01	
307	2.979695E-01	2.787083E-01	2.871226E-01	
308	2.567873E-01	2.606488E-01	2.903268E-01	
309	2.634862E-01	3.034848E-01	2.917392E-01	
310	2.955563E-01	3.095667E-01	2.910718E-01	
311	2.557728E-01	2.781102E-01	2.902483E-01	
312	2.952404E-01	2.865807E-01	2.906191E-01	
313	2.984372E-01	3.220422E-01	2.901565E-01	
314	3.182399E-01	2.858465E-01	2.887066E-01	
315	3.396290E-01	3.105976E-01	2.913016E-01	
316	2.823934E-01	3.154502E-01	2.895365E-01	
317	3.034324E-01	2.954101E-01	2.908026E-01	
318	2.734718E-01	3.007027E-01	2.905323E-01	
319	2.562288E-01	3.077923E-01	2.884504E-01	
320	3.140838E-01	3.039783E-01	2.930607E-01	
321	2.609641E-01	2.909136E-01	2.906563E-01	
322	2.704534E-01	3.206224E-01	2.884438E-01	
323	3.247513E-01	2.918513E-01	2.905014E-01	
324	2.817645E-01	2.849615E-01	2.891605E-01	
325	2.916023E-01	3.080937E-01	2.908311E-01	
326	3.270856E-01	2.825343E-01	2.904963E-01	
327	2.963125E-01	3.054319E-01	2.889713E-01	
328	2.958406E-01	2.743021E-01	2.916012E-01	
329	2.768976E-01	2.681175E-01	2.892919E-01	
330	3.174270E-01	2.914002E-01	2.867641E-01	
331	3.315943E-01	2.766695E-01	2.906107E-01	
332	2.983525E-01	2.778654E-01	2.883358E-01	
333	2.688444E-01	2.853804E-01	2.866236E-01	
334	3.062047E-01	2.713195E-01	2.870063E-01	
335	3.131327E-01	2.931041E-01	2.878364E-01	
336	2.318810E-01	2.541962E-01	2.851707E-01	
337	3.182478E-01	2.726795E-01	2.894994E-01	
338	2.583677E-01	3.016851E-01	2.862731E-01	
339	2.526248E-01	2.717745E-01	2.846657E-01	
340	2.825162E-01	2.730664E-01	2.857926E-01	
341	3.088223E-01	2.668865E-01	2.861400E-01	
342	2.666933E-01	2.733892E-01	2.885904E-01	
343	3.509624E-01	3.118733E-01	2.859515E-01	
344	3.636843E-01	2.879604E-01	2.887799E-01	
345	2.888672E-01	3.010345E-01	2.863551E-01	
346	3.511146E-01	2.893605E-01	2.875024E-01	
347	3.343310E-01	3.084390E-01	2.852120E-01	
348	3.280347E-01	2.946344E-01	2.864208E-01	
349	3.839974E-01	3.038580E-01	2.858710E-01	
350	3.265870E-01	2.751514E-01	2.859089E-01	
351	3.191577E-01	3.118315E-01	2.859662E-01	
352	2.741652E-01	3.238599E-01	2.845439E-01	
353	2.902939E-01	3.114225E-01	2.862536E-01	
354	3.346214E-01	3.154104E-01	2.844396E-01	
355	2.893846E-01	3.188167E-01	2.843567E-01	
356	2.822855E-01	2.862345E-01	2.852285E-01	
357	2.862900E-01	3.168199E-01	2.837656E-01	
358	2.725246E-01	3.091113E-01	2.849489E-01	
359	2.806217E-01	2.947850E-01	2.846528E-01	
360	2.727147E-01	2.964909E-01	2.817365E-01	
361	2.773235E-01	2.767172E-01	2.836584E-01	
362	2.713512E-01	2.467311E-01	2.849883E-01	
363	2.813829E-01	2.877581E-01	2.838958E-01	
364	2.937738E-01	2.727889E-01	2.829092E-01	
365	2.744909E-01	2.749088E-01	2.838984E-01	
366	2.677957E-01	2.650864E-01	2.829123E-01	
367	2.478750E-01	2.743953E-01	2.851865E-01	
368	2.863170E-01	2.610642E-01	2.795297E-01	
369	2.384081E-01	2.749982E-01	2.833857E-01	
370	2.820883E-01	2.641561E-01	2.824753E-01	
371	2.602467E-01	2.805609E-01	2.794658E-01	
372	2.917274E-01	2.650969E-01	2.804389E-01	
373	2.671113E-01	2.564175E-01	2.767272E-01	
374	2.914711E-01	2.564755E-01	2.805925E-01	
375	2.274686E-01	2.533614E-01	2.802817E-01	
376	2.750239E-01	2.429642E-01	2.789552E-01	
377	2.800050E-01	2.530647E-01	2.796939E-01	
378	2.456650E-01	2.808917E-01	2.782822E-01	
379	2.994444E-01	2.469135E-01	2.813848E-01	
380	2.837315E-01	2.584494E-01	2.786765E-01	
381	2.514390E-01	2.632452E-01	2.805383E-01	
382	2.586906E-01	2.639390E-01	2.759643E-01	
383	2.848572E-01	2.762999E-01	2.790508E-01	
384	2.564273E-01	2.442638E-01	2.788799E-01	
385	2.908367E-01	2.638988E-01	2.751398E-01	
386	2.884734E-01	2.930172E-01	2.831825E-01	
387	2.900816E-01	2.519774E-01	2.754954E-01	
388	3.057216E-01	2.662400E-01	2.786964E-01	
389	2.381952E-01	2.339563E-01	2.795447E-01	
390	3.213749E-01	2.524122E-01	2.790509E-01	
391	2.950944E-01	2.449860E-01	2.791542E-01	
392	2.951167E-01	2.783216E-01	2.783143E-01	
393	3.393929E-01	2.394265E-01	2.789477E-01	
394	2.948017E-01	2.659456E-01	2.786564E-01	
395	3.646755E-01	2.368474E-01	2.859761E-01	
396	3.718847E-01	2.328455E-01	2.761914E-01	
397	3.041157E-01	2.777086E-01	2.791611E-01	
398	3.845350E-01	2.608482E-01	2.818113E-01	
399	3.677539E-01	2.569736E-01	2.784440E-01	
400	3.117208E-01	2.330120E-01	2.833534E-01	
401	3.829819E-01	2.364389E-01	2.778220E-01	
402	3.494742E-01	2.539425E-01	2.821820E-01	
403	3.362532E-01	2.111932E-01	2.816882E-01	
404	3.597986E-01	2.391853E-01	2.789495E-01	
405	3.087277E-01	2.437121E-01	2.809909E-01	
406	3.888103E-01	2.422142E-01	2.815495E-01	
407	3.547842E-01	2.568446E-01	2.853407E-01	
408	3.182317E-01	2.476489E-01	2.784522E-01	
409	3.133319E-01	2.242752E-01	2.839995E-01	
410	3.431272E-01	2.412107E-01	2.889940E-01	
411	3.638846E-01	2.779395E-01	2.885474E-01	
412	4.219579E-01	2.616179E-01	2.866787E-01	
413	3.855766E-01	2.459860E-01	2.943880E-01	
414	4.562643E-01	2.282541E-01	2.938410E-01	
415	3.469482E-01	2.486913E-01	2.968263E-01	
416	4.052660E-01	2.778631E-01	2.937172E-01	
417	3.516687E-01	2.777132E-01	2.963301E-01	
418	4.353336E-01	2.972234E-01	2.960225E-01	
419	2.630095E-01	2.940842E-01	2.977419E-01	
420	3.071911E-01	3.297926E-01	2.960441E-01	
421	2.625217E-01	2.922194E-01	2.974947E-01	
422	2.066369E-01	3.164311E-01	2.969406E-01	
423	2.635013E-01	2.881853E-01	2.919845E-01	
424	2.634625E-01	3.009494E-01	2.944833E-01	
425	2.063609E-01	3.084122E-01	2.933399E-01	
426	2.140187E-01	2.787511E-01	2.945763E-01	
427	1.018695E-01	3.232889E-01	2.961657E-01	
428	2.289997E-01	3.034185E-01	2.936074E-01	
429	1.929928E-01	2.790768E-01	2.912974E-01	
430	1.849740E-01	2.889697E-01	2.920012E-01	
431	2.898030E-01	3.114066E-01	2.914477E-01	
432	2.514264E-01	2.768369E-01	2.916766E-01	
433	3.082037E-01	3.418918E-01	2.912056E-01	
434	1.736612E-01	3.355544E-01	2.914144E-01	
435	2.415895E-01	2.977443E-01	2.907709E-01	
436	2.845535E-01	3.227008E-01	2.927227E-01	
437	3.552020E-01	3.451890E-01	2.935719E-01	
438	4.053725E-01	3.144521E-01	2.893733E-01	
439	5.780684E-02	2.996906E-01	2.885519E-01	
440	3.583307E-01	3.008319E-01	2.952844E-01	
441	3.447994E-01	3.555488E-01	2.938976E-01	
442	4.485673E-01	3.097457E-01	2.995249E-01	
443	5.695843E-01	4.048192E-01	2.910337E-01	
444	3.473121E-01	3.007762E-01	3.066294E-01	
445	2.794484E-01	3.871889E-01	3.029389E-01	
446	3.849444E-01	3.203054E-01	2.983325E-01	
447	3.992619E-01	3.171431E-01	2.996744E-01	
448	3.086237E-01	3.393155E-01	3.081367E-01	
449	3.648487E-01	2.926585E-01	3.031329E-01	
450	0	2.949006E-01	3.053653E-01	
451	3.827537E-01	2.758417E-01	3.061037E-01	
452	3.187655E-01	2.715010E-01	2.968126E-01	
453	5.164866E-01	2.836795E-01	3.046987E-01	
454	2.967014E-01	3.129516E-01	3.032586E-01	
455	4.929692E-01	2.756142E-01	2.993930E-01	
456	0	2.680053E-01	3.020074E-01	
457	3.790983E-01	3.217022E-01	3.107573E-01	
458	0	2.935146E-01	3.146562E-01	
459	4.981276E-01	3.401076E-01	3.191286E-01	
460	2.598446E-01	2.605632E-01	3.032695E-01	
461	2.300902E-01	2.984725E-01	3.234538E-01	
462	6.170551E-01	2.242513E-01	2.987913E-01	
463	5.118273E-01	2.998666E-01	3.253024E-01	
464	4.469239E-01	3.080520E-01	3.070519E-01	
465	0	2.008566E-01	3.180445E-01	
466	0	3.364383E-01	3.090816E-01	
467	0	2.841775E-01	3.144257E-01	
468	0	3.248503E-01	3.241804E-01	
469	0	2.517777E-01	3.115039E-01	
470	0	3.328694E-01	3.330250E-01	
471	0	2.129151E-01	3.051385E-01	
472	0	2.787939E-01	3.289442E-01	
473	0	2.538318E-01	3.147154E-01	
474	0	3.305157E-01	3.225698E-01	
475	0	3.071181E-01	3.264269E-01	
476	0	2.581376E-01	3.209079E-01	
477	0	3.293332E-01	3.650681E-01	
478	0	3.410602E-01	3.325787E-01	
479	0	3.776753E-01	3.490649E-01	
480	0	3.994252E-01	3.444757E-01	
481	0	3.871514E-01	3.628142E-01	
482	0	5.590622E-01	3.514897E-01	
483	0	4.326266E-01	3.507687E-01	
484	0	8.424832E-01	4.516580E-01	
485	0	4.876560E-01	3.386812E-01	
486	0	5.889266E-01	4.399063E-01	
487	0	5.136434E-01	3.392864E-01	
488	0	6.136528E-01	4.118169E-01	
489	0	4.599878E-01	3.388590E-01	
490	0	4.853291E-01	3.864127E-01	
491	0	5.558790E-01	4.249008E-01	
492	0	5.627554E-01	3.651376E-01	
493	0	0	4.505212E-01	
494	0	6.607490E-01	3.904321E-01	
495	0	0	5.147414E-01	
496	0	7.857269E-01	3.904802E-01	
497	0	4.878862E-01	4.542168E-01	
498	0	8.782883E-01	4.081254E-01	
499	0	7.762249E-01	4.385151E-01	
500	0	0	0	
501	0	8.187423E-01	4.448585E-01	
502	0	0	0	
503	0	9.063273E-01	4.843922E-01	
504	0	0	0	
505	0	9.223425E-01	4.894091E-01	
506	0	9.747424E-01	4.990757E-01	
507	0	0	0	
508	0	0	5.185984E-01	
509	0	0	0	
510	0	9.160141E-01	5.585955E-01	
511	0	0	0	
512	0	0	5.932145E-01	
513	0	0	0	
514	0	0	0	
515	0	0	6.144277E-01	
516	0	0	0	
517	0	0	6.668839E-01	
518	0	0	0	
519	0	0	7.101817E-01	
520	0	0	0	
521	0	0	0	
522	0	0	0	
523	0	0	0	
524	0	0	0	
525	0	0	0	
526	0	0	0	
527	0	0	0	
528	0	0	0	
529	0	0	0	
530	0	0	0	
531	0	0	0	
532	0	0	0	
533	0	0	0	
534	0	0	0	
535	0	0	0	
536	0	0	0	
537	0	0	0	
538	0	0	0	
539	0	0	0	
540	0	0	0	
541	0	0	0	
542	0	0	0	
543	0	0	0	
544	0	0	0	
545	0	0	0	
546	0	0	0	
547	0	0	0	
548	0	0	0	
549	0	0	0	
550	0	0	0	
551	0	0	0	
552	0	0	0	
553	0	0	0	
554	0	0	0	
555	0	0	0	
556	0	0	0	
557	0	0	0	
558	0	0	0	
559	0	0	0	
560	0	0	0	
561	0	0	0	
562	0	0	0	
563	0	0	0	
564	0	0	0	
565	0	0	0	
566	0	0	0	
567	0	0	0	
568	0	0	0	
569	0	0	0	
570	0	0	0	
571	0	0	0	
572	0	0	0	
573	0	0	0	
574	0	0	0	
575	0	0	0	
576	0	0	0	
577	0	0	0	
578	0	0	0	
579	0	0	0	
580	0	0	0	
581	0	0	0	
582	0	0	0	
583	0	0	0	
584	0	0	0	
585	0	0	0	
586	0	0	0	
587	0	0	0	
588	0	0	0	
589	0	0	0	
590	0	0	0	
591	0	0	0	
592	0	0	0	
593	0	0	0	
594	0	0	0	
595	0	0	0	
596	0	0	0	
597	0	0	0	
598	0	0	0	
599	0	0	0	
#NewRun
0	0	0	0	
1	0	0	0	
2	0	0	0	
3	0	0	0	
4	3.248525E-01	3.352693E-01	0.000000E+00	
5	3.366487E-01	3.343228E-01	1.934894E-01	
6	3.282789E-01	3.268982E-01	6.139966E-01	
7	0	0	0	
8	3.235745E-01	3.338413E-01	4.563264E-01	
9	3.365954E-01	3.354130E-01	3.393781E-01	
10	0	0	0	
11	3.253342E-01	3.372008E-01	4.893290E-01	
12	3.253830E-01	3.296489E-01	3.938495E-01	
13	3.325706E-01	3.267765E-01	2.620223E-01	
14	3.287710E-01	3.311321E-01	3.295739E-01	
15	0	0	0	
16	3.259617E-01	3.306870E-01	3.397728E-01	
17	3.195996E-01	3.256215E-01	2.820120E-01	
18	3.229163E-01	3.310321E-01	3.358999E-01	
19	3.286488E-01	3.335408E-01	3.407185E-01	
20	3.282400E-01	3.332095E-01	3.265501E-01	
21	3.217113E-01	3.282594E-01	3.430909E-01	
22	3.255286E-01	3.249775E-01	3.252682E-01	
23	3.307037E-01	3.281873E-01	2.760665E-01	
24	3.248587E-01	3.313899E-01	4.333430E-01	
25	3.247763E-01	3.284471E-01	3.427682E-01	
26	3.263499E-01	3.282961E-01	3.687971E-01	
27	3.281547E-01	3.342739E-01	3.516382E-01	
28	3.259985E-01	3.270933E-01	3.808270E-01	
29	3.288108E-01	3.272733E-01	3.360330E-01	
30	3.264340E-01	3.278524E-01	3.620303E-01	
31	3.248010E-01	3.271444E-01	3.747525E-01	
32	3.300354E-01	3.280973E-01	3.562830E-01	
33	3.304192E-01	3.285039E-01	3.878818E-01	
34	3.305840E-01	3.300872E-01	3.632199E-01	
35	3.310147E-01	3.299611E-01	3.299258E-01	
36	3.288046E-01	3.247964E-01	3.860828E-01	
37	3.286398E-01	3.278591E-01	3.572852E-01	
38	3.292687E-01	3.266501E-01	3.245948E-01	
39	3.308836E-01	3.275390E-01	3.828511E-01	
40	3.284902E-01	3.263638E-01	3.509413E-01	
41	3.291457E-01	3.252562E-01	3.895862E-01	
42	3.292432E-01	3.270677E-01	3.967696E-01	
43	3.310679E-01	3.229513E-01	3.993828E-01	
44	3.276207E-01	3.235434E-01	3.993951E-01	
45	3.300165E-01	3.240489E-01	3.590021E-01	
46	3.249430E-01	3.230425E-01	3.849884E-01	
47	3.247759E-01	3.209239E-01	3.764720E-01	
48	3.254064E-01	3.209431E-01	3.948838E-01	
49	3.237828E-01	3.189853E-01	3.826888E-01	
50	3.231267E-01	3.212040E-01	3.730215E-01	
51	3.236082E-01	3.218202E-01	3.416208E-01	
52	3.232317E-01	3.171994E-01	3.638991E-01	
53	3.195982E-01	3.181693E-01	3.573368E-01	
54	3.195872E-01	3.174550E-01	3.673761E-01	
55	3.198376E-01	3.163598E-01	3.539434E-01	
56	3.190904E-01	3.162511E-01	3.714936E-01	
57	3.172325E-01	3.148312E-01	3.526864E-01	
58	3.173768E-01	3.143648E-01	3.326354E-01	
59	3.166823E-01	3.138649E-01	3.385028E-01	
60	3.161952E-01	3.117871E-01	3.447123E-01	
61	3.149949E-01	3.131559E-01	3.449759E-01	
62	3.146017E-01	3.117531E-01	3.235666E-01	
63	3.134667E-01	3.116547E-01	3.378359E-01	
64	3.124362E-01	3.094262E-01	3.424550E-01	
65	3.103549E-01	3.085515E-01	3.253106E-01	
66	3.101307E-01	3.093857E-01	3.240824E-01	
67	3.089734E-01	3.081768E-01	3.243453E-01	
68	3.077669E-01	3.072081E-01	3.234455E-01	
69	3.079938E-01	3.069692E-01	3.206695E-01	
70	3.058809E-01	3.039417E-01	3.132861E-01	
71	3.063100E-01	3.056117E-01	3.234295E-01	
72	3.027808E-01	3.039450E-01	3.238937E-01	
73	3.019606E-01	3.033967E-01	3.078065E-01	
74	3.011174E-01	3.016363E-01	3.120598E-01	
75	3.006015E-01	3.021952E-01	3.071725E-01	
76	2.995704E-01	3.000568E-01	3.160961E-01	
77	2.991746E-01	2.994484E-01	3.113591E-01	
78	2.986963E-01	2.983312E-01	3.166950E-01	
79	2.979288E-01	2.984423E-01	3.048395E-01	
80	2.974244E-01	2.970998E-01	3.037787E-01	
81	2.966607E-01	2.976267E-01	3.049557E-01	
82	2.960827E-01	2.966001E-01	2.923154E-01	
83	2.954954E-01	2.970393E-01	3.045807E-01	
84	2.947910E-01	2.960989E-01	2.869391E-01	
85	2.953784E-01	2.970111E-01	2.926888E-01	
86	2.946817E-01	2.973190E-01	2.837544E-01	
87	2.948203E-01	2.985578E-01	2.842404E-01	
88	2.952089E-01	2.975554E-01	2.833195E-01	
89	2.958927E-01	2.987839E-01	2.751075E-01	
90	2.970619E-01	2.996777E-01	2.782113E-01	
91	2.964685E-01	2.996701E-01	2.786381E-01	
92	2.988275E-01	3.011287E-01	2.686673E-01	
93	2.989261E-01	3.022770E-01	2.707035E-01	
94	3.001829E-01	3.033215E-01	2.620722E-01	
95	3.015407E-01	3.033333E-01	2.647316E-01	
96	3.032740E-01	3.057929E-01	2.631958E-01	
97	3.053111E-01	3.067101E-01	2.591185E-01	
98	3.065299E-01	3.086085E-01	2.618033E-01	
99	3.080105E-01	3.094418E-01	2.538633E-01	
100	3.100335E-01	3.124938E-01	2.553041E-01	
101	3.125018E-01	3.150682E-01	2.546631E-01	
102	3.131103E-01	3.164494E-01	2.523784E-01	
103	3.157279E-01	3.181521E-01	2.526524E-01	
104	3.188381E-01	3.211809E-01	2.484435E-01	
105	3.213050E-01	3.237735E-01	2.488105E-01	
106	3.234923E-01	3.262462E-01	2.464869E-01	
107	3.268400E-01	3.293102E-01	2.474092E-01	
108	3.275133E-01	3.324026E-01	2.462109E-01	
109	3.320274E-01	3.357815E-01	2.455849E-01	
110	3.353686E-01	3.399410E-01	2.462010E-01	
111	3.371061E-01	3.418095E-01	2.447333E-01	
112	3.414730E-01	3.471625E-01	2.456901E-01	
113	3.452969E-01	3.502764E-01	2.462794E-01	
114	3.469814E-01	3.543975E-01	2.454220E-01	
115	3.509038E-01	3.582457E-01	2.453857E-01	
116	3.541924E-01	3.631436E-01	2.447200E-01	
117	3.587255E-01	3.679106E-01	2.446448E-01	
118	3.633563E-01	3.720068E-01	2.447123E-01	
119	3.648872E-01	3.759808E-01	2.466099E-01	
120	3.678184E-01	3.825034E-01	2.493899E-01	
121	3.748094E-01	3.863640E-01	2.501590E-01	
122	3.759058E-01	3.898548E-01	2.497216E-01	
123	3.811913E-01	3.934581E-01	2.492923E-01	
124	3.857326E-01	4.010188E-01	2.520006E-01	
125	3.886269E-01	4.046694E-01	2.533373E-01	
126	3.940681E-01	4.103587E-01	2.530583E-01	
127	3.971850E-01	4.145417E-01	2.563810E-01	
128	4.039907E-01	4.215032E-01	2.590447E-01	
129	4.069783E-01	4.249143E-01	2.594640E-01	
130	4.110859E-01	4.304269E-01	2.623988E-01	
131	4.158151E-01	4.346994E-01	2.644553E-01	
132	4.225259E-01	4.400101E-01	2.683064E-01	
133	4.245218E-01	4.444635E-01	2.692884E-01	
134	4.334804E-01	4.496106E-01	2.714520E-01	
135	4.372000E-01	4.538656E-01	2.750588E-01	
136	4.423036E-01	4.589490E-01	2.793303E-01	
137	4.468520E-01	4.655378E-01	2.792682E-01	
138	4.511558E-01	4.696735E-01	2.834907E-01	
139	4.570779E-01	4.739323E-01	2.853397E-01	
140	4.632222E-01	4.823590E-01	2.895476E-01	
141	4.690840E-01	4.893992E-01	2.924881E-01	
142	4.739030E-01	4.934748E-01	2.959343E-01	
143	4.794310E-01	4.983373E-01	2.988402E-01	
144	4.844503E-01	5.054768E-01	3.010496E-01	
145	4.899637E-01	5.113827E-01	3.081058E-01	
146	4.977293E-01	5.172442E-01	3.112328E-01	
147	5.025941E-01	5.181850E-01	3.117812E-01	
148	5.093899E-01	5.276849E-01	3.159502E-01	
149	5.163753E-01	5.333453E-01	3.176358E-01	
150	5.229378E-01	5.378863E-01	3.212220E-01	
151	5.283013E-01	5.400733E-01	3.230138E-01	
152	5.355731E-01	5.499975E-01	3.287814E-01	
153	5.390514E-01	5.522826E-01	3.313793E-01	
154	5.466653E-01	5.595415E-01	3.338650E-01	
155	5.523075E-01	5.628874E-01	3.380676E-01	
156	5.601696E-01	5.711747E-01	3.414754E-01	
157	5.628070E-01	5.780884E-01	3.447704E-01	
158	5.689938E-01	5.775904E-01	3.476199E-01	
159	5.773583E-01	5.866791E-01	3.500030E-01	
160	5.814479E-01	5.950442E-01	3.552174E-01	
161	5.909474E-01	5.947038E-01	3.560641E-01	
162	5.900869E-01	5.988104E-01	3.608728E-01	
163	5.980446E-01	6.036250E-01	3.624660E-01	
164	6.028900E-01	6.128433E-01	3.645854E-01	
165	6.090285E-01	6.160830E-01	3.683153E-01	
166	6.173253E-01	6.180716E-01	3.705052E-01	
167	6.177337E-01	6.259954E-01	3.727764E-01	
168	6.222281E-01	6.244333E-01	3.776502E-01	
169	6.345749E-01	6.317528E-01	3.778429E-01	
170	6.379389E-01	6.357640E-01	3.785696E-01	
171	6.410505E-01	6.381078E-01	3.804519E-01	
172	6.496747E-01	6.365794E-01	3.828161E-01	
173	6.543503E-01	6.443429E-01	3.829392E-01	
174	6.521301E-01	6.437239E-01	3.834008E-01	
175	6.549258E-01	6.479965E-01	3.829871E-01	
176	6.689700E-01	6.437898E-01	3.887319E-01	
177	6.674841E-01	6.386981E-01	3.874785E-01	
178	6.769745E-01	6.380720E-01	3.889916E-01	
179	6.762786E-01	6.461901E-01	3.877984E-01	
180	6.828192E-01	6.389578E-01	3.906610E-01	
181	6.887676E-01	6.363341E-01	3.912149E-01	
182	6.903540E-01	6.411189E-01	3.897009E-01	
183	7.024838E-01	6.326408E-01	3.916652E-01	
184	7.066719E-01	6.386460E-01	3.937729E-01	
185	7.071536E-01	6.359695E-01	3.934603E-01	
186	7.130657E-01	6.319587E-01	3.899066E-01	
187	7.216343E-01	6.504218E-01	3.900609E-01	
188	7.273764E-01	6.298304E-01	3.894294E-01	
189	7.351969E-01	6.391166E-01	3.893664E-01	
190	7.449705E-01	6.082609E-01	3.852658E-01	
191	7.343994E-01	5.970606E-01	3.854614E-01	
192	7.580393E-01	5.957496E-01	3.876227E-01	
193	7.546799E-01	5.874177E-01	3.847463E-01	
194	7.475372E-01	5.806582E-01	3.846643E-01	
195	7.746561E-01	6.001278E-01	3.833360E-01	
196	7.624302E-01	5.785656E-01	3.854598E-01	
197	7.583023E-01	5.884805E-01	3.819038E-01	
198	7.747275E-01	5.621871E-01	3.833248E-01	
199	7.778306E-01	5.506542E-01	3.793385E-01	
200	7.805190E-01	5.371806E-01	3.774057E-01	
201	7.878567E-01	5.581699E-01	3.790684E-01	
202	7.736376E-01	5.379119E-01	3.750352E-01	
203	7.946679E-01	5.647328E-01	3.738425E-01	
204	7.930916E-01	5.125645E-01	3.768060E-01	
205	7.879562E-01	5.598479E-01	3.725531E-01	
206	7.929984E-01	5.242269E-01	3.749525E-01	
207	7.826187E-01	5.150654E-01	3.724849E-01	
208	7.970158E-01	5.312712E-01	3.713652E-01	
209	8.005921E-01	5.089903E-01	3.654989E-01	
210	8.027071E-01	4.954733E-01	3.711210E-01	
211	8.149235E-01	5.245141E-01	3.663231E-01	
212	7.997157E-01	4.974929E-01	3.644236E-01	
213	8.058917E-01	4.957411E-01	3.669826E-01	
214	7.955792E-01	4.669104E-01	3.651167E-01	
215	8.062306E-01	4.536992E-01	3.636199E-01	
216	7.789589E-01	4.989339E-01	3.623318E-01	
217	7.922954E-01	4.904468E-01	3.572826E-01	
218	8.119234E-01	4.848371E-01	3.603479E-01	
219	7.940955E-01	4.490276E-01	3.584918E-01	
220	8.106458E-01	4.782596E-01	3.536920E-01	
221	8.152295E-01	4.672951E-01	3.514127E-01	
222	8.303043E-01	4.404641E-01	3.522639E-01	
223	8.449429E-01	4.456071E-01	3.526613E-01	
224	8.400389E-01	4.424528E-01	3.499120E-01	
225	8.401798E-01	4.126689E-01	3.515457E-01	
226	8.254691E-01	4.351002E-01	3.488448E-01	
227	7.878903E-01	4.067068E-01	3.504219E-01	
228	8.355291E-01	4.102595E-01	3.481826E-01	
229	7.821866E-01	4.108825E-01	3.495394E-01	
230	7.874922E-01	3.917935E-01	3.465867E-01	
231	7.048222E-01	3.631024E-01	3.454552E-01	
232	7.794294E-01	3.961074E-01	3.428381E-01	
233	6.653019E-01	3.607756E-01	3.417248E-01	
234	7.168685E-01	3.875332E-01	3.426390E-01	
235	6.836218E-01	3.705732E-01	3.422825E-01	
236	7.564141E-01	3.796613E-01	3.392277E-01	
237	6.528693E-01	3.711437E-01	3.356470E-01	
238	5.588191E-01	3.549480E-01	3.360138E-01	
239	5.712335E-01	3.537445E-01	3.363297E-01	
240	4.568943E-01	3.408272E-01	3.330303E-01	
241	5.253860E-01	3.501322E-01	3.357296E-01	
242	4.237254E-01	3.319687E-01	3.289837E-01	
243	3.394890E-01	3.081894E-01	3.310516E-01	
244	4.493245E-01	3.256708E-01	3.297775E-01	
245	4.329942E-01	3.462420E-01	3.289035E-01	
246	3.818557E-01	3.458959E-01	3.318453E-01	
247	3.540187E-01	3.563780E-01	3.309630E-01	
248	4.575888E-01	3.293991E-01	3.285572E-01	
249	4.960375E-01	3.303968E-01	3.272751E-01	
250	4.563454E-01	3.449214E-01	3.312071E-01	
251	3.072840E-01	3.432421E-01	3.292281E-01	
252	4.265769E-01	3.265938E-01	3.280081E-01	
253	4.933918E-01	3.308209E-01	3.253758E-01	
254	2.753006E-01	3.108749E-01	3.255537E-01	
255	4.097416E-01	3.184199E-01	3.261369E-01	
256	3.952482E-01	3.234802E-01	3.238705E-01	
257	3.306658E-01	3.163336E-01	3.222533E-01	
258	3.369523E-01	3.396643E-01	3.229638E-01	
259	3.779640E-01	3.432033E-01	3.214079E-01	
260	2.930170E-01	2.986469E-01	3.185720E-01	
261	4.071400E-01	3.200060E-01	3.190698E-01	
262	3.678904E-01	3.091419E-01	3.179337E-01	
263	2.908370E-01	3.311349E-01	3.194244E-01	
264	3.810072E-01	3.228264E-01	3.173873E-01	
265	4.008955E-01	3.070901E-01	3.126620E-01	
266	3.649827E-01	3.154681E-01	3.162293E-01	
267	3.756641E-01	2.965073E-01	3.147300E-01	
268	3.290235E-01	3.131348E-01	3.134239E-01	
269	4.046076E-01	3.129037E-01	3.107107E-01	
270	3.571369E-01	3.201622E-01	3.120305E-01	
271	4.122331E-01	3.255386E-01	3.091954E-01	
272	4.195784E-01	3.010543E-01	3.080267E-01	
273	3.423342E-01	3.112861E-01	3.062622E-01	
274	3.196314E-01	2.993000E-01	3.053298E-01	
275	3.144378E-01	3.250932E-01	3.055884E-01	
276	3.783692E-01	3.136577E-01	3.019714E-01	
277	4.166251E-01	3.306385E-01	3.025756E-01	
278	4.148886E-01	3.063638E-01	3.028842E-01	
279	3.579066E-01	3.158504E-01	3.030258E-01	
280	4.713414E-01	3.169333E-01	3.020549E-01	
281	4.557244E-01	2.700562E-01	2.987400E-01	
282	5.366235E-01	2.839027E-01	2.994931E-01	
283	3.700178E-01	2.955606E-01	2.983080E-01	
284	3.746388E-01	2.929555E-01	2.982404E-01	
285	3.213224E-01	2.963298E-01	2.986659E-01	
286	2.043022E-01	3.072791E-01	2.977889E-01	
287	3.211282E-01	3.220434E-01	2.969826E-01	
288	3.530133E-01	2.989150E-01	2.915858E-01	
289	3.006405E-01	3.032109E-01	2.944152E-01	
290	4.210157E-01	2.954588E-01	2.911274E-01	
291	3.315530E-01	2.884054E-01	2.929243E-01	
292	3.903014E-01	2.946805E-01	2.904876E-01	
293	4.479629E-01	2.964007E-01	2.900057E-01	
294	4.602104E-01	2.906786E-01	2.905639E-01	
295	3.635729E-01	2.692776E-01	2.903847E-01	
296	4.910583E-01	2.995917E-01	2.882264E-01	
297	1.929881E-01	2.850084E-01	2.916946E-01	
298	3.468599E-01	2.931820E-01	2.899189E-01	
299	2.723359E-01	2.724027E-01	2.877132E-01	
300	3.450939E-01	2.864467E-01	2.900691E-01	
301	2.999522E-01	3.002478E-01	2.873798E-01	
302	3.405407E-01	2.923681E-01	2.888455E-01	
303	3.496361E-01	3.064614E-01	2.914647E-01	
304	3.250967E-01	2.995604E-01	2.876406E-01	
305	2.928817E-01	2.904143E-01	2.897824E-01	
306	4.166089E-01	2.852157E-01	2.863743E-01	
307	3.816673E-01	2.910793E-01	2.881164E-01	
308	0	2.907534E-01	2.904482E-01	
309	0	2.855106E-01	2.890564E-01	
310	4.476790E-01	2.870331E-01	2.885336E-01	
311	4.248023E-01	3.126737E-01	2.884989E-01	
312	4.801818E-01	2.902823E-01	2.913640E-01	
313	0	3.036218E-01	2.870405E-01	
314	4.511901E-01	3.002633E-01	2.893633E-01	
315	0	2.906001E-01	2.892958E-01	
316	0	2.889341E-01	2.898553E-01	
317	0	2.977806E-01	2.876084E-01	
318	0	2.912133E-01	2.905766E-01	
319	0	2.863607E-01	2.920572E-01	
320	0	3.140139E-01	2.867978E-01	
321	0	2.816670E-01	2.940676E-01	
322	0	2.838002E-01	2.863956E-01	
323	0	2.751558E-01	2.906627E-01	
324	0	2.753882E-01	2.872726E-01	
325	0	2.875126E-01	2.911344E-01	
326	0	2.901788E-01	2.886458E-01	
327	0	2.734054E-01	2.888030E-01	
328	0	2.551625E-01	2.910260E-01	
329	0	2.584395E-01	2.887961E-01	
330	0	2.479904E-01	2.875046E-01	
331	0	2.518020E-01	2.900211E-01	
332	0	2.604380E-01	2.858247E-01	
333	0	2.625654E-01	2.878178E-01	
334	0	2.679297E-01	2.884702E-01	
335	0	2.631850E-01	2.888198E-01	
336	0	2.604773E-01	2.877000E-01	
337	0	2.646810E-01	2.886774E-01	
338	0	2.681462E-01	2.872261E-01	
339	0	2.557740E-01	2.882539E-01	
340	0	2.774047E-01	2.875573E-01	
341	0	2.733898E-01	2.877292E-01	
342	0	2.844734E-01	2.888714E-01	
343	0	2.900044E-01	2.843499E-01	
344	0	2.681764E-01	2.896570E-01	
345	0	2.703122E-01	2.876279E-01	
346	0	2.813314E-01	2.866245E-01	
347	0	2.812076E-01	2.843439E-01	
348	0	3.145814E-01	2.904027E-01	
349	0	2.975741E-01	2.876437E-01	
350	0	2.992844E-01	2.884856E-01	
351	0	3.022652E-01	2.894303E-01	
352	0	3.107505E-01	2.872513E-01	
353	0	2.931031E-01	2.855391E-01	
354	0	2.844831E-01	2.877252E-01	
355	0	2.876492E-01	2.848667E-01	
356	0	2.859093E-01	2.844887E-01	
357	0	3.010574E-01	2.822956E-01	
358	0	2.965070E-01	2.861320E-01	
359	0	2.684744E-01	2.857476E-01	
360	0	2.977733E-01	2.828778E-01	
361	0	2.943858E-01	2.830799E-01	
362	0	2.798404E-01	2.829208E-01	
363	0	2.998869E-01	2.823603E-01	
364	0	2.997694E-01	2.830265E-01	
365	0	3.065245E-01	2.818198E-01	
366	0	3.042906E-01	2.788132E-01	
367	0	2.900109E-01	2.837015E-01	
368	0	3.085232E-01	2.772074E-01	
369	0	3.040979E-01	2.818911E-01	
370	0	2.777842E-01	2.806449E-01	
371	0	2.825111E-01	2.759772E-01	
372	0	2.941419E-01	2.797346E-01	
373	0	2.710908E-01	2.746758E-01	
374	0	3.182714E-01	2.777243E-01	
375	0	2.469495E-01	2.778997E-01	
376	0	2.567476E-01	2.781744E-01	
377	0	2.765034E-01	2.785175E-01	
378	0	2.794973E-01	2.799861E-01	
379	0	2.967446E-01	2.755149E-01	
380	0	2.940184E-01	2.778687E-01	
381	0	2.740357E-01	2.809254E-01	
382	0	2.399044E-01	2.729124E-01	
383	0	2.955173E-01	2.809247E-01	
384	0	3.082536E-01	2.781158E-01	
385	0	2.676942E-01	2.759061E-01	
386	0	3.018454E-01	2.807772E-01	
387	0	2.705998E-01	2.745623E-01	
388	0	2.690078E-01	2.801743E-01	
389	0	2.723793E-01	2.789973E-01	
390	0	2.507375E-01	2.759764E-01	
391	0	2.610267E-01	2.765548E-01	
392	0	2.733674E-01	2.780405E-01	
393	0	2.670256E-01	2.744936E-01	
394	0	3.123405E-01	2.779065E-01	
395	0	3.074362E-01	2.821838E-01	
396	0	2.981613E-01	2.764358E-01	
397	0	2.836960E-01	2.835952E-01	
398	0	2.743730E-01	2.788287E-01	
399	0	2.847300E-01	2.816950E-01	
400	0	2.782656E-01	2.801737E-01	
401	0	2.872169E-01	2.775094E-01	
402	0	2.674267E-01	2.807422E-01	
403	0	2.544113E-01	2.766091E-01	
404	0	2.349025E-01	2.797381E-01	
405	0	2.951827E-01	2.845221E-01	
406	0	2.846172E-01	2.821117E-01	
407	0	2.714087E-01	2.848807E-01	
408	0	2.543489E-01	2.822958E-01	
409	0	3.042678E-01	2.839061E-01	
410	0	3.164210E-01	2.905651E-01	
411	0	2.905279E-01	2.919569E-01	
412	0	2.908996E-01	2.861770E-01	
413	0	3.390455E-01	2.946401E-01	
414	0	2.888014E-01	2.932066E-01	
415	0	3.348436E-01	2.960275E-01	
416	0	3.217534E-01	2.951123E-01	
417	0	3.002355E-01	2.945453E-01	
418	0	3.665132E-01	2.985164E-01	
419	0	3.093554E-01	2.973742E-01	
420	0	2.574653E-01	2.933834E-01	
421	0	2.665433E-01	2.982279E-01	
422	0	2.697962E-01	2.959609E-01	
423	0	2.704622E-01	2.949083E-01	
424	0	2.607244E-01	2.931776E-01	
425	0	2.831605E-01	2.939095E-01	
426	0	2.291437E-01	2.948109E-01	
427	0	2.409961E-01	2.897442E-01	
428	0	2.877033E-01	2.892114E-01	
429	0	2.671504E-01	2.877149E-01	
430	0	2.165328E-01	2.869892E-01	
431	0	2.811375E-01	2.885769E-01	
432	0	2.106574E-01	2.884102E-01	
433	0	2.267047E-01	2.930766E-01	
434	0	2.096787E-01	2.855168E-01	
435	0	2.487801E-01	2.874120E-01	
436	0	2.200749E-01	2.857789E-01	
437	0	2.093981E-01	2.885193E-01	
438	0	2.512233E-01	2.878962E-01	
439	0	2.600023E-01	2.788283E-01	
440	0	2.677308E-01	2.946302E-01	
441	0	2.614318E-01	2.773803E-01	
442	0	2.974423E-01	2.907595E-01	
443	0	3.017441E-01	2.851112E-01	
444	0	3.693158E-01	2.959630E-01	
445	0	3.214478E-01	2.929457E-01	
446	0	2.885396E-01	2.880762E-01	
447	0	2.951604E-01	2.887529E-01	
448	0	2.856995E-01	2.966175E-01	
449	0	4.053075E-01	2.950392E-01	
450	0	3.546195E-01	2.914084E-01	
451	0	3.533866E-01	2.887145E-01	
452	0	3.835954E-01	2.955450E-01	
453	0	3.506381E-01	2.923236E-01	
454	0	4.087025E-01	2.999026E-01	
455	0	3.635398E-01	2.923226E-01	
456	0	3.597206E-01	2.984358E-01	
457	0	3.485373E-01	2.935462E-01	
458	0	4.660823E-01	2.957087E-01	
459	0	2.913299E-01	2.923103E-01	
460	0	3.595443E-01	2.896967E-01	
461	0	3.250941E-01	3.020255E-01	
462	0	3.744912E-01	2.897294E-01	
463	0	5.082609E-01	3.066055E-01	
464	0	2.974827E-01	3.039955E-01	
465	0	5.332904E-01	3.079785E-01	
466	0	2.749608E-01	3.060069E-01	
467	0	1.527882E-01	3.135691E-01	
468	0	2.819824E-01	3.113244E-01	
469	0	2.308176E-01	3.066069E-01	
470	0	4.881088E-01	3.316235E-01	
471	0	1.722745E-01	3.025941E-01	
472	0	2.246036E-01	3.379355E-01	
473	0	2.557100E-01	2.949031E-01	
474	0	1.687304E-01	3.263983E-01	
475	0	3.088152E-01	3.057713E-01	
476	0	1.280284E-01	3.223007E-01	
477	0	9.381814E-02	3.627765E-01	
478	0	2.470802E-01	3.027953E-01	
479	0	1.748387E-01	3.726820E-01	
480	0	2.489746E-01	3.032065E-01	
481	0	1.338789E-01	3.581319E-01	
482	0	1.840030E-01	3.074101E-01	
483	0	3.542584E-01	3.409444E-01	
484	0	1.917929E-01	4.067981E-01	
485	0	3.329639E-01	3.171619E-01	
486	0	4.256287E-01	4.210227E-01	
487	0	3.047977E-01	3.326883E-01	
488	0	3.848344E-01	3.999465E-01	
489	0	3.529930E-01	3.394353E-01	
490	0	0	3.822934E-01	
491	0	0	3.684080E-01	
492	0	4.069070E-01	3.814469E-01	
493	0	0	4.779644E-01	
494	0	0	3.911326E-01	
495	0	0	5.112730E-01	
496	0	0	4.064259E-01	
497	0	0	4.547852E-01	
498	0	0	4.026293E-01	
499	0	0	4.275697E-01	
500	0	0	0	
501	0	0	4.586384E-01	
502	0	0	0	
503	0	0	4.771744E-01	
504	0	0	0	
505	0	0	4.997818E-01	
506	0	0	5.838763E-01	
507	0	0	0	
508	0	0	5.345518E-01	
509	0	0	0	
510	0	0	5.779152E-01	
511	0	0	0	
512	0	0	6.150193E-01	
513	0	0	0	
514	0	0	0	
515	0	0	7.064358E-01	
516	0	0	0	
517	0	0	7.479550E-01	
518	0	0	0	
519	0	0	8.671006E-01	
520	0	0	0	
521	0	0	0	
522	0	0	0	
523	0	0	0	
524	0	0	0	
525	0	0	0	
526	0	0	0	
527	0	0	0	
528	0	0	0	
529	0	0	0	
530	0	0	0	
531	0	0	0	
532	0	0	0	
533	0	0	0	
534	0	0	0	
535	0	0	0	
536	0	0	0	
537	0	0	0	
538	0	0	0	
539	0	0	0	
540	0	0	0	
541	0	0	0	
542	0	0	0	
543	0	0	0	
544	0	0	0	
545	0	0	0	
546	0	0	0	
547	0	0	0	
548	0	0	0	
549	0	0	0	
550	0	0	0	
551	0	0	0	
552	0	0	0	
553	0	0	0	
554	0	0	0	
555	0	0	0	
556	0	0	0	
557	0	0	0	
558	0	0	0	
559	0	0	0	
560	0	0	0	
561	0	0	0	
562	0	0	0	
563	0	0	0	
564	0	0	0	
565	0	0	0	
566	0	0	0	
567	0	0	0	
568	0	0	0	
569	0	0	0	
570	0	0	0	
571	0	0	0	
572	0	0	0	
573	0	0	0	
574	0	0	0	
575	0	0	0	
576	0	0	0	
577	0	0	0	
578	0	0	0	
579	0	0	0	
580	0	0	0	
581	0	0	0	
582	0	0	0	
583	0	0	0	
584	0	0	0	
585	0	0	0	
586	0	0	0	
587	0	0	0	
588	0	0	0	
589	0	0	0	
590	0	0	0	
591	0	0	0	
592	0	0	0	
593	0	0	0	
594	0	0	0	
595	0	0	0	
596	0	0	0	
597	0	0	0	
598	0	0	0	
599	0	0	0	
#NewRun
