#COM_Bin	Avg_cosine_squared
#Order is chain type
0	0	0	0	
1	0	0	0	
2	0	0	0	
3	0	0	0	
4	3.263048E-01	3.365379E-01	3.636364E-02	
5	3.207755E-01	3.285040E-01	0	
6	3.359387E-01	3.367285E-01	0	
7	0	0	0	
8	3.314455E-01	3.295866E-01	0	
9	3.294372E-01	3.279041E-01	0	
10	0	0	0	
11	3.239938E-01	3.279754E-01	0	
12	3.356421E-01	3.324643E-01	3.933137E-03	
13	3.349848E-01	3.298226E-01	0	
14	3.329555E-01	3.364028E-01	2.477034E-01	
15	0	0	0	
16	3.397976E-01	3.365591E-01	3.210477E-01	
17	3.315633E-01	3.305592E-01	2.841434E-01	
18	3.368056E-01	3.325643E-01	9.513514E-01	
19	3.440521E-01	3.369189E-01	0	
20	3.350395E-01	3.341539E-01	5.925926E-02	
21	3.373955E-01	3.326948E-01	5.000185E-01	
22	3.310819E-01	3.345546E-01	2.586207E-02	
23	3.307118E-01	3.324336E-01	1.712374E-01	
24	3.337088E-01	3.298576E-01	2.937046E-01	
25	3.297174E-01	3.316850E-01	3.222903E-01	
26	3.303966E-01	3.277936E-01	0	
27	3.252040E-01	3.345466E-01	0	
28	3.329632E-01	3.303996E-01	4.238219E-01	
29	3.306117E-01	3.328051E-01	3.021893E-01	
30	3.253962E-01	3.328600E-01	3.849798E-02	
31	3.229465E-01	3.276729E-01	2.124670E-01	
32	3.254926E-01	3.295346E-01	5.378781E-01	
33	3.309599E-01	3.303408E-01	3.324052E-01	
34	3.312467E-01	3.292158E-01	2.470728E-01	
35	3.269458E-01	3.300881E-01	3.057038E-01	
36	3.299156E-01	3.292935E-01	4.854207E-01	
37	3.296546E-01	3.290927E-01	3.118955E-01	
38	3.260753E-01	3.286594E-01	2.725617E-01	
39	3.310297E-01	3.283894E-01	4.258040E-01	
40	3.254494E-01	3.263547E-01	3.037882E-01	
41	3.279104E-01	3.261127E-01	4.394600E-01	
42	3.285335E-01	3.254098E-01	5.110227E-01	
43	3.261353E-01	3.248825E-01	5.252886E-01	
44	3.250552E-01	3.231110E-01	3.254569E-01	
45	3.242771E-01	3.229539E-01	2.813582E-01	
46	3.262161E-01	3.208535E-01	3.310427E-01	
47	3.245661E-01	3.202082E-01	4.508311E-01	
48	3.239696E-01	3.209025E-01	3.983694E-01	
49	3.246567E-01	3.184816E-01	4.034935E-01	
50	3.239339E-01	3.187841E-01	5.080405E-01	
51	3.236202E-01	3.175145E-01	2.164732E-01	
52	3.208864E-01	3.178712E-01	3.851047E-01	
53	3.185595E-01	3.161162E-01	4.041310E-01	
54	3.200289E-01	3.160837E-01	3.105744E-01	
55	3.191999E-01	3.151148E-01	1.285764E-01	
56	3.169197E-01	3.154316E-01	3.986584E-01	
57	3.167813E-01	3.148469E-01	3.770142E-01	
58	3.165028E-01	3.134322E-01	3.877024E-01	
59	3.157615E-01	3.125093E-01	2.673877E-01	
60	3.146233E-01	3.131342E-01	3.799809E-01	
61	3.145401E-01	3.132519E-01	4.211779E-01	
62	3.112292E-01	3.111290E-01	3.335209E-01	
63	3.095357E-01	3.110504E-01	4.065091E-01	
64	3.094554E-01	3.104290E-01	3.207859E-01	
65	3.093649E-01	3.094194E-01	4.034363E-01	
66	3.078488E-01	3.089492E-01	3.376285E-01	
67	3.085132E-01	3.084824E-01	3.210679E-01	
68	3.070218E-01	3.088868E-01	3.430383E-01	
69	3.060331E-01	3.070573E-01	3.425254E-01	
70	3.052231E-01	3.074533E-01	3.226335E-01	
71	3.063485E-01	3.062424E-01	3.736533E-01	
72	3.058093E-01	3.052388E-01	2.982422E-01	
73	3.031829E-01	3.046217E-01	3.574531E-01	
74	3.035865E-01	3.038427E-01	3.858328E-01	
75	3.020139E-01	3.038095E-01	3.102585E-01	
76	3.032353E-01	3.039784E-01	2.677789E-01	
77	3.011449E-01	3.031756E-01	3.217027E-01	
78	3.017685E-01	3.021995E-01	2.973179E-01	
79	3.003178E-01	3.025026E-01	3.474335E-01	
80	3.007011E-01	3.028752E-01	3.589364E-01	
81	2.981779E-01	3.008506E-01	2.818911E-01	
82	3.000629E-01	3.023454E-01	3.189022E-01	
83	2.992947E-01	3.011648E-01	3.221311E-01	
84	2.989310E-01	3.001959E-01	2.793322E-01	
85	2.979644E-01	3.012789E-01	3.048378E-01	
86	2.989294E-01	2.999891E-01	2.323212E-01	
87	2.984034E-01	3.012985E-01	3.288464E-01	
88	2.972600E-01	3.014959E-01	2.888354E-01	
89	2.970680E-01	3.015136E-01	3.302250E-01	
90	2.995234E-01	3.018085E-01	2.533503E-01	
91	2.981116E-01	3.005227E-01	2.848779E-01	
92	2.974529E-01	3.037843E-01	2.678429E-01	
93	2.998607E-01	3.025655E-01	2.557416E-01	
94	3.000763E-01	3.030531E-01	2.921206E-01	
95	3.011387E-01	3.040566E-01	2.891263E-01	
96	3.016649E-01	3.052413E-01	2.852869E-01	
97	3.039558E-01	3.063106E-01	3.004940E-01	
98	3.045844E-01	3.073274E-01	2.829243E-01	
99	3.054462E-01	3.091953E-01	2.663773E-01	
100	3.065108E-01	3.099911E-01	2.765437E-01	
101	3.093573E-01	3.125115E-01	2.752574E-01	
102	3.103158E-01	3.141973E-01	2.594106E-01	
103	3.126173E-01	3.167294E-01	2.938754E-01	
104	3.141030E-01	3.181875E-01	2.981383E-01	
105	3.181123E-01	3.213443E-01	2.745800E-01	
106	3.183178E-01	3.244737E-01	2.792285E-01	
107	3.218790E-01	3.268714E-01	3.059922E-01	
108	3.244227E-01	3.297459E-01	2.850228E-01	
109	3.272262E-01	3.315320E-01	2.960044E-01	
110	3.296425E-01	3.363230E-01	2.962993E-01	
111	3.322135E-01	3.394717E-01	2.837962E-01	
112	3.359055E-01	3.427657E-01	2.825878E-01	
113	3.398538E-01	3.464376E-01	2.720056E-01	
114	3.431875E-01	3.496723E-01	2.857539E-01	
115	3.464663E-01	3.545698E-01	2.635270E-01	
116	3.495869E-01	3.561227E-01	2.722338E-01	
117	3.567439E-01	3.611516E-01	2.791609E-01	
118	3.580122E-01	3.652898E-01	2.851024E-01	
119	3.629550E-01	3.690368E-01	2.770563E-01	
120	3.681702E-01	3.736778E-01	2.704561E-01	
121	3.731748E-01	3.777105E-01	2.792999E-01	
122	3.765852E-01	3.797960E-01	2.798707E-01	
123	3.801466E-01	3.859409E-01	3.017432E-01	
124	3.853955E-01	3.883018E-01	2.886421E-01	
125	3.905864E-01	3.930344E-01	2.822028E-01	
126	3.948152E-01	3.982128E-01	2.903705E-01	
127	3.991694E-01	4.010720E-01	3.022675E-01	
128	4.065746E-01	4.066260E-01	2.888823E-01	
129	4.093381E-01	4.109669E-01	2.966236E-01	
130	4.154790E-01	4.152372E-01	2.953537E-01	
131	4.224229E-01	4.192355E-01	2.861172E-01	
132	4.266485E-01	4.263286E-01	2.829446E-01	
133	4.338415E-01	4.298333E-01	2.832686E-01	
134	4.361006E-01	4.346672E-01	2.921573E-01	
135	4.439888E-01	4.426137E-01	2.929545E-01	
136	4.521004E-01	4.472121E-01	3.022283E-01	
137	4.559302E-01	4.525253E-01	3.160250E-01	
138	4.616171E-01	4.572513E-01	2.933519E-01	
139	4.685793E-01	4.607420E-01	3.391564E-01	
140	4.761299E-01	4.696501E-01	3.132932E-01	
141	4.810176E-01	4.755775E-01	2.870572E-01	
142	4.872676E-01	4.809028E-01	3.056148E-01	
143	4.937189E-01	4.885731E-01	3.203715E-01	
144	5.003896E-01	4.965217E-01	3.243540E-01	
145	5.076113E-01	5.022339E-01	3.193641E-01	
146	5.097120E-01	5.080562E-01	3.077252E-01	
147	5.186465E-01	5.133538E-01	3.421798E-01	
148	5.260620E-01	5.237971E-01	3.177551E-01	
149	5.326867E-01	5.291800E-01	3.148139E-01	
150	5.367829E-01	5.307309E-01	3.383437E-01	
151	5.446522E-01	5.402064E-01	3.199804E-01	
152	5.492685E-01	5.487451E-01	3.222264E-01	
153	5.617320E-01	5.538466E-01	3.138863E-01	
154	5.636477E-01	5.564240E-01	3.225469E-01	
155	5.682259E-01	5.670102E-01	3.599801E-01	
156	5.769873E-01	5.725031E-01	3.483834E-01	
157	5.880762E-01	5.805101E-01	3.210707E-01	
158	5.912789E-01	5.814563E-01	3.514858E-01	
159	5.955465E-01	5.887612E-01	3.302686E-01	
160	6.010896E-01	5.958309E-01	3.574942E-01	
161	6.057185E-01	5.978728E-01	3.412225E-01	
162	6.115751E-01	6.067860E-01	3.570203E-01	
163	6.126198E-01	6.138838E-01	3.473527E-01	
164	6.205853E-01	6.193692E-01	3.427818E-01	
165	6.140020E-01	6.280252E-01	3.737190E-01	
166	6.309282E-01	6.333520E-01	3.373981E-01	
167	6.354009E-01	6.372541E-01	3.495909E-01	
168	6.421687E-01	6.473323E-01	3.641410E-01	
169	6.438415E-01	6.542366E-01	3.619767E-01	
170	6.437091E-01	6.607391E-01	3.496542E-01	
171	6.550065E-01	6.625976E-01	3.625756E-01	
172	6.649018E-01	6.836338E-01	3.893620E-01	
173	6.699484E-01	6.825071E-01	3.805648E-01	
174	6.726418E-01	6.835284E-01	3.730292E-01	
175	6.770873E-01	7.005774E-01	3.645819E-01	
176	6.774744E-01	7.000050E-01	3.529882E-01	
177	6.775246E-01	7.020400E-01	3.684632E-01	
178	6.950087E-01	7.060621E-01	3.828431E-01	
179	6.948460E-01	7.123282E-01	3.919969E-01	
180	6.933488E-01	7.046565E-01	3.516020E-01	
181	6.975031E-01	7.143013E-01	3.577150E-01	
182	6.937548E-01	7.195266E-01	3.846161E-01	
183	7.079812E-01	7.393073E-01	3.882432E-01	
184	7.031525E-01	7.254432E-01	3.566688E-01	
185	7.038744E-01	7.421706E-01	3.471282E-01	
186	7.085812E-01	7.564684E-01	3.630796E-01	
187	7.102906E-01	7.473698E-01	3.799842E-01	
188	7.123245E-01	7.515667E-01	3.463666E-01	
189	7.075826E-01	7.485495E-01	3.689998E-01	
190	7.177054E-01	7.564219E-01	3.776053E-01	
191	7.035870E-01	7.592945E-01	3.418935E-01	
192	7.080874E-01	7.565425E-01	3.602417E-01	
193	7.094331E-01	7.560561E-01	3.590513E-01	
194	7.169712E-01	7.383182E-01	3.500568E-01	
195	7.236835E-01	7.312417E-01	3.757193E-01	
196	7.095722E-01	7.419610E-01	3.457020E-01	
197	7.009692E-01	7.339912E-01	3.464938E-01	
198	7.191588E-01	7.391671E-01	3.500351E-01	
199	7.253081E-01	7.488927E-01	3.462348E-01	
200	7.078856E-01	7.324246E-01	3.556338E-01	
201	6.674982E-01	7.539664E-01	3.165850E-01	
202	6.858561E-01	7.782009E-01	3.592152E-01	
203	6.659486E-01	7.598648E-01	3.565139E-01	
204	6.750652E-01	7.716368E-01	3.577500E-01	
205	6.772777E-01	7.666569E-01	3.432111E-01	
206	6.551318E-01	7.635991E-01	3.235098E-01	
207	6.016963E-01	7.815030E-01	3.563832E-01	
208	6.564140E-01	7.822880E-01	3.327181E-01	
209	6.214851E-01	7.794890E-01	3.456867E-01	
210	6.587047E-01	7.893937E-01	3.527166E-01	
211	5.976156E-01	7.944991E-01	3.536811E-01	
212	6.595585E-01	7.798436E-01	3.234192E-01	
213	6.532595E-01	7.732885E-01	3.322944E-01	
214	6.586868E-01	7.750091E-01	3.519604E-01	
215	6.319362E-01	8.080447E-01	3.236185E-01	
216	6.049677E-01	7.817999E-01	3.367970E-01	
217	6.215134E-01	7.739311E-01	3.408231E-01	
218	5.622843E-01	7.517586E-01	3.389140E-01	
219	6.459971E-01	7.835628E-01	3.423069E-01	
220	5.478017E-01	8.151663E-01	3.461152E-01	
221	5.576008E-01	7.813655E-01	3.338632E-01	
222	5.072241E-01	8.023721E-01	3.452239E-01	
223	5.467863E-01	8.124692E-01	3.689170E-01	
224	5.754725E-01	8.036680E-01	3.315147E-01	
225	5.039692E-01	8.248205E-01	3.372501E-01	
226	4.851293E-01	7.712865E-01	3.452313E-01	
227	4.458278E-01	8.224312E-01	3.600567E-01	
228	5.323676E-01	7.551305E-01	3.143739E-01	
229	4.752180E-01	7.910532E-01	3.159017E-01	
230	4.566079E-01	8.403427E-01	3.353777E-01	
231	4.703810E-01	7.725292E-01	3.195559E-01	
232	3.974165E-01	8.422960E-01	3.268402E-01	
233	4.000946E-01	7.566064E-01	3.277389E-01	
234	3.975451E-01	8.432074E-01	3.362109E-01	
235	4.225456E-01	8.161615E-01	3.420586E-01	
236	3.960070E-01	8.253303E-01	3.326840E-01	
237	4.145330E-01	8.036964E-01	3.506822E-01	
238	4.431407E-01	8.059755E-01	3.164145E-01	
239	3.923904E-01	7.494718E-01	3.410529E-01	
240	4.182630E-01	7.744123E-01	3.066525E-01	
241	3.813034E-01	7.980494E-01	3.331952E-01	
242	3.758061E-01	8.085126E-01	3.204773E-01	
243	3.490733E-01	7.662336E-01	3.276626E-01	
244	3.675679E-01	7.726751E-01	3.349893E-01	
245	4.034990E-01	7.597274E-01	3.203712E-01	
246	3.709758E-01	7.891449E-01	3.299127E-01	
247	3.946221E-01	6.929936E-01	3.342343E-01	
248	3.798207E-01	7.055531E-01	3.337049E-01	
249	3.320156E-01	6.335824E-01	3.148461E-01	
250	4.227805E-01	6.472435E-01	3.154594E-01	
251	3.397797E-01	6.968732E-01	3.262565E-01	
252	3.467594E-01	7.768470E-01	3.221325E-01	
253	3.361598E-01	6.640458E-01	3.295346E-01	
254	3.494930E-01	7.429865E-01	3.199140E-01	
255	3.010602E-01	7.817101E-01	3.334498E-01	
256	3.013653E-01	6.949012E-01	3.281833E-01	
257	3.247681E-01	6.056137E-01	3.279615E-01	
258	3.187491E-01	4.673788E-01	3.173068E-01	
259	2.854393E-01	6.815447E-01	3.284519E-01	
260	2.637495E-01	4.689514E-01	3.071051E-01	
261	3.203418E-01	4.772274E-01	3.275260E-01	
262	3.183811E-01	4.919353E-01	3.116602E-01	
263	2.680826E-01	6.563948E-01	3.297783E-01	
264	3.048508E-01	7.052348E-01	3.066126E-01	
265	2.811314E-01	4.057458E-01	3.082726E-01	
266	3.207712E-01	5.242690E-01	3.278140E-01	
267	2.616688E-01	5.031601E-01	3.144543E-01	
268	3.193078E-01	6.925886E-01	3.050665E-01	
269	2.800373E-01	6.281295E-01	2.935936E-01	
270	3.000991E-01	7.046133E-01	3.075449E-01	
271	2.505276E-01	4.030137E-01	3.262738E-01	
272	2.440875E-01	2.981442E-01	2.989081E-01	
273	2.793369E-01	5.770924E-01	2.930333E-01	
274	3.088059E-01	2.561053E-01	3.177475E-01	
275	2.727276E-01	4.255361E-01	3.138826E-01	
276	2.396322E-01	2.700056E-01	3.170459E-01	
277	2.475224E-01	3.628204E-01	3.106109E-01	
278	2.780870E-01	9.709095E-01	3.044476E-01	
279	2.895380E-01	5.205499E-01	2.953160E-01	
280	2.754311E-01	2.433865E-01	2.993598E-01	
281	2.792165E-01	6.015029E-01	3.094755E-01	
282	3.165552E-01	3.433258E-01	2.931076E-01	
283	3.116687E-01	1.553198E-01	3.027845E-01	
284	2.595871E-01	6.358453E-01	2.993598E-01	
285	2.708879E-01	6.845639E-02	3.084322E-01	
286	2.571760E-01	3.812942E-01	2.995887E-01	
287	2.759164E-01	1.268939E-01	3.000337E-01	
288	2.663895E-01	2.812949E-01	2.918188E-01	
289	2.821517E-01	7.719641E-01	2.852794E-01	
290	2.795465E-01	4.162625E-01	2.896811E-01	
291	3.167380E-01	2.131415E-01	2.980645E-01	
292	2.939910E-01	4.142706E-01	2.839088E-01	
293	2.617998E-01	2.037934E-01	2.953499E-01	
294	2.678926E-01	2.812179E-01	2.836287E-01	
295	2.770743E-01	1.421079E-01	2.891861E-01	
296	3.005177E-01	5.323441E-01	2.931336E-01	
297	2.712402E-01	3.322465E-01	2.844412E-01	
298	2.561433E-01	4.729128E-01	2.938008E-01	
299	2.930736E-01	4.053837E-01	2.921734E-01	
300	2.652385E-01	4.922609E-01	3.026400E-01	
301	2.666809E-01	1.674243E-01	2.821393E-01	
302	2.821132E-01	9.281471E-02	3.031558E-01	
303	3.030064E-01	6.355515E-02	2.890103E-01	
304	2.917960E-01	3.037348E-01	2.918463E-01	
305	3.188660E-01	2.302679E-01	2.953969E-01	
306	2.924430E-01	5.006519E-01	2.802670E-01	
307	3.061497E-01	2.554874E-01	2.901599E-01	
308	2.916608E-01	2.536265E-01	2.808967E-01	
309	3.194837E-01	2.957633E-01	2.906706E-01	
310	3.696173E-01	4.823232E-01	3.006798E-01	
311	3.168481E-01	3.299719E-01	2.954643E-01	
312	2.845437E-01	3.129682E-01	2.914808E-01	
313	3.692085E-01	4.173374E-01	2.920138E-01	
314	3.356875E-01	4.337344E-01	3.024938E-01	
315	3.028911E-01	2.046362E-01	3.007822E-01	
316	2.739312E-01	2.642854E-01	3.031635E-01	
317	3.063149E-01	1.023383E-01	2.905178E-01	
318	2.998598E-01	3.937284E-01	3.081042E-01	
319	2.346317E-01	4.004330E-01	2.990186E-01	
320	2.926613E-01	4.386250E-01	2.845854E-01	
321	3.108062E-01	1.395607E-01	3.049298E-01	
322	2.399904E-01	4.996405E-01	2.822172E-01	
323	2.463992E-01	8.159439E-02	2.815283E-01	
324	2.440129E-01	1.354170E-01	2.882076E-01	
325	3.284668E-01	2.434958E-01	2.912411E-01	
326	3.217614E-01	2.322180E-01	2.753016E-01	
327	2.932462E-01	8.713623E-02	2.753463E-01	
328	3.695552E-01	1.308136E-01	2.825658E-01	
329	3.116263E-01	1.910666E-01	2.972916E-01	
330	3.854288E-01	1.872769E-01	2.809641E-01	
331	3.298701E-01	2.257919E-01	2.924215E-01	
332	2.829986E-01	4.989821E-01	2.906185E-01	
333	3.977759E-01	2.938286E-01	2.861671E-01	
334	3.376047E-01	1.206953E-01	2.877603E-01	
335	3.646569E-01	3.999922E-01	2.954447E-01	
336	3.835952E-01	3.055802E-01	2.810080E-01	
337	3.877981E-01	1.554449E-01	2.897418E-01	
338	3.248626E-01	2.606777E-01	3.017246E-01	
339	4.316448E-01	3.664532E-01	2.643905E-01	
340	3.199913E-01	4.720586E-01	2.789116E-01	
341	3.849105E-01	2.707527E-01	2.733694E-01	
342	3.094042E-01	3.175574E-01	3.007063E-01	
343	3.372889E-01	0	2.903019E-01	
344	3.502214E-01	1.200883E-01	2.908570E-01	
345	3.033668E-01	4.297719E-01	2.908111E-01	
346	3.608325E-01	3.742157E-02	2.799936E-01	
347	2.881110E-01	8.549615E-02	2.913136E-01	
348	3.145789E-01	3.347490E-01	2.930334E-01	
349	3.195583E-01	3.392608E-01	2.744690E-01	
350	2.138156E-01	3.132399E-01	2.857335E-01	
351	2.568297E-01	3.055417E-01	3.027835E-01	
352	2.418354E-01	0	2.736707E-01	
353	3.123872E-01	3.870074E-01	2.798792E-01	
354	3.118236E-01	4.115421E-01	2.842769E-01	
355	2.822973E-01	2.438081E-01	3.006789E-01	
356	2.684022E-01	3.023122E-01	2.776747E-01	
357	2.895231E-01	2.433897E-01	2.891385E-01	
358	2.864025E-01	2.463832E-01	2.739134E-01	
359	3.365019E-01	2.311910E-01	2.890813E-01	
360	3.126034E-01	5.910859E-03	2.762386E-01	
361	2.247900E-01	9.679541E-02	2.885843E-01	
362	3.304008E-01	5.977954E-01	2.984212E-01	
363	3.172541E-01	0	2.851268E-01	
364	3.065190E-01	3.052887E-01	2.897383E-01	
365	3.151742E-01	4.807344E-01	2.957135E-01	
366	2.809122E-01	1.959938E-01	2.807555E-01	
367	2.975632E-01	3.385237E-01	2.711679E-01	
368	2.415737E-01	3.863047E-01	2.904106E-01	
369	2.569876E-01	8.492197E-02	2.642432E-01	
370	2.940645E-01	5.613815E-02	2.785555E-01	
371	2.268907E-01	2.170189E-01	2.769551E-01	
372	2.949203E-01	2.466545E-02	2.878272E-01	
373	2.483159E-01	5.024563E-01	2.742586E-01	
374	2.044915E-01	2.049119E-02	2.786511E-01	
375	2.420888E-01	1.797569E-01	2.793872E-01	
376	2.235410E-01	8.245269E-01	2.964549E-01	
377	1.663680E-01	4.664658E-02	2.857852E-01	
378	1.445814E-01	2.040011E-01	2.971465E-01	
379	1.260525E-01	1.124729E-01	2.733761E-01	
380	1.398093E-01	3.236739E-01	3.016816E-01	
381	1.648209E-01	5.628703E-01	2.665048E-01	
382	1.501640E-01	4.109007E-02	2.520618E-01	
383	1.822245E-01	1.973704E-01	2.839587E-01	
384	1.039077E-01	5.376185E-02	2.699163E-01	
385	1.355947E-01	4.052213E-01	2.851624E-01	
386	1.215228E-01	1.205469E-02	2.957714E-01	
387	1.672900E-01	7.640323E-03	2.869349E-01	
388	1.786270E-01	8.371823E-02	2.937957E-01	
389	1.852964E-01	4.704989E-01	2.802952E-01	
390	1.221197E-01	1.623363E-01	2.748512E-01	
391	1.365537E-01	0	2.759178E-01	
392	1.351192E-01	2.867295E-02	2.792063E-01	
393	1.500590E-01	2.229024E-01	2.887219E-01	
394	1.749587E-01	4.734337E-01	2.703857E-01	
395	1.589695E-01	4.850899E-01	2.912105E-01	
396	1.453732E-01	1.638851E-02	2.704026E-01	
397	2.129091E-01	3.439875E-01	2.739473E-01	
398	2.406238E-01	1.273073E-01	2.838557E-01	
399	2.321876E-01	0	2.657403E-01	
400	2.550117E-01	0	2.890638E-01	
401	2.437507E-01	4.999569E-01	2.709689E-01	
402	2.967644E-01	0	2.804878E-01	
403	2.654500E-01	0	2.885661E-01	
404	3.790627E-01	6.946750E-02	2.867671E-01	
405	2.847548E-01	3.924695E-01	2.672925E-01	
406	4.435504E-01	0	2.744969E-01	
407	2.661377E-01	1.516643E-01	2.886782E-01	
408	2.555068E-01	0	2.863490E-01	
409	3.885853E-01	4.783991E-01	2.947038E-01	
410	4.892630E-01	9.015892E-01	2.732666E-01	
411	3.519980E-01	2.243884E-02	3.070666E-01	
412	4.457010E-01	1.217181E-01	2.937156E-01	
413	3.532663E-01	4.315242E-01	3.142060E-01	
414	4.062851E-01	7.832410E-03	3.038152E-01	
415	3.754221E-01	6.342584E-01	2.705373E-01	
416	5.418664E-01	6.731540E-01	2.782937E-01	
417	4.267529E-01	4.323619E-01	2.934739E-01	
418	4.837719E-01	0	2.974109E-01	
419	5.087277E-01	1.051315E-01	2.742659E-01	
420	3.704192E-01	0	2.941593E-01	
421	5.438476E-01	1.331087E-01	3.051846E-01	
422	5.477978E-01	0	2.911693E-01	
423	4.950677E-01	6.703163E-01	3.195914E-01	
424	4.326841E-01	4.579713E-01	3.000161E-01	
425	2.982669E-01	7.953963E-01	3.091178E-01	
426	2.918078E-01	0	2.708877E-01	
427	3.616162E-01	2.026567E-01	2.620534E-01	
428	2.779687E-01	2.023888E-03	2.899213E-01	
429	2.069452E-01	0	3.219635E-01	
430	3.062754E-01	9.887197E-02	2.762858E-01	
431	1.672239E-01	6.182146E-01	2.738616E-01	
432	2.635358E-01	0	2.781612E-01	
433	2.773048E-01	2.379950E-01	2.870423E-01	
434	2.819296E-01	1.269297E-01	2.710923E-01	
435	4.527945E-01	4.756930E-01	2.882887E-01	
436	1.688820E-01	1.239328E-01	2.977792E-01	
437	2.287659E-01	3.410847E-01	3.357550E-01	
438	2.772790E-01	0	2.890635E-01	
439	3.202343E-01	0	2.594648E-01	
440	2.102775E-01	5.587271E-02	3.097982E-01	
441	2.709540E-01	0	2.952091E-01	
442	1.335506E-01	3.922518E-03	2.758561E-01	
443	2.213414E-01	0	2.525052E-01	
444	2.021053E-01	1.329048E-01	3.067908E-01	
445	2.390309E-01	0	3.187794E-01	
446	2.534005E-01	0	2.737942E-01	
447	2.175686E-01	9.414793E-01	2.723559E-01	
448	2.157841E-01	0	2.826086E-01	
449	2.374267E-01	0	2.897955E-01	
450	3.163162E-01	6.850372E-01	2.781484E-01	
451	3.248983E-01	0	2.659970E-01	
452	2.243012E-01	7.182289E-01	2.524547E-01	
453	2.994119E-01	5.021383E-02	2.823630E-01	
454	3.112371E-01	0	3.670668E-01	
455	2.075130E-01	0	3.001949E-01	
456	2.834160E-01	0	2.734408E-01	
457	2.212870E-01	0	2.929611E-01	
458	2.150774E-01	1.128552E-03	3.165260E-01	
459	2.676639E-01	1.788845E-01	3.074546E-01	
460	2.908475E-01	1.111029E-02	2.868004E-01	
461	1.808583E-01	0	2.609183E-01	
462	1.290692E-01	0	3.179612E-01	
463	2.185513E-01	0	2.864562E-01	
464	6.429104E-02	0	2.881077E-01	
465	2.719660E-01	0	2.644561E-01	
466	5.470215E-01	0	3.409269E-01	
467	1.340292E-01	7.283948E-01	2.445703E-01	
468	6.770188E-01	0	2.286343E-01	
469	7.460848E-02	0	3.321507E-01	
470	4.483167E-01	0	3.386326E-01	
471	3.766896E-01	5.266955E-01	3.127590E-01	
472	5.242807E-01	0	3.228653E-01	
473	4.998136E-02	0	3.054596E-01	
474	5.694027E-01	0	3.294538E-01	
475	6.161955E-01	0	3.916209E-01	
476	6.122453E-01	0	3.188688E-01	
477	7.441846E-01	0	3.168785E-01	
478	5.143787E-01	0	3.604366E-01	
479	8.797749E-01	0	3.667178E-01	
480	4.770812E-01	0	2.225473E-01	
481	5.145292E-01	0	3.669288E-01	
482	3.927109E-01	0	3.040906E-01	
483	5.568848E-01	0	3.260071E-01	
484	0	0	3.363309E-01	
485	4.447615E-01	0	2.863792E-01	
486	1.344122E-01	0	5.170983E-01	
487	4.454806E-01	0	3.019234E-01	
488	4.667667E-01	0	3.566810E-01	
489	4.543542E-01	0	3.725659E-01	
490	2.984256E-01	0	3.656067E-01	
491	6.043828E-02	0	2.263578E-01	
492	4.203128E-01	0	3.292773E-01	
493	0	0	8.306553E-01	
494	6.014511E-01	0	4.041540E-01	
495	0	0	1.190380E-01	
496	5.389963E-01	0	4.267190E-01	
497	0	2.970984E-01	5.541779E-01	
498	4.180805E-01	0	3.999313E-01	
499	4.059091E-01	0	2.538162E-01	
500	0	0	0	
501	3.859900E-01	0	4.795941E-01	
502	0	0	0	
503	4.199413E-01	0	4.664161E-01	
504	0	0	0	
505	5.916123E-01	0	2.202082E-01	
506	0	0	6.300444E-01	
507	0	0	0	
508	6.176738E-01	0	4.800599E-01	
509	0	0	0	
510	0	0	4.212631E-01	
511	0	0	0	
512	0	0	4.731858E-01	
513	0	0	0	
514	0	0	0	
515	0	0	5.052101E-01	
516	0	0	0	
517	0	0	0	
518	0	0	0	
519	0	0	0	
520	0	0	0	
521	0	0	0	
522	0	0	0	
523	0	0	0	
524	0	0	0	
525	0	0	0	
526	0	0	0	
527	0	0	0	
528	0	0	0	
529	0	0	0	
530	0	0	0	
531	0	0	0	
532	0	0	0	
533	0	0	0	
534	0	0	0	
535	0	0	0	
536	0	0	0	
537	0	0	0	
538	0	0	0	
539	0	0	0	
540	0	0	0	
541	0	0	0	
542	0	0	0	
543	0	0	0	
544	0	0	0	
545	0	0	0	
546	0	0	0	
547	0	0	0	
548	0	0	0	
549	0	0	0	
550	0	0	0	
551	0	0	0	
552	0	0	0	
553	0	0	0	
554	0	0	0	
555	0	0	0	
556	0	0	0	
557	0	0	0	
558	0	0	0	
559	0	0	0	
560	0	0	0	
561	0	0	0	
562	0	0	0	
563	0	0	0	
564	0	0	0	
565	0	0	0	
566	0	0	0	
567	0	0	0	
568	0	0	0	
569	0	0	0	
570	0	0	0	
571	0	0	0	
572	0	0	0	
573	0	0	0	
574	0	0	0	
575	0	0	0	
576	0	0	0	
577	0	0	0	
578	0	0	0	
579	0	0	0	
580	0	0	0	
581	0	0	0	
582	0	0	0	
583	0	0	0	
584	0	0	0	
585	0	0	0	
586	0	0	0	
587	0	0	0	
588	0	0	0	
589	0	0	0	
590	0	0	0	
591	0	0	0	
592	0	0	0	
593	0	0	0	
594	0	0	0	
595	0	0	0	
596	0	0	0	
597	0	0	0	
598	0	0	0	
599	0	0	0	
#NewRun
0	0	0	0	
1	0	0	0	
2	0	0	0	
3	0	0	0	
4	3.110871E-01	3.316666E-01	0	
5	3.270093E-01	3.171302E-01	0	
6	3.434156E-01	3.263685E-01	0	
7	0	0	0	
8	3.335475E-01	3.338036E-01	1.019920E-01	
9	3.375577E-01	3.272757E-01	1.573485E-01	
10	0	0	0	
11	3.359411E-01	3.305245E-01	0	
12	3.369176E-01	3.313362E-01	9.738574E-02	
13	3.415869E-01	3.347634E-01	1.798561E-01	
14	3.377946E-01	3.335997E-01	5.041381E-02	
15	0	0	0	
16	3.370192E-01	3.298353E-01	5.949684E-01	
17	3.380659E-01	3.357695E-01	3.052341E-01	
18	3.286472E-01	3.367321E-01	3.788534E-01	
19	3.340959E-01	3.425024E-01	0	
20	3.373061E-01	3.336201E-01	4.441254E-01	
21	3.329060E-01	3.337370E-01	2.217157E-01	
22	3.284476E-01	3.356911E-01	1.665002E-02	
23	3.259074E-01	3.370197E-01	3.432314E-01	
24	3.311337E-01	3.374822E-01	2.044343E-01	
25	3.270600E-01	3.341151E-01	3.371344E-01	
26	3.291857E-01	3.327247E-01	5.141990E-02	
27	3.311073E-01	3.326718E-01	3.438720E-01	
28	3.311930E-01	3.338234E-01	2.777875E-01	
29	3.318605E-01	3.336841E-01	1.125933E-01	
30	3.305252E-01	3.305165E-01	1.732452E-01	
31	3.309958E-01	3.324694E-01	2.772293E-01	
32	3.326378E-01	3.303246E-01	1.412208E-01	
33	3.314291E-01	3.281811E-01	3.311169E-01	
34	3.296532E-01	3.300360E-01	3.180266E-01	
35	3.270316E-01	3.298546E-01	2.342507E-01	
36	3.297787E-01	3.274844E-01	3.523551E-01	
37	3.260258E-01	3.281487E-01	3.187396E-01	
38	3.261341E-01	3.260753E-01	4.567524E-01	
39	3.270577E-01	3.271865E-01	4.260346E-01	
40	3.266312E-01	3.249652E-01	2.369165E-01	
41	3.249633E-01	3.253931E-01	2.911585E-01	
42	3.228816E-01	3.231074E-01	2.931229E-01	
43	3.234882E-01	3.245288E-01	2.546735E-01	
44	3.229798E-01	3.224713E-01	3.525202E-01	
45	3.185642E-01	3.213199E-01	3.410469E-01	
46	3.228910E-01	3.224070E-01	3.532988E-01	
47	3.190481E-01	3.215237E-01	3.858067E-01	
48	3.206338E-01	3.188709E-01	2.917381E-01	
49	3.221056E-01	3.199873E-01	3.261204E-01	
50	3.181787E-01	3.182142E-01	2.927835E-01	
51	3.240699E-01	3.189278E-01	2.867450E-01	
52	3.173550E-01	3.171859E-01	3.703500E-01	
53	3.196760E-01	3.163638E-01	3.871199E-01	
54	3.191786E-01	3.152544E-01	3.639244E-01	
55	3.201080E-01	3.146335E-01	3.861209E-01	
56	3.168773E-01	3.137119E-01	3.904865E-01	
57	3.192222E-01	3.133024E-01	3.811187E-01	
58	3.179267E-01	3.137072E-01	3.480255E-01	
59	3.178995E-01	3.133480E-01	3.077998E-01	
60	3.165158E-01	3.124662E-01	3.287135E-01	
61	3.156922E-01	3.114889E-01	3.518790E-01	
62	3.131427E-01	3.109808E-01	3.358043E-01	
63	3.132297E-01	3.093825E-01	3.343824E-01	
64	3.138890E-01	3.087199E-01	3.305003E-01	
65	3.110133E-01	3.084272E-01	3.696676E-01	
66	3.095174E-01	3.073229E-01	2.980676E-01	
67	3.100540E-01	3.070918E-01	3.159794E-01	
68	3.087222E-01	3.060494E-01	3.015487E-01	
69	3.079805E-01	3.044552E-01	3.352529E-01	
70	3.076414E-01	3.040964E-01	3.285268E-01	
71	3.058740E-01	3.027331E-01	2.940743E-01	
72	3.053283E-01	3.031114E-01	3.585688E-01	
73	3.055128E-01	3.015797E-01	3.788478E-01	
74	3.045861E-01	2.993238E-01	3.696667E-01	
75	3.026474E-01	3.009088E-01	3.699336E-01	
76	3.009119E-01	2.984319E-01	3.538542E-01	
77	3.008153E-01	2.981471E-01	3.271153E-01	
78	3.003289E-01	2.976062E-01	3.439642E-01	
79	2.988223E-01	2.979486E-01	3.156272E-01	
80	2.970287E-01	2.970216E-01	3.402579E-01	
81	2.949552E-01	2.950846E-01	3.176765E-01	
82	2.958799E-01	2.958994E-01	2.955956E-01	
83	2.955944E-01	2.938964E-01	3.490599E-01	
84	2.943190E-01	2.943247E-01	3.203857E-01	
85	2.947407E-01	2.942066E-01	3.531547E-01	
86	2.936427E-01	2.941166E-01	2.995202E-01	
87	2.940151E-01	2.956874E-01	3.353515E-01	
88	2.951640E-01	2.954138E-01	2.921898E-01	
89	2.942566E-01	2.954941E-01	3.411044E-01	
90	2.957092E-01	2.961634E-01	3.432955E-01	
91	2.945506E-01	2.969312E-01	3.021429E-01	
92	2.964129E-01	2.973071E-01	3.095383E-01	
93	2.961468E-01	2.986443E-01	3.121474E-01	
94	2.979717E-01	2.989591E-01	3.256695E-01	
95	2.987181E-01	3.005014E-01	3.195732E-01	
96	2.996925E-01	3.024123E-01	2.675938E-01	
97	3.029503E-01	3.030209E-01	3.009001E-01	
98	3.019519E-01	3.044157E-01	3.167217E-01	
99	3.063943E-01	3.070274E-01	2.906417E-01	
100	3.065279E-01	3.086026E-01	2.993158E-01	
101	3.087943E-01	3.107362E-01	2.765136E-01	
102	3.111337E-01	3.113127E-01	2.749835E-01	
103	3.110023E-01	3.151702E-01	2.962690E-01	
104	3.157878E-01	3.171087E-01	2.844801E-01	
105	3.180918E-01	3.192956E-01	2.726659E-01	
106	3.194687E-01	3.224331E-01	2.718344E-01	
107	3.241041E-01	3.251793E-01	2.556380E-01	
108	3.251953E-01	3.269789E-01	2.699690E-01	
109	3.272558E-01	3.308616E-01	2.835961E-01	
110	3.328604E-01	3.341375E-01	2.764684E-01	
111	3.343801E-01	3.377699E-01	2.732836E-01	
112	3.374298E-01	3.402808E-01	2.768016E-01	
113	3.417006E-01	3.448207E-01	2.893494E-01	
114	3.435662E-01	3.483961E-01	2.669061E-01	
115	3.465586E-01	3.525817E-01	2.592911E-01	
116	3.524593E-01	3.547805E-01	2.740988E-01	
117	3.555672E-01	3.599943E-01	3.029743E-01	
118	3.593499E-01	3.650322E-01	2.979134E-01	
119	3.635268E-01	3.685228E-01	2.725765E-01	
120	3.661302E-01	3.711428E-01	2.874793E-01	
121	3.722785E-01	3.774285E-01	2.727258E-01	
122	3.771249E-01	3.825825E-01	2.784814E-01	
123	3.797390E-01	3.857566E-01	2.807239E-01	
124	3.850479E-01	3.897474E-01	2.751303E-01	
125	3.901036E-01	3.952726E-01	2.892568E-01	
126	3.945111E-01	4.001112E-01	2.965205E-01	
127	4.008202E-01	4.056845E-01	3.098625E-01	
128	4.066285E-01	4.102569E-01	2.844646E-01	
129	4.103475E-01	4.169832E-01	2.931270E-01	
130	4.179157E-01	4.220134E-01	2.873927E-01	
131	4.222538E-01	4.269785E-01	2.953022E-01	
132	4.273610E-01	4.322320E-01	2.877752E-01	
133	4.344789E-01	4.385047E-01	3.088414E-01	
134	4.396789E-01	4.457627E-01	3.118240E-01	
135	4.452744E-01	4.515227E-01	3.137939E-01	
136	4.504910E-01	4.567035E-01	3.017240E-01	
137	4.579652E-01	4.616759E-01	2.855166E-01	
138	4.607296E-01	4.698173E-01	3.258460E-01	
139	4.660446E-01	4.769404E-01	3.018966E-01	
140	4.748263E-01	4.795761E-01	2.990290E-01	
141	4.799298E-01	4.857870E-01	3.197071E-01	
142	4.866461E-01	4.941692E-01	3.170683E-01	
143	4.942034E-01	5.011860E-01	3.123172E-01	
144	4.974023E-01	5.060446E-01	3.212011E-01	
145	5.059265E-01	5.148303E-01	3.248785E-01	
146	5.099526E-01	5.239635E-01	3.182475E-01	
147	5.174276E-01	5.258993E-01	3.347869E-01	
148	5.239703E-01	5.347324E-01	3.348860E-01	
149	5.280864E-01	5.342560E-01	3.330012E-01	
150	5.366324E-01	5.476055E-01	3.516790E-01	
151	5.397053E-01	5.540818E-01	3.285282E-01	
152	5.502182E-01	5.573334E-01	3.265167E-01	
153	5.568090E-01	5.666747E-01	3.502705E-01	
154	5.597352E-01	5.715055E-01	3.342943E-01	
155	5.679350E-01	5.757603E-01	3.321793E-01	
156	5.746107E-01	5.830672E-01	3.390995E-01	
157	5.844361E-01	5.920370E-01	3.358615E-01	
158	5.845823E-01	5.929742E-01	3.598027E-01	
159	5.963931E-01	6.023847E-01	3.344781E-01	
160	6.028716E-01	6.064024E-01	3.560099E-01	
161	6.068634E-01	6.162085E-01	3.556390E-01	
162	6.111938E-01	6.288213E-01	3.798581E-01	
163	6.182061E-01	6.253590E-01	3.609405E-01	
164	6.239708E-01	6.368766E-01	3.831276E-01	
165	6.246840E-01	6.374086E-01	3.390416E-01	
166	6.308807E-01	6.513291E-01	3.622651E-01	
167	6.365521E-01	6.494595E-01	3.721806E-01	
168	6.408172E-01	6.581593E-01	3.723031E-01	
169	6.401483E-01	6.648002E-01	3.701273E-01	
170	6.398841E-01	6.707590E-01	3.917029E-01	
171	6.528381E-01	6.743456E-01	3.644065E-01	
172	6.497963E-01	6.865764E-01	3.600911E-01	
173	6.520021E-01	6.902235E-01	3.670983E-01	
174	6.610346E-01	6.959441E-01	3.570052E-01	
175	6.632157E-01	7.072900E-01	3.639624E-01	
176	6.641229E-01	7.129409E-01	3.692592E-01	
177	6.606445E-01	7.201358E-01	3.640678E-01	
178	6.723436E-01	7.267392E-01	3.706111E-01	
179	6.803999E-01	7.242099E-01	3.714872E-01	
180	6.971441E-01	7.245847E-01	3.665576E-01	
181	6.942132E-01	7.444843E-01	3.655413E-01	
182	7.059157E-01	7.456201E-01	3.546439E-01	
183	7.126488E-01	7.381566E-01	4.003382E-01	
184	7.171050E-01	7.413767E-01	3.580041E-01	
185	7.222888E-01	7.440802E-01	3.720444E-01	
186	7.144270E-01	7.499681E-01	3.434045E-01	
187	7.353191E-01	7.402649E-01	3.945665E-01	
188	7.424392E-01	7.431392E-01	3.505058E-01	
189	7.464824E-01	7.559105E-01	3.417169E-01	
190	7.514820E-01	7.545645E-01	3.493192E-01	
191	7.501805E-01	7.521529E-01	3.536424E-01	
192	7.706218E-01	7.567501E-01	3.675387E-01	
193	7.765143E-01	7.446244E-01	3.638960E-01	
194	7.634047E-01	7.652791E-01	3.663540E-01	
195	7.785954E-01	7.718258E-01	3.414044E-01	
196	7.785797E-01	7.711561E-01	3.563018E-01	
197	7.896003E-01	7.814644E-01	3.607570E-01	
198	7.918450E-01	7.568867E-01	3.651906E-01	
199	7.739299E-01	7.741356E-01	3.512949E-01	
200	7.972195E-01	7.885860E-01	3.605015E-01	
201	7.932133E-01	7.665235E-01	3.377666E-01	
202	7.948435E-01	7.842197E-01	3.524178E-01	
203	7.971372E-01	7.897662E-01	3.586132E-01	
204	8.102429E-01	7.920514E-01	3.460998E-01	
205	8.009553E-01	7.891487E-01	3.573874E-01	
206	8.144702E-01	7.828516E-01	3.515741E-01	
207	8.123806E-01	7.930008E-01	3.385038E-01	
208	8.285499E-01	8.127497E-01	3.431185E-01	
209	8.093942E-01	7.887712E-01	3.553764E-01	
210	8.257217E-01	7.776120E-01	3.557532E-01	
211	8.244922E-01	7.810247E-01	3.477186E-01	
212	8.368237E-01	7.776478E-01	3.531006E-01	
213	8.166008E-01	7.673217E-01	3.316332E-01	
214	8.296659E-01	7.370536E-01	3.269625E-01	
215	8.279732E-01	7.674438E-01	3.534681E-01	
216	7.920608E-01	7.708904E-01	3.339491E-01	
217	8.415950E-01	7.661487E-01	3.449084E-01	
218	8.104960E-01	6.892129E-01	3.480058E-01	
219	8.522537E-01	7.624699E-01	3.483979E-01	
220	8.290172E-01	7.243838E-01	3.316932E-01	
221	8.157984E-01	7.175049E-01	3.386205E-01	
222	8.487686E-01	7.172619E-01	3.413623E-01	
223	8.069160E-01	7.208457E-01	3.461446E-01	
224	8.395044E-01	7.181398E-01	3.318579E-01	
225	7.767243E-01	7.041481E-01	3.280846E-01	
226	7.793279E-01	7.097848E-01	3.438437E-01	
227	8.006471E-01	7.050172E-01	3.483501E-01	
228	8.043520E-01	7.394927E-01	3.256790E-01	
229	8.610912E-01	7.349393E-01	3.355133E-01	
230	7.702062E-01	7.569136E-01	3.376809E-01	
231	7.554890E-01	7.143142E-01	3.336719E-01	
232	7.826604E-01	6.899975E-01	3.306594E-01	
233	7.258864E-01	7.701589E-01	3.279132E-01	
234	8.364642E-01	7.247417E-01	3.350122E-01	
235	6.952591E-01	6.317776E-01	3.309007E-01	
236	7.157260E-01	6.417528E-01	3.452939E-01	
237	7.354670E-01	7.079755E-01	3.373678E-01	
238	7.210794E-01	6.224936E-01	3.307881E-01	
239	8.130829E-01	6.700869E-01	3.167809E-01	
240	7.469641E-01	6.582034E-01	3.228295E-01	
241	6.622505E-01	5.771429E-01	3.224079E-01	
242	6.994345E-01	6.863767E-01	3.274198E-01	
243	7.863579E-01	5.885131E-01	3.116341E-01	
244	5.181066E-01	6.283924E-01	3.274651E-01	
245	6.657909E-01	7.274580E-01	3.264539E-01	
246	5.574422E-01	7.251634E-01	3.442967E-01	
247	6.925549E-01	6.337831E-01	3.368697E-01	
248	6.324145E-01	6.195490E-01	3.361270E-01	
249	5.717653E-01	7.464805E-01	3.122665E-01	
250	5.438461E-01	7.110844E-01	3.356866E-01	
251	4.833138E-01	6.373781E-01	3.199016E-01	
252	5.207123E-01	6.526484E-01	3.273256E-01	
253	6.217306E-01	7.709024E-01	3.270050E-01	
254	5.465544E-01	7.783757E-01	3.130276E-01	
255	5.880750E-01	7.567559E-01	3.161480E-01	
256	4.192287E-01	6.213871E-01	3.144612E-01	
257	5.398888E-01	8.504125E-01	3.283461E-01	
258	5.168499E-01	6.754475E-01	3.184302E-01	
259	5.939879E-01	5.263953E-01	3.172607E-01	
260	6.256434E-01	6.128831E-01	3.117312E-01	
261	4.740514E-01	5.424693E-01	3.332195E-01	
262	3.964409E-01	6.380009E-01	3.369818E-01	
263	2.963134E-01	6.172651E-01	3.095833E-01	
264	4.640565E-01	7.840909E-01	2.938720E-01	
265	3.965240E-01	6.428078E-01	2.889427E-01	
266	3.987139E-01	5.365039E-01	3.281263E-01	
267	3.329437E-01	8.554421E-01	2.971686E-01	
268	3.064979E-01	6.841344E-01	3.092797E-01	
269	2.979150E-01	8.016810E-01	3.197558E-01	
270	4.614290E-01	6.526539E-01	3.127951E-01	
271	3.796633E-01	7.279027E-01	3.082218E-01	
272	2.213678E-01	6.578003E-01	2.985441E-01	
273	4.717611E-01	6.226341E-01	2.980771E-01	
274	3.316865E-01	5.747724E-01	3.280726E-01	
275	3.981181E-01	4.759249E-01	2.954310E-01	
276	2.721141E-01	6.200446E-01	3.169967E-01	
277	3.240574E-01	5.770351E-01	2.965994E-01	
278	2.369518E-01	7.229096E-01	3.133018E-01	
279	2.450509E-01	6.955093E-01	3.024675E-01	
280	1.602917E-01	5.699359E-01	3.120049E-01	
281	2.146459E-01	8.240788E-01	3.053626E-01	
282	2.037063E-01	6.441060E-01	3.166701E-01	
283	2.460543E-01	8.683275E-01	2.919899E-01	
284	2.807840E-01	6.197866E-01	2.988134E-01	
285	1.743156E-01	4.115382E-01	3.010521E-01	
286	2.749431E-01	5.601984E-01	2.815632E-01	
287	3.355403E-01	8.133868E-01	3.038906E-01	
288	2.926805E-01	6.508780E-01	2.925546E-01	
289	2.555310E-01	5.014538E-01	2.879658E-01	
290	3.891585E-01	7.232158E-01	2.978503E-01	
291	2.309775E-01	6.906945E-01	3.063126E-01	
292	2.392064E-01	6.576094E-01	2.930925E-01	
293	1.737155E-01	7.522662E-01	3.096118E-01	
294	2.573631E-01	4.500487E-01	2.911031E-01	
295	1.622674E-01	3.668252E-01	2.985984E-01	
296	2.685203E-01	5.442510E-01	2.929646E-01	
297	3.735221E-01	2.761660E-01	2.816988E-01	
298	2.889447E-01	3.773069E-01	3.048364E-01	
299	3.223662E-01	3.952481E-01	2.810886E-01	
300	3.208522E-01	4.775037E-01	3.004849E-01	
301	3.281787E-01	4.076386E-01	2.874319E-01	
302	2.680620E-01	7.095827E-01	2.844562E-01	
303	2.724679E-01	0	2.905958E-01	
304	3.364185E-01	3.511886E-01	2.958024E-01	
305	4.190563E-01	6.109083E-01	2.985076E-01	
306	3.420691E-01	4.989132E-01	3.061495E-01	
307	3.608156E-01	2.253625E-01	2.694164E-01	
308	3.463413E-01	4.989799E-01	2.951542E-01	
309	2.987875E-01	4.369988E-01	2.880155E-01	
310	3.659127E-01	4.127178E-01	2.924261E-01	
311	2.869838E-01	5.805563E-01	2.882762E-01	
312	3.555395E-01	1.283697E-01	2.829760E-01	
313	4.339112E-01	3.600607E-01	3.000039E-01	
314	3.957561E-01	3.214212E-01	3.006018E-01	
315	2.921493E-01	2.199896E-01	2.882670E-01	
316	3.004072E-01	4.246651E-01	2.816526E-01	
317	3.211630E-01	3.811329E-01	3.012635E-01	
318	4.562820E-01	1.103158E-01	2.972640E-01	
319	5.348729E-01	7.446604E-01	2.907720E-01	
320	4.218947E-01	3.000996E-01	2.857317E-01	
321	7.372182E-01	3.242353E-01	2.831960E-01	
322	5.854165E-01	1.927687E-01	2.805184E-01	
323	6.499062E-01	3.080237E-01	2.950784E-01	
324	6.563820E-01	8.027864E-02	2.963797E-01	
325	5.801514E-01	3.839788E-01	2.939466E-01	
326	8.458118E-01	1.944729E-01	2.909244E-01	
327	7.483791E-01	2.010873E-01	3.008197E-01	
328	8.197723E-01	5.788197E-01	2.843842E-01	
329	8.328051E-01	3.689259E-01	2.792992E-01	
330	7.175225E-01	4.537831E-01	2.818424E-01	
331	7.946560E-01	3.847427E-01	2.998152E-01	
332	8.110165E-01	6.918740E-01	2.894294E-01	
333	6.616394E-01	3.569104E-01	3.009835E-01	
334	5.610749E-01	1.695610E-01	2.972493E-01	
335	8.921664E-01	8.374409E-02	2.946760E-01	
336	7.472800E-01	6.055229E-01	2.911747E-01	
337	5.054918E-01	6.692326E-01	2.907505E-01	
338	7.024960E-01	3.033259E-01	2.927350E-01	
339	3.671925E-01	1.426027E-01	2.978205E-01	
340	5.517301E-01	2.407488E-01	2.857404E-01	
341	3.480791E-01	3.024641E-02	2.975039E-01	
342	5.907691E-01	5.204949E-01	2.873475E-01	
343	4.119030E-01	3.931831E-01	2.792501E-01	
344	3.299611E-01	1.631147E-01	2.882146E-01	
345	2.223859E-01	9.481781E-05	2.949100E-01	
346	8.914961E-02	4.629072E-02	2.941799E-01	
347	3.714379E-01	6.821932E-01	2.886214E-01	
348	1.289341E-01	1.174618E-01	3.025954E-01	
349	4.994011E-01	3.543272E-01	2.959716E-01	
350	5.333038E-02	8.857249E-01	2.927596E-01	
351	2.497695E-01	6.851467E-01	3.072256E-01	
352	2.023580E-01	2.837170E-01	2.818558E-01	
353	6.175841E-02	1.859368E-01	2.784589E-01	
354	3.515917E-01	1.410258E-01	2.994744E-01	
355	2.364600E-01	2.253869E-01	2.874960E-01	
356	2.500789E-01	9.661021E-02	2.926941E-01	
357	3.660649E-01	5.298164E-01	2.994064E-01	
358	1.332945E-01	3.153868E-01	2.832396E-01	
359	3.907251E-01	3.674588E-01	2.825977E-01	
360	3.833611E-01	2.558780E-01	2.878220E-01	
361	2.227820E-01	1.895549E-01	2.721025E-01	
362	3.800958E-01	3.374637E-02	2.935539E-01	
363	4.047191E-01	1.408072E-01	2.790100E-01	
364	4.945447E-01	1.682343E-01	2.883322E-01	
365	4.393926E-01	3.724111E-01	3.030034E-01	
366	2.909781E-01	1.583173E-01	2.814784E-01	
367	3.979767E-01	2.358221E-02	2.725697E-01	
368	3.978502E-01	1.555461E-01	2.732424E-01	
369	2.206970E-01	3.672800E-01	2.967643E-01	
370	2.748188E-01	2.575303E-01	2.831927E-01	
371	3.249294E-01	7.940140E-02	2.895417E-01	
372	1.021687E-01	7.854413E-02	2.817112E-01	
373	1.364837E-01	1.812257E-01	2.693683E-01	
374	2.774884E-01	3.540007E-01	2.996454E-01	
375	1.553415E-01	5.644488E-01	2.778749E-01	
376	2.513384E-01	2.969045E-01	2.883389E-01	
377	2.601709E-01	2.073734E-01	2.893798E-01	
378	8.324991E-02	3.029223E-01	2.644894E-01	
379	2.282022E-01	4.295403E-01	2.976299E-01	
380	2.781374E-01	2.991360E-02	2.857939E-01	
381	2.093659E-01	4.996707E-02	2.786100E-01	
382	2.496619E-01	9.633806E-02	2.854798E-01	
383	3.809687E-01	2.791235E-01	3.016861E-01	
384	9.447766E-02	1.766354E-01	2.718537E-01	
385	2.786350E-01	1.925019E-02	2.850948E-01	
386	2.294353E-01	1.341488E-01	2.688740E-01	
387	1.594158E-01	0	2.702465E-01	
388	1.939356E-01	1.159809E-01	2.780092E-01	
389	4.617221E-01	2.700416E-01	2.738712E-01	
390	2.107172E-01	5.965647E-02	2.737487E-01	
391	2.940502E-01	5.091535E-01	2.875095E-01	
392	4.646664E-03	1.890397E-01	2.969354E-01	
393	2.122305E-01	1.089697E-01	2.863513E-01	
394	2.083096E-01	0	2.919118E-01	
395	3.779723E-01	3.585621E-02	2.695478E-01	
396	3.992886E-01	3.300973E-02	2.838355E-01	
397	2.522110E-01	4.091821E-01	2.704270E-01	
398	3.314111E-01	2.099195E-01	2.979464E-01	
399	2.773656E-01	1.780720E-01	2.719524E-01	
400	1.949231E-01	9.721797E-02	2.631133E-01	
401	1.012439E-01	0	2.700215E-01	
402	2.002465E-01	7.673871E-01	2.664583E-01	
403	2.247464E-01	3.682141E-02	2.758116E-01	
404	1.320931E-01	1.327040E-01	2.772995E-01	
405	2.208484E-01	9.939509E-02	2.707448E-01	
406	3.413787E-01	3.571694E-01	3.021403E-01	
407	2.195096E-01	1.428538E-01	2.742672E-01	
408	1.692562E-01	2.403011E-01	2.577345E-01	
409	2.495101E-01	1.089481E-01	3.058820E-01	
410	4.230247E-01	3.376538E-01	2.729473E-01	
411	3.125430E-01	3.869936E-01	2.689963E-01	
412	3.708458E-01	1.895369E-01	2.609561E-01	
413	4.698356E-01	5.670072E-01	2.934285E-01	
414	1.692414E-01	0	2.958666E-01	
415	2.330463E-01	0	3.046098E-01	
416	5.899724E-01	1.586628E-01	3.221709E-01	
417	3.642210E-01	1.627154E-01	2.610059E-01	
418	5.951094E-01	1.133878E-01	3.002857E-01	
419	5.070393E-01	3.781364E-01	2.839184E-01	
420	4.362581E-01	2.021434E-02	2.649916E-01	
421	2.803639E-01	0	2.858069E-01	
422	4.424956E-01	2.567934E-01	3.178279E-01	
423	1.432155E-01	2.195677E-01	3.150406E-01	
424	2.144040E-01	4.520416E-01	2.987422E-01	
425	1.855470E-01	0	2.756781E-01	
426	0	2.303127E-01	3.032405E-01	
427	0	0	2.822877E-01	
428	0	0	2.998535E-01	
429	0	0	2.719110E-01	
430	0	8.716057E-01	2.669058E-01	
431	0	0	2.613264E-01	
432	0	0	2.901685E-01	
433	0	1.247555E-01	3.201021E-01	
434	0	1.141678E-01	2.661782E-01	
435	0	0	2.990696E-01	
436	0	0	3.107100E-01	
437	0	0	2.835602E-01	
438	0	0	3.118787E-01	
439	0	0	3.168506E-01	
440	0	0	2.810347E-01	
441	0	3.990797E-01	3.237251E-01	
442	0	4.614695E-01	3.001593E-01	
443	0	0	2.652423E-01	
444	0	2.849361E-01	2.647462E-01	
445	0	0	2.904909E-01	
446	0	0	2.969333E-01	
447	0	0	2.865834E-01	
448	0	0	3.186983E-01	
449	0	0	2.669719E-01	
450	0	0	2.547558E-01	
451	0	0	3.033162E-01	
452	0	0	3.326826E-01	
453	0	2.933697E-01	2.996933E-01	
454	0	0	3.297209E-01	
455	0	0	2.409336E-01	
456	0	0	2.659782E-01	
457	0	0	2.963952E-01	
458	0	0	2.941379E-01	
459	0	0	3.034302E-01	
460	0	0	2.830492E-01	
461	0	2.790547E-01	2.264481E-01	
462	0	0	3.141394E-01	
463	0	0	3.122913E-01	
464	0	0	3.225779E-01	
465	0	7.221281E-01	2.592072E-01	
466	0	0	2.916597E-01	
467	0	0	2.412486E-01	
468	0	6.840006E-01	3.394406E-01	
469	0	0	3.193283E-01	
470	0	0	3.347689E-01	
471	0	0	3.198845E-01	
472	0	0	3.187385E-01	
473	0	0	2.423082E-01	
474	0	0	3.028771E-01	
475	0	0	4.194159E-01	
476	0	0	2.969556E-01	
477	0	0	2.103290E-01	
478	0	0	3.046183E-01	
479	0	0	3.665593E-01	
480	0	0	2.385357E-01	
481	0	0	2.902050E-01	
482	0	0	3.188654E-01	
483	0	3.549079E-01	3.158204E-01	
484	0	0	3.120014E-01	
485	0	0	3.474066E-01	
486	0	0	3.822653E-01	
487	0	0	2.510692E-01	
488	0	0	5.658313E-01	
489	0	0	3.247885E-01	
490	0	0	3.907129E-01	
491	0	0	1.815338E-01	
492	0	0	3.587453E-01	
493	0	0	5.727864E-02	
494	0	0	2.919438E-01	
495	0	0	0	
496	0	0	3.231446E-01	
497	0	0	2.730038E-01	
498	0	0	4.090400E-01	
499	0	0	2.187420E-01	
500	0	0	0	
501	0	0	3.277288E-01	
502	0	0	0	
503	0	0	5.200396E-01	
504	0	0	0	
505	0	0	5.565815E-01	
506	0	0	0	
507	0	0	0	
508	0	0	5.498370E-01	
509	0	0	0	
510	0	0	3.959586E-01	
511	0	0	0	
512	0	0	2.882257E-01	
513	0	0	0	
514	0	0	0	
515	0	0	6.765801E-01	
516	0	0	0	
517	0	0	0	
518	0	0	0	
519	0	0	0	
520	0	0	0	
521	0	0	0	
522	0	0	0	
523	0	0	0	
524	0	0	0	
525	0	0	0	
526	0	0	0	
527	0	0	0	
528	0	0	0	
529	0	0	0	
530	0	0	0	
531	0	0	0	
532	0	0	0	
533	0	0	0	
534	0	0	0	
535	0	0	0	
536	0	0	0	
537	0	0	0	
538	0	0	0	
539	0	0	0	
540	0	0	0	
541	0	0	0	
542	0	0	0	
543	0	0	0	
544	0	0	0	
545	0	0	0	
546	0	0	0	
547	0	0	0	
548	0	0	0	
549	0	0	0	
550	0	0	0	
551	0	0	0	
552	0	0	0	
553	0	0	0	
554	0	0	0	
555	0	0	0	
556	0	0	0	
557	0	0	0	
558	0	0	0	
559	0	0	0	
560	0	0	0	
561	0	0	0	
562	0	0	0	
563	0	0	0	
564	0	0	0	
565	0	0	0	
566	0	0	0	
567	0	0	0	
568	0	0	0	
569	0	0	0	
570	0	0	0	
571	0	0	0	
572	0	0	0	
573	0	0	0	
574	0	0	0	
575	0	0	0	
576	0	0	0	
577	0	0	0	
578	0	0	0	
579	0	0	0	
580	0	0	0	
581	0	0	0	
582	0	0	0	
583	0	0	0	
584	0	0	0	
585	0	0	0	
586	0	0	0	
587	0	0	0	
588	0	0	0	
589	0	0	0	
590	0	0	0	
591	0	0	0	
592	0	0	0	
593	0	0	0	
594	0	0	0	
595	0	0	0	
596	0	0	0	
597	0	0	0	
598	0	0	0	
599	0	0	0	
#NewRun
0	0	0	0	
1	0	0	0	
2	0	0	0	
3	0	0	0	
4	3.349201E-01	3.269419E-01	0	
5	3.296134E-01	3.323407E-01	0	
6	3.274349E-01	3.305144E-01	0	
7	0	0	0	
8	3.415486E-01	3.361596E-01	0	
9	3.330165E-01	3.342627E-01	2.554517E-01	
10	0	0	0	
11	3.355296E-01	3.356569E-01	0	
12	3.330575E-01	3.338680E-01	1.538462E-03	
13	3.370217E-01	3.348120E-01	0	
14	3.325797E-01	3.343633E-01	2.448980E-01	
15	0	0	0	
16	3.386394E-01	3.378412E-01	1.862171E-01	
17	3.345515E-01	3.360113E-01	4.542168E-01	
18	3.381822E-01	3.362079E-01	2.020202E-02	
19	3.356452E-01	3.453276E-01	0	
20	3.402515E-01	3.345421E-01	6.057865E-01	
21	3.342793E-01	3.353951E-01	1.784730E-01	
22	3.385394E-01	3.361116E-01	0	
23	3.361008E-01	3.334751E-01	4.944806E-01	
24	3.407144E-01	3.331733E-01	4.632685E-01	
25	3.384568E-01	3.311285E-01	3.662649E-01	
26	3.303027E-01	3.369022E-01	3.313295E-01	
27	3.392403E-01	3.288114E-01	8.043079E-01	
28	3.336891E-01	3.340831E-01	2.609822E-01	
29	3.329443E-01	3.337761E-01	2.544778E-01	
30	3.339944E-01	3.362504E-01	3.064425E-01	
31	3.318528E-01	3.325017E-01	4.743967E-01	
32	3.311881E-01	3.329959E-01	3.336263E-01	
33	3.297612E-01	3.324526E-01	4.477820E-01	
34	3.274766E-01	3.291312E-01	2.307084E-01	
35	3.285241E-01	3.326972E-01	2.636815E-01	
36	3.263583E-01	3.318442E-01	2.663841E-01	
37	3.282443E-01	3.296124E-01	4.585524E-01	
38	3.299704E-01	3.315978E-01	4.028610E-01	
39	3.260641E-01	3.273518E-01	2.715468E-01	
40	3.248329E-01	3.281906E-01	4.514232E-01	
41	3.249254E-01	3.270375E-01	3.370583E-01	
42	3.268439E-01	3.267698E-01	3.325511E-01	
43	3.206814E-01	3.277325E-01	2.302591E-01	
44	3.245460E-01	3.250880E-01	3.204288E-01	
45	3.232411E-01	3.242319E-01	3.599136E-01	
46	3.228009E-01	3.239883E-01	4.254544E-01	
47	3.226552E-01	3.247381E-01	4.990792E-01	
48	3.211187E-01	3.229569E-01	2.661637E-01	
49	3.238222E-01	3.219138E-01	3.758241E-01	
50	3.239685E-01	3.210421E-01	3.580628E-01	
51	3.224309E-01	3.186213E-01	4.990761E-01	
52	3.193940E-01	3.186765E-01	4.215202E-01	
53	3.201069E-01	3.173850E-01	4.516352E-01	
54	3.193923E-01	3.171598E-01	4.013508E-01	
55	3.177087E-01	3.148719E-01	4.825221E-01	
56	3.162726E-01	3.159749E-01	3.019187E-01	
57	3.174380E-01	3.160033E-01	3.332662E-01	
58	3.153082E-01	3.151460E-01	2.394195E-01	
59	3.151679E-01	3.132637E-01	3.649050E-01	
60	3.133700E-01	3.113256E-01	3.282260E-01	
61	3.126965E-01	3.118343E-01	2.912690E-01	
62	3.123660E-01	3.104593E-01	4.395662E-01	
63	3.125851E-01	3.093260E-01	4.074216E-01	
64	3.107313E-01	3.087821E-01	3.330124E-01	
65	3.085816E-01	3.073997E-01	3.331575E-01	
66	3.107273E-01	3.070774E-01	4.373013E-01	
67	3.079472E-01	3.052196E-01	3.680032E-01	
68	3.064880E-01	3.044410E-01	3.850588E-01	
69	3.074898E-01	3.040811E-01	3.835076E-01	
70	3.046587E-01	3.027466E-01	3.563484E-01	
71	3.029501E-01	3.018680E-01	3.104298E-01	
72	3.039225E-01	2.994369E-01	3.432695E-01	
73	3.025059E-01	2.996622E-01	3.763489E-01	
74	3.018729E-01	2.983427E-01	3.425664E-01	
75	3.002525E-01	2.974329E-01	2.825110E-01	
76	2.998359E-01	2.965261E-01	3.447708E-01	
77	2.996175E-01	2.962765E-01	3.452910E-01	
78	2.979375E-01	2.945368E-01	3.560765E-01	
79	2.972652E-01	2.951939E-01	3.673865E-01	
80	2.958167E-01	2.924461E-01	3.250130E-01	
81	2.964666E-01	2.932351E-01	3.509994E-01	
82	2.954898E-01	2.925677E-01	3.335689E-01	
83	2.942691E-01	2.924372E-01	3.202039E-01	
84	2.937599E-01	2.906622E-01	3.073822E-01	
85	2.931476E-01	2.925686E-01	2.890222E-01	
86	2.924867E-01	2.924331E-01	3.409324E-01	
87	2.925112E-01	2.914047E-01	2.878481E-01	
88	2.922523E-01	2.929755E-01	3.136370E-01	
89	2.934056E-01	2.940960E-01	3.257431E-01	
90	2.921950E-01	2.929213E-01	3.306637E-01	
91	2.928128E-01	2.946642E-01	2.853297E-01	
92	2.924382E-01	2.946854E-01	2.704393E-01	
93	2.943622E-01	2.964541E-01	2.868198E-01	
94	2.954703E-01	2.972081E-01	2.818187E-01	
95	2.965793E-01	2.984893E-01	2.589778E-01	
96	2.977633E-01	3.017479E-01	2.808892E-01	
97	2.982719E-01	3.012962E-01	3.017600E-01	
98	3.002330E-01	3.044918E-01	2.766294E-01	
99	3.032080E-01	3.064331E-01	2.685643E-01	
100	3.026460E-01	3.080426E-01	3.192401E-01	
101	3.062254E-01	3.114064E-01	2.618355E-01	
102	3.090406E-01	3.119890E-01	2.850568E-01	
103	3.106478E-01	3.153430E-01	2.962527E-01	
104	3.122952E-01	3.179175E-01	2.699574E-01	
105	3.166494E-01	3.211404E-01	2.768918E-01	
106	3.192799E-01	3.242166E-01	2.841552E-01	
107	3.227303E-01	3.268074E-01	2.827273E-01	
108	3.249674E-01	3.293184E-01	2.993157E-01	
109	3.286603E-01	3.341416E-01	2.821259E-01	
110	3.310900E-01	3.366878E-01	2.702924E-01	
111	3.350811E-01	3.395452E-01	2.703189E-01	
112	3.392518E-01	3.448440E-01	2.816851E-01	
113	3.414431E-01	3.479143E-01	2.762193E-01	
114	3.449870E-01	3.522664E-01	3.142947E-01	
115	3.495020E-01	3.554362E-01	2.724407E-01	
116	3.540746E-01	3.592429E-01	2.934400E-01	
117	3.574720E-01	3.635823E-01	2.780710E-01	
118	3.624454E-01	3.694434E-01	2.980766E-01	
119	3.658619E-01	3.717389E-01	2.625509E-01	
120	3.714939E-01	3.763440E-01	2.840349E-01	
121	3.764584E-01	3.804724E-01	2.748816E-01	
122	3.813285E-01	3.846475E-01	2.913826E-01	
123	3.874335E-01	3.908280E-01	2.933995E-01	
124	3.896540E-01	3.948610E-01	2.979221E-01	
125	3.957076E-01	3.996191E-01	2.792807E-01	
126	4.010843E-01	4.054805E-01	2.826425E-01	
127	4.071039E-01	4.094150E-01	2.956186E-01	
128	4.116735E-01	4.153761E-01	3.062179E-01	
129	4.183710E-01	4.213808E-01	2.949363E-01	
130	4.219547E-01	4.255629E-01	3.004556E-01	
131	4.273371E-01	4.312324E-01	3.031102E-01	
132	4.328730E-01	4.379710E-01	2.946889E-01	
133	4.364381E-01	4.410581E-01	3.107875E-01	
134	4.444542E-01	4.510163E-01	2.901066E-01	
135	4.476190E-01	4.557743E-01	2.848271E-01	
136	4.557496E-01	4.619345E-01	2.917775E-01	
137	4.600007E-01	4.690056E-01	3.003967E-01	
138	4.633970E-01	4.773595E-01	3.135213E-01	
139	4.690210E-01	4.803835E-01	3.409000E-01	
140	4.753881E-01	4.851308E-01	3.254828E-01	
141	4.837562E-01	4.951574E-01	3.208127E-01	
142	4.873165E-01	4.990043E-01	3.454145E-01	
143	4.946128E-01	5.055284E-01	2.930840E-01	
144	4.990439E-01	5.105275E-01	3.040537E-01	
145	5.070645E-01	5.125476E-01	3.390757E-01	
146	5.142964E-01	5.240107E-01	3.327812E-01	
147	5.168404E-01	5.304092E-01	3.365933E-01	
148	5.243405E-01	5.306765E-01	3.200474E-01	
149	5.301816E-01	5.400253E-01	3.461001E-01	
150	5.342873E-01	5.474769E-01	3.509126E-01	
151	5.439406E-01	5.504206E-01	3.344089E-01	
152	5.489086E-01	5.556284E-01	3.354997E-01	
153	5.545560E-01	5.621694E-01	3.292785E-01	
154	5.605931E-01	5.711730E-01	3.223186E-01	
155	5.656875E-01	5.740484E-01	3.482442E-01	
156	5.708370E-01	5.809059E-01	3.498261E-01	
157	5.815570E-01	5.859300E-01	3.207795E-01	
158	5.878968E-01	5.983560E-01	3.494000E-01	
159	5.880930E-01	6.016316E-01	3.490713E-01	
160	5.978021E-01	6.098881E-01	3.469661E-01	
161	5.974647E-01	6.137873E-01	3.864669E-01	
162	6.137141E-01	6.222238E-01	3.574836E-01	
163	6.163449E-01	6.217349E-01	3.348671E-01	
164	6.172884E-01	6.311463E-01	3.689580E-01	
165	6.248044E-01	6.366008E-01	3.700531E-01	
166	6.261913E-01	6.476956E-01	3.629963E-01	
167	6.278011E-01	6.509932E-01	3.714193E-01	
168	6.396406E-01	6.565250E-01	3.506751E-01	
169	6.421054E-01	6.697432E-01	3.617480E-01	
170	6.412278E-01	6.730453E-01	3.751258E-01	
171	6.514298E-01	6.773864E-01	3.595951E-01	
172	6.642653E-01	6.742181E-01	3.704415E-01	
173	6.545414E-01	6.809898E-01	3.513556E-01	
174	6.654450E-01	6.847913E-01	3.653382E-01	
175	6.669038E-01	6.947902E-01	3.744835E-01	
176	6.737192E-01	6.980619E-01	3.697799E-01	
177	6.756543E-01	6.997085E-01	3.511971E-01	
178	6.853748E-01	7.013081E-01	3.821480E-01	
179	7.059152E-01	7.081616E-01	3.560996E-01	
180	6.906303E-01	7.096426E-01	3.550373E-01	
181	6.984500E-01	7.220560E-01	3.466374E-01	
182	7.109315E-01	7.272129E-01	3.465142E-01	
183	7.039304E-01	7.320882E-01	3.548650E-01	
184	7.048187E-01	7.404019E-01	3.508696E-01	
185	7.112377E-01	7.337198E-01	3.433524E-01	
186	7.168236E-01	7.461794E-01	3.435898E-01	
187	7.122229E-01	7.406681E-01	3.573877E-01	
188	7.142283E-01	7.579787E-01	3.628510E-01	
189	7.136558E-01	7.536383E-01	3.859106E-01	
190	7.281211E-01	7.552323E-01	3.724075E-01	
191	7.270486E-01	7.640809E-01	3.606500E-01	
192	7.284676E-01	7.595067E-01	3.593392E-01	
193	7.265277E-01	7.469294E-01	3.578446E-01	
194	7.302203E-01	7.778452E-01	3.544664E-01	
195	7.281771E-01	7.668868E-01	3.433409E-01	
196	7.332380E-01	7.764190E-01	3.458984E-01	
197	7.352523E-01	7.747315E-01	3.572562E-01	
198	7.170581E-01	7.888200E-01	3.505225E-01	
199	7.307876E-01	7.847770E-01	3.421418E-01	
200	7.288741E-01	7.993645E-01	3.488996E-01	
201	7.078323E-01	7.826474E-01	3.342062E-01	
202	7.160705E-01	7.905302E-01	3.480142E-01	
203	7.129459E-01	7.903900E-01	3.396418E-01	
204	7.126902E-01	7.941410E-01	3.601968E-01	
205	6.793623E-01	8.043790E-01	3.544053E-01	
206	7.034937E-01	7.916971E-01	3.451764E-01	
207	6.551996E-01	7.940045E-01	3.517726E-01	
208	6.907870E-01	8.229348E-01	3.487077E-01	
209	6.834432E-01	7.815237E-01	3.447861E-01	
210	6.964316E-01	8.273272E-01	3.285395E-01	
211	7.166875E-01	7.890121E-01	3.203626E-01	
212	6.979543E-01	8.027386E-01	3.416953E-01	
213	6.706718E-01	8.102594E-01	3.477969E-01	
214	6.552388E-01	7.837265E-01	3.611854E-01	
215	7.191705E-01	7.903386E-01	3.432138E-01	
216	6.714233E-01	8.126846E-01	3.718294E-01	
217	6.415639E-01	8.106035E-01	3.557208E-01	
218	6.725696E-01	8.176000E-01	3.310689E-01	
219	6.442410E-01	7.710117E-01	3.293907E-01	
220	6.606929E-01	7.737520E-01	3.478035E-01	
221	6.635984E-01	8.191030E-01	3.298478E-01	
222	7.089330E-01	7.879573E-01	3.041262E-01	
223	6.403044E-01	7.999899E-01	3.263679E-01	
224	6.879489E-01	8.012280E-01	3.369384E-01	
225	6.987164E-01	8.523919E-01	3.144697E-01	
226	6.987788E-01	7.793064E-01	3.547403E-01	
227	6.862354E-01	7.666905E-01	3.321032E-01	
228	6.564541E-01	8.084873E-01	3.598639E-01	
229	6.138251E-01	7.951872E-01	3.454776E-01	
230	6.400101E-01	7.912336E-01	3.370485E-01	
231	6.659656E-01	7.844276E-01	3.289337E-01	
232	6.404351E-01	7.220257E-01	3.343581E-01	
233	6.452281E-01	7.568180E-01	3.291563E-01	
234	5.974967E-01	7.474709E-01	3.291352E-01	
235	5.877805E-01	6.576110E-01	3.262588E-01	
236	6.108294E-01	8.028026E-01	3.238571E-01	
237	6.438862E-01	8.211314E-01	3.226986E-01	
238	5.929307E-01	7.160041E-01	3.436975E-01	
239	6.069987E-01	7.558022E-01	3.448102E-01	
240	6.155053E-01	6.777059E-01	3.307641E-01	
241	6.280994E-01	5.883244E-01	3.223803E-01	
242	6.486646E-01	7.650073E-01	3.176125E-01	
243	5.683352E-01	7.578181E-01	3.309329E-01	
244	7.243327E-01	5.132621E-01	3.274189E-01	
245	5.398844E-01	5.905685E-01	2.949802E-01	
246	5.432972E-01	5.879492E-01	3.278107E-01	
247	5.494596E-01	6.762419E-01	3.367170E-01	
248	5.493628E-01	5.355919E-01	3.254173E-01	
249	5.478017E-01	3.966397E-01	3.272938E-01	
250	4.699269E-01	6.124954E-01	3.323130E-01	
251	5.264511E-01	5.959662E-01	3.353826E-01	
252	4.398301E-01	6.464815E-01	3.228789E-01	
253	4.972228E-01	5.603170E-01	3.380426E-01	
254	4.778450E-01	7.620456E-01	3.404066E-01	
255	4.497777E-01	6.146750E-01	3.123617E-01	
256	4.161724E-01	7.660753E-01	3.342576E-01	
257	4.331321E-01	6.355110E-01	3.178533E-01	
258	3.492085E-01	6.836702E-01	3.266673E-01	
259	4.482089E-01	6.701122E-01	3.109372E-01	
260	4.364878E-01	6.293122E-01	3.487713E-01	
261	3.882654E-01	6.206497E-01	3.195250E-01	
262	3.276788E-01	6.200992E-01	3.045788E-01	
263	3.202720E-01	6.790264E-01	3.249584E-01	
264	3.604926E-01	6.452669E-01	3.028424E-01	
265	4.075171E-01	5.610921E-01	3.109664E-01	
266	2.988141E-01	6.295067E-01	3.058162E-01	
267	3.261782E-01	5.663057E-01	3.117395E-01	
268	3.336014E-01	7.340197E-01	2.967126E-01	
269	2.601183E-01	7.651060E-01	3.178571E-01	
270	2.925521E-01	4.558173E-01	3.116309E-01	
271	2.276482E-01	1.756707E-01	3.028666E-01	
272	2.544577E-01	4.455398E-01	3.224105E-01	
273	2.734270E-01	1.407687E-01	3.026131E-01	
274	2.836660E-01	2.112477E-01	2.986932E-01	
275	2.805935E-01	3.618825E-01	3.221796E-01	
276	2.544317E-01	4.159972E-01	3.020944E-01	
277	2.589076E-01	1.896668E-01	3.031156E-01	
278	3.283337E-01	2.892243E-01	3.054518E-01	
279	2.901741E-01	4.119959E-01	3.124152E-01	
280	2.730585E-01	3.749975E-01	2.927204E-01	
281	3.071116E-01	3.036184E-01	3.098440E-01	
282	3.051564E-01	1.558588E-01	3.033894E-01	
283	3.243392E-01	3.072384E-01	2.843564E-01	
284	2.844674E-01	0	2.876028E-01	
285	2.705833E-01	2.835827E-01	2.925244E-01	
286	2.873127E-01	3.129052E-01	2.849642E-01	
287	2.647722E-01	2.866608E-01	2.857477E-01	
288	2.946645E-01	4.974481E-01	3.039438E-01	
289	2.697857E-01	4.470077E-01	2.946555E-01	
290	2.704668E-01	5.956271E-01	3.072989E-01	
291	3.575625E-01	3.069097E-01	2.945831E-01	
292	2.898452E-01	4.434996E-01	2.862096E-01	
293	2.880451E-01	3.397347E-01	2.840395E-01	
294	3.243278E-01	2.736656E-01	2.768118E-01	
295	3.400200E-01	2.958000E-01	2.924155E-01	
296	2.714455E-01	2.104420E-01	2.834261E-01	
297	3.521507E-01	3.282623E-01	2.995018E-01	
298	3.854236E-01	2.900389E-01	2.904216E-01	
299	3.455478E-01	4.982087E-01	2.928575E-01	
300	3.716816E-01	1.914531E-01	2.821415E-01	
301	4.040644E-01	1.420422E-01	3.021897E-01	
302	4.151916E-01	4.756531E-01	2.950603E-01	
303	4.022797E-01	3.100360E-01	3.131378E-01	
304	3.827092E-01	1.079090E-01	2.947325E-01	
305	3.601678E-01	1.958828E-01	3.043353E-01	
306	4.070387E-01	2.068741E-01	2.934233E-01	
307	3.656097E-01	0	2.801814E-01	
308	3.818251E-01	3.157161E-01	3.001925E-01	
309	3.857323E-01	3.030467E-01	2.926853E-01	
310	3.749109E-01	2.944366E-01	2.849061E-01	
311	3.475663E-01	1.756260E-01	2.974202E-01	
312	3.406168E-01	5.865233E-01	3.007122E-01	
313	3.058943E-01	2.063154E-01	2.809146E-01	
314	2.812602E-01	4.094460E-01	3.052963E-01	
315	3.256143E-01	5.955880E-01	2.887379E-01	
316	3.262234E-01	4.258079E-01	2.825894E-01	
317	3.292158E-01	5.492517E-02	2.968554E-01	
318	2.870320E-01	3.833282E-01	3.049601E-01	
319	2.648418E-01	9.308180E-02	2.958524E-01	
320	2.838674E-01	2.560947E-01	2.928955E-01	
321	2.748575E-01	8.185042E-02	3.054847E-01	
322	2.594716E-01	4.143964E-01	2.859135E-01	
323	2.509530E-01	3.935008E-01	2.948451E-01	
324	2.344192E-01	1.378055E-01	2.992459E-01	
325	2.322589E-01	5.758081E-01	2.877186E-01	
326	2.694907E-01	2.800594E-01	2.937702E-01	
327	2.712834E-01	1.917511E-01	2.926303E-01	
328	2.713498E-01	4.833690E-01	2.946283E-01	
329	2.732246E-01	4.056989E-01	2.811818E-01	
330	2.954044E-01	2.561498E-01	2.863883E-01	
331	2.799032E-01	7.339298E-01	2.858755E-01	
332	2.640528E-01	2.640820E-01	2.857911E-01	
333	2.808264E-01	2.763445E-01	2.985022E-01	
334	2.554259E-01	8.711881E-01	3.034876E-01	
335	3.104722E-01	4.551663E-02	2.819928E-01	
336	2.932610E-01	1.926616E-01	2.719174E-01	
337	2.692392E-01	3.434047E-01	2.941379E-01	
338	2.933415E-01	3.595490E-01	2.889547E-01	
339	2.744665E-01	7.087312E-01	2.902737E-01	
340	2.965666E-01	3.500130E-01	2.897507E-01	
341	2.663916E-01	1.971646E-01	2.912257E-01	
342	2.590389E-01	5.354548E-03	2.934210E-01	
343	3.062047E-01	4.931744E-01	2.830922E-01	
344	2.956274E-01	1.340078E-01	3.005566E-01	
345	3.016201E-01	5.314633E-01	3.106726E-01	
346	2.797528E-01	3.035543E-01	2.676982E-01	
347	2.376615E-01	3.123906E-01	2.865773E-01	
348	3.022850E-01	3.275843E-01	2.799639E-01	
349	3.167485E-01	3.035551E-01	2.981765E-01	
350	2.901925E-01	3.599530E-01	2.901191E-01	
351	2.919674E-01	3.662991E-01	2.882572E-01	
352	2.898965E-01	3.591247E-01	2.844776E-01	
353	3.089445E-01	9.584207E-01	2.828600E-01	
354	3.674212E-01	3.020258E-01	2.842282E-01	
355	3.353705E-01	4.616620E-01	2.907723E-01	
356	2.968357E-01	0	2.911888E-01	
357	3.416696E-01	3.096336E-03	2.869278E-01	
358	2.955991E-01	7.860452E-01	2.619508E-01	
359	3.440782E-01	3.125515E-01	2.750351E-01	
360	3.423775E-01	4.422238E-02	2.846909E-01	
361	3.553718E-01	1.809733E-01	2.728019E-01	
362	3.403640E-01	3.666718E-01	3.018462E-01	
363	3.620868E-01	1.087040E-01	2.888695E-01	
364	3.392121E-01	0	2.709401E-01	
365	2.839143E-01	3.947984E-01	2.781549E-01	
366	3.453172E-01	1.690907E-01	2.887160E-01	
367	3.488706E-01	1.781930E-01	2.786107E-01	
368	2.676996E-01	3.163938E-01	2.845408E-01	
369	2.885826E-01	1.747087E-01	2.885973E-01	
370	2.959283E-01	8.249846E-01	2.819667E-01	
371	2.674005E-01	1.987979E-01	2.978989E-01	
372	3.541186E-01	3.495325E-01	2.819634E-01	
373	3.148965E-01	3.416799E-01	2.647381E-01	
374	2.636084E-01	1.753600E-02	3.023250E-01	
375	3.203834E-01	3.149566E-01	2.877338E-01	
376	3.354876E-01	4.138355E-01	2.858006E-01	
377	2.362887E-01	1.925402E-01	2.809888E-01	
378	3.108564E-01	5.902293E-02	2.768897E-01	
379	3.496804E-01	4.013419E-01	2.981573E-01	
380	2.363792E-01	3.182102E-01	2.908226E-01	
381	2.906686E-01	3.675210E-01	2.725559E-01	
382	2.860219E-01	1.886071E-01	2.609922E-01	
383	2.846236E-01	1.706263E-01	2.916420E-01	
384	3.066768E-01	4.207529E-01	3.008186E-01	
385	3.017509E-01	2.666181E-01	2.574894E-01	
386	3.429585E-01	3.580531E-01	2.741465E-01	
387	3.385205E-01	3.591028E-01	2.830855E-01	
388	3.514665E-01	7.316249E-02	2.828398E-01	
389	3.508212E-01	1.587085E-01	2.935007E-01	
390	3.645607E-01	7.101622E-02	2.646526E-01	
391	3.760591E-01	4.970268E-01	2.792930E-01	
392	3.811699E-01	0	2.744664E-01	
393	3.740437E-01	3.907227E-01	2.810929E-01	
394	3.070458E-01	3.849024E-01	2.827376E-01	
395	3.190427E-01	5.195564E-01	2.815439E-01	
396	3.531622E-01	1.196517E-01	2.768815E-01	
397	3.449013E-01	5.383860E-01	3.018924E-01	
398	3.122633E-01	3.727974E-02	2.752611E-01	
399	2.797273E-01	3.416844E-01	2.739589E-01	
400	2.435760E-01	2.079908E-01	2.953218E-01	
401	3.280367E-01	3.047706E-01	2.803715E-01	
402	3.219894E-01	1.689787E-01	2.793569E-01	
403	3.334783E-01	0	2.720916E-01	
404	3.374807E-01	1.495952E-01	2.937852E-01	
405	2.631465E-01	9.446431E-02	2.684288E-01	
406	3.624528E-01	8.083755E-02	2.594496E-01	
407	2.702014E-01	1.627549E-01	3.050022E-01	
408	3.388883E-01	0	2.879473E-01	
409	2.902671E-01	3.093892E-01	2.625851E-01	
410	2.456066E-01	3.953875E-02	2.693525E-01	
411	2.674804E-01	3.460723E-01	2.822208E-01	
412	2.605788E-01	4.776122E-01	2.734280E-01	
413	2.650752E-01	7.667897E-02	2.777949E-01	
414	2.126596E-01	1.673757E-01	2.940487E-01	
415	1.947305E-01	3.925402E-01	2.970049E-01	
416	1.788040E-01	0	2.843652E-01	
417	1.987454E-01	9.422356E-02	2.766247E-01	
418	1.897196E-01	2.920679E-02	2.975224E-01	
419	2.015924E-01	4.527623E-01	3.033012E-01	
420	2.382842E-01	1.690746E-01	2.842003E-01	
421	1.735715E-01	3.967923E-01	2.935231E-01	
422	2.292193E-01	0	2.722348E-01	
423	2.436554E-01	3.076642E-01	2.610129E-01	
424	2.040807E-01	0	3.185985E-01	
425	2.638822E-01	3.333059E-01	2.799590E-01	
426	2.236244E-01	0	2.931483E-01	
427	1.742624E-01	0	3.037412E-01	
428	1.431675E-01	9.024061E-01	2.895107E-01	
429	1.919010E-01	0	3.075378E-01	
430	9.766121E-02	8.257105E-02	3.115543E-01	
431	1.968867E-01	1.423505E-01	2.940103E-01	
432	1.378199E-01	2.784499E-01	2.601986E-01	
433	1.265393E-01	3.841535E-01	3.060625E-01	
434	1.592664E-01	1.912233E-01	2.760714E-01	
435	1.324840E-01	7.631312E-01	2.887364E-01	
436	2.043802E-01	4.929813E-02	3.118245E-01	
437	1.437136E-01	5.806118E-01	3.136670E-01	
438	1.517828E-01	8.721932E-01	3.089117E-01	
439	2.129841E-01	1.022833E-01	2.897650E-01	
440	1.360839E-01	3.477366E-01	2.972861E-01	
441	1.951626E-01	0	3.089301E-01	
442	2.489362E-01	7.060004E-01	3.024145E-01	
443	2.085016E-01	0	2.845235E-01	
444	2.535135E-01	0	3.054300E-01	
445	2.827777E-01	0	2.766324E-01	
446	3.573385E-01	2.282834E-03	2.864564E-01	
447	3.373404E-01	4.267953E-01	2.959740E-01	
448	3.992442E-01	8.326713E-03	3.101521E-01	
449	3.419323E-01	0	2.837754E-01	
450	2.998487E-01	0	2.758098E-01	
451	4.781501E-01	3.694179E-03	2.789086E-01	
452	4.130642E-01	2.193382E-01	2.629473E-01	
453	5.362519E-01	3.427876E-01	3.362812E-01	
454	4.722168E-01	1.247658E-01	2.820881E-01	
455	4.794653E-01	0	2.640129E-01	
456	4.557689E-01	6.522167E-01	2.979420E-01	
457	6.515029E-01	0	2.687573E-01	
458	5.108267E-01	5.566288E-01	3.814063E-01	
459	4.753411E-01	1.610889E-01	3.034099E-01	
460	4.959987E-01	3.837482E-01	2.695642E-01	
461	6.709872E-01	0	2.724663E-01	
462	4.506251E-01	0	3.174295E-01	
463	6.167217E-01	0	3.025039E-01	
464	4.105526E-01	0	2.777964E-01	
465	6.226740E-01	4.151292E-01	3.087190E-01	
466	0	2.807458E-01	2.905855E-01	
467	7.088593E-01	0	3.268725E-01	
468	0	0	3.207747E-01	
469	7.744092E-01	5.375561E-03	2.373819E-01	
470	0	0	3.327463E-01	
471	0	1.616960E-02	3.374213E-01	
472	8.457345E-01	0	3.482241E-01	
473	0	0	2.701265E-01	
474	0	0	2.835323E-01	
475	0	0	2.909818E-01	
476	0	0	3.109382E-01	
477	0	0	4.174531E-01	
478	0	0	2.888166E-01	
479	0	0	2.623327E-01	
480	0	2.318411E-01	3.037526E-01	
481	0	0	3.179917E-01	
482	0	0	2.943935E-01	
483	0	0	3.418550E-01	
484	0	0	2.372704E-01	
485	0	0	3.239596E-01	
486	0	0	3.393905E-01	
487	0	0	3.106212E-01	
488	0	0	3.887242E-01	
489	0	0	3.217929E-01	
490	0	0	3.337395E-01	
491	0	0	3.823833E-01	
492	0	0	4.110729E-01	
493	0	0	2.350384E-01	
494	0	5.294134E-01	3.338764E-01	
495	0	0	3.102001E-04	
496	0	0	4.155665E-01	
497	0	0	5.892029E-01	
498	0	0	3.073766E-01	
499	0	0	3.859948E-01	
500	0	0	0	
501	0	0	4.525671E-01	
502	0	0	0	
503	0	0	4.526413E-01	
504	0	0	0	
505	0	0	3.656874E-01	
506	0	0	5.750721E-01	
507	0	0	0	
508	0	0	7.535753E-01	
509	0	0	0	
510	0	8.276392E-01	3.632912E-01	
511	0	0	0	
512	0	0	0	
513	0	0	0	
514	0	0	0	
515	0	0	0	
516	0	0	0	
517	0	0	0	
518	0	0	0	
519	0	0	0	
520	0	0	0	
521	0	0	0	
522	0	0	0	
523	0	0	0	
524	0	0	0	
525	0	0	0	
526	0	0	0	
527	0	0	0	
528	0	0	0	
529	0	0	0	
530	0	0	0	
531	0	0	0	
532	0	0	0	
533	0	0	0	
534	0	0	0	
535	0	0	0	
536	0	0	0	
537	0	0	0	
538	0	0	0	
539	0	0	0	
540	0	0	0	
541	0	0	0	
542	0	0	0	
543	0	0	0	
544	0	0	0	
545	0	0	0	
546	0	0	0	
547	0	0	0	
548	0	0	0	
549	0	0	0	
550	0	0	0	
551	0	0	0	
552	0	0	0	
553	0	0	0	
554	0	0	0	
555	0	0	0	
556	0	0	0	
557	0	0	0	
558	0	0	0	
559	0	0	0	
560	0	0	0	
561	0	0	0	
562	0	0	0	
563	0	0	0	
564	0	0	0	
565	0	0	0	
566	0	0	0	
567	0	0	0	
568	0	0	0	
569	0	0	0	
570	0	0	0	
571	0	0	0	
572	0	0	0	
573	0	0	0	
574	0	0	0	
575	0	0	0	
576	0	0	0	
577	0	0	0	
578	0	0	0	
579	0	0	0	
580	0	0	0	
581	0	0	0	
582	0	0	0	
583	0	0	0	
584	0	0	0	
585	0	0	0	
586	0	0	0	
587	0	0	0	
588	0	0	0	
589	0	0	0	
590	0	0	0	
591	0	0	0	
592	0	0	0	
593	0	0	0	
594	0	0	0	
595	0	0	0	
596	0	0	0	
597	0	0	0	
598	0	0	0	
599	0	0	0	
#NewRun
