#COM_Bin	Avg_cosine_squared
#Order is chain type
0	0	0	0	
1	0	0	0	
2	0	0	0	
3	0	0	0	
4	3.411125E-01	2.710010E-01	3.111037E-01	
5	3.382452E-01	2.685203E-01	3.257744E-01	
6	3.206576E-01	3.920129E-01	3.693720E-01	
7	0	0	0	
8	3.338503E-01	3.230144E-01	3.491391E-01	
9	3.319639E-01	3.387249E-01	3.750977E-01	
10	0	0	0	
11	3.367312E-01	3.302865E-01	3.499863E-01	
12	3.320946E-01	3.575985E-01	3.460018E-01	
13	3.354987E-01	2.851790E-01	3.439201E-01	
14	3.322922E-01	3.208453E-01	3.394517E-01	
15	0	0	0	
16	3.311392E-01	3.461734E-01	3.380134E-01	
17	3.304256E-01	2.975692E-01	3.695750E-01	
18	3.300335E-01	3.390341E-01	3.389798E-01	
19	3.182546E-01	3.923143E-01	3.511821E-01	
20	3.314306E-01	3.245501E-01	3.478561E-01	
21	3.281239E-01	3.421568E-01	3.357496E-01	
22	3.304382E-01	3.427393E-01	3.440071E-01	
23	3.280567E-01	3.430571E-01	3.451381E-01	
24	3.309902E-01	3.209337E-01	3.313315E-01	
25	3.309478E-01	3.520362E-01	3.493802E-01	
26	3.284927E-01	3.515770E-01	3.505119E-01	
27	3.235508E-01	3.567874E-01	3.593968E-01	
28	3.302747E-01	3.119321E-01	3.427336E-01	
29	3.258968E-01	3.479058E-01	3.439334E-01	
30	3.283807E-01	3.618425E-01	3.453686E-01	
31	3.312075E-01	3.455612E-01	3.514473E-01	
32	3.273892E-01	3.680146E-01	3.525645E-01	
33	3.273850E-01	3.347734E-01	3.503251E-01	
34	3.307043E-01	3.318426E-01	3.508785E-01	
35	3.305631E-01	3.548263E-01	3.443862E-01	
36	3.302845E-01	3.292200E-01	3.490070E-01	
37	3.270092E-01	3.146443E-01	3.403391E-01	
38	3.253341E-01	3.208019E-01	3.454357E-01	
39	3.270512E-01	3.405535E-01	3.458836E-01	
40	3.261533E-01	3.316703E-01	3.435022E-01	
41	3.250649E-01	3.397116E-01	3.392894E-01	
42	3.250033E-01	3.327845E-01	3.417415E-01	
43	3.258020E-01	3.130996E-01	3.415183E-01	
44	3.219264E-01	3.327283E-01	3.349299E-01	
45	3.268874E-01	3.204570E-01	3.354587E-01	
46	3.250437E-01	3.282014E-01	3.347306E-01	
47	3.221978E-01	3.275760E-01	3.359213E-01	
48	3.255599E-01	3.074761E-01	3.313375E-01	
49	3.231591E-01	3.191725E-01	3.260275E-01	
50	3.259968E-01	3.327434E-01	3.350210E-01	
51	3.251673E-01	3.151576E-01	3.261230E-01	
52	3.232779E-01	3.315534E-01	3.255664E-01	
53	3.224180E-01	3.244162E-01	3.259761E-01	
54	3.224716E-01	3.287293E-01	3.249197E-01	
55	3.214812E-01	3.271644E-01	3.303679E-01	
56	3.214923E-01	3.091424E-01	3.220703E-01	
57	3.209169E-01	3.163358E-01	3.218313E-01	
58	3.211318E-01	3.451266E-01	3.219131E-01	
59	3.170072E-01	3.199996E-01	3.209769E-01	
60	3.178378E-01	3.230938E-01	3.217430E-01	
61	3.166820E-01	3.236266E-01	3.223272E-01	
62	3.166546E-01	3.211801E-01	3.196293E-01	
63	3.165662E-01	3.250870E-01	3.207121E-01	
64	3.145868E-01	3.334786E-01	3.168475E-01	
65	3.147228E-01	3.174474E-01	3.150630E-01	
66	3.151505E-01	3.300144E-01	3.174445E-01	
67	3.145092E-01	3.135381E-01	3.100161E-01	
68	3.129752E-01	3.244195E-01	3.091301E-01	
69	3.138564E-01	3.346298E-01	3.128283E-01	
70	3.123779E-01	3.194411E-01	3.088566E-01	
71	3.130013E-01	3.234927E-01	3.085830E-01	
72	3.113097E-01	3.168280E-01	3.072650E-01	
73	3.118109E-01	3.250000E-01	3.059618E-01	
74	3.093104E-01	3.181324E-01	3.075125E-01	
75	3.118137E-01	3.207742E-01	3.081769E-01	
76	3.111178E-01	3.183167E-01	3.056056E-01	
77	3.110090E-01	3.196708E-01	3.043404E-01	
78	3.108317E-01	3.146106E-01	3.028584E-01	
79	3.100323E-01	3.255665E-01	3.009642E-01	
80	3.109556E-01	3.226282E-01	3.005723E-01	
81	3.097969E-01	3.155481E-01	3.007877E-01	
82	3.082477E-01	3.176607E-01	2.976178E-01	
83	3.096788E-01	3.235077E-01	2.971152E-01	
84	3.087394E-01	3.283200E-01	2.975529E-01	
85	3.076868E-01	3.155124E-01	2.942700E-01	
86	3.085978E-01	3.131736E-01	2.959430E-01	
87	3.079317E-01	3.245851E-01	2.945841E-01	
88	3.089052E-01	3.300931E-01	2.934970E-01	
89	3.096132E-01	3.209415E-01	2.935057E-01	
90	3.082770E-01	3.216692E-01	2.921292E-01	
91	3.092807E-01	3.205107E-01	2.912775E-01	
92	3.093159E-01	3.174706E-01	2.915771E-01	
93	3.096529E-01	3.171504E-01	2.918390E-01	
94	3.111557E-01	3.257328E-01	2.909848E-01	
95	3.106265E-01	3.270866E-01	2.897805E-01	
96	3.094141E-01	3.292814E-01	2.912253E-01	
97	3.124997E-01	3.297388E-01	2.890469E-01	
98	3.137072E-01	3.269602E-01	2.894203E-01	
99	3.132258E-01	3.281791E-01	2.895010E-01	
100	3.165651E-01	3.336182E-01	2.891451E-01	
101	3.183545E-01	3.280041E-01	2.892400E-01	
102	3.160551E-01	3.339049E-01	2.875408E-01	
103	3.184777E-01	3.334966E-01	2.891192E-01	
104	3.215716E-01	3.248287E-01	2.897309E-01	
105	3.215389E-01	3.327504E-01	2.911291E-01	
106	3.233284E-01	3.456574E-01	2.872112E-01	
107	3.235535E-01	3.399161E-01	2.906887E-01	
108	3.258212E-01	3.331014E-01	2.901728E-01	
109	3.262471E-01	3.295277E-01	2.908454E-01	
110	3.269052E-01	3.280783E-01	2.918505E-01	
111	3.296909E-01	3.352698E-01	2.917408E-01	
112	3.320207E-01	3.466401E-01	2.931927E-01	
113	3.348379E-01	3.350469E-01	2.896249E-01	
114	3.351196E-01	3.394881E-01	2.944088E-01	
115	3.378274E-01	3.321436E-01	2.944234E-01	
116	3.392372E-01	3.394072E-01	2.959512E-01	
117	3.406793E-01	3.352907E-01	2.951607E-01	
118	3.429421E-01	3.441380E-01	2.951303E-01	
119	3.463038E-01	3.315713E-01	2.985914E-01	
120	3.475250E-01	3.323246E-01	2.972730E-01	
121	3.498645E-01	3.322508E-01	3.017636E-01	
122	3.518656E-01	3.414173E-01	3.020241E-01	
123	3.539068E-01	3.345783E-01	3.008292E-01	
124	3.574841E-01	3.319399E-01	3.034494E-01	
125	3.599209E-01	3.391507E-01	3.042147E-01	
126	3.604000E-01	3.439619E-01	3.063358E-01	
127	3.659812E-01	3.380087E-01	3.094804E-01	
128	3.662096E-01	3.446669E-01	3.081368E-01	
129	3.691956E-01	3.500344E-01	3.117297E-01	
130	3.741543E-01	3.430738E-01	3.143959E-01	
131	3.764135E-01	3.488574E-01	3.135626E-01	
132	3.783332E-01	3.413516E-01	3.171410E-01	
133	3.816305E-01	3.572504E-01	3.194597E-01	
134	3.875850E-01	3.526482E-01	3.202761E-01	
135	3.890136E-01	3.490848E-01	3.230062E-01	
136	3.919909E-01	3.560244E-01	3.251529E-01	
137	3.978945E-01	3.582306E-01	3.251386E-01	
138	4.007340E-01	3.644280E-01	3.258560E-01	
139	4.048985E-01	3.710298E-01	3.296405E-01	
140	4.047308E-01	3.692031E-01	3.301704E-01	
141	4.106639E-01	3.609224E-01	3.323603E-01	
142	4.158687E-01	3.790298E-01	3.349533E-01	
143	4.186467E-01	3.776033E-01	3.372315E-01	
144	4.217425E-01	3.776956E-01	3.356899E-01	
145	4.258726E-01	3.951723E-01	3.410412E-01	
146	4.298632E-01	3.836914E-01	3.425849E-01	
147	4.337697E-01	4.120107E-01	3.450274E-01	
148	4.369935E-01	4.106304E-01	3.462974E-01	
149	4.399863E-01	4.082612E-01	3.509178E-01	
150	4.449985E-01	3.935591E-01	3.525065E-01	
151	4.489729E-01	4.093487E-01	3.547113E-01	
152	4.499733E-01	4.110405E-01	3.568207E-01	
153	4.580406E-01	4.045645E-01	3.573498E-01	
154	4.604899E-01	4.097001E-01	3.597998E-01	
155	4.612191E-01	4.136417E-01	3.619570E-01	
156	4.662581E-01	4.109757E-01	3.655745E-01	
157	4.686007E-01	4.197619E-01	3.685801E-01	
158	4.735582E-01	4.205328E-01	3.699717E-01	
159	4.774511E-01	4.109053E-01	3.717598E-01	
160	4.772873E-01	4.199477E-01	3.748340E-01	
161	4.859890E-01	4.332231E-01	3.771930E-01	
162	4.891329E-01	4.093336E-01	3.797422E-01	
163	4.921401E-01	4.177097E-01	3.840844E-01	
164	4.955493E-01	4.546549E-01	3.866836E-01	
165	4.997543E-01	4.362825E-01	3.885402E-01	
166	5.048031E-01	4.217511E-01	3.879736E-01	
167	5.082984E-01	4.445754E-01	3.904596E-01	
168	5.137315E-01	4.423075E-01	3.917150E-01	
169	5.216443E-01	4.611253E-01	3.967847E-01	
170	5.262272E-01	4.172331E-01	3.972943E-01	
171	5.279244E-01	4.677275E-01	3.980222E-01	
172	5.375040E-01	4.631893E-01	3.988263E-01	
173	5.373642E-01	4.430380E-01	4.015060E-01	
174	5.438734E-01	4.471280E-01	4.055930E-01	
175	5.415620E-01	4.303259E-01	4.042004E-01	
176	5.535702E-01	4.320659E-01	4.039691E-01	
177	5.568216E-01	4.573594E-01	4.033599E-01	
178	5.553448E-01	4.503057E-01	4.053061E-01	
179	5.681329E-01	4.573622E-01	4.067855E-01	
180	5.692861E-01	4.644473E-01	4.055902E-01	
181	5.707285E-01	4.338679E-01	4.077792E-01	
182	5.816624E-01	4.460699E-01	4.065178E-01	
183	5.841460E-01	4.134486E-01	4.053617E-01	
184	5.832482E-01	4.352420E-01	4.037649E-01	
185	5.915694E-01	4.505592E-01	4.017852E-01	
186	5.992144E-01	4.409416E-01	4.041459E-01	
187	5.991501E-01	4.318557E-01	4.010493E-01	
188	6.040389E-01	4.384391E-01	4.066046E-01	
189	5.994289E-01	4.149274E-01	4.039662E-01	
190	6.083526E-01	4.279201E-01	4.044693E-01	
191	6.085018E-01	4.520982E-01	4.061686E-01	
192	6.125698E-01	4.192101E-01	4.026440E-01	
193	6.176531E-01	4.392768E-01	3.999206E-01	
194	6.184441E-01	4.035764E-01	4.022466E-01	
195	6.174552E-01	4.120535E-01	4.011258E-01	
196	6.264391E-01	4.373003E-01	3.989761E-01	
197	6.256106E-01	3.996585E-01	4.013635E-01	
198	6.235990E-01	3.962396E-01	3.991153E-01	
199	6.263214E-01	3.940745E-01	3.966290E-01	
200	6.239294E-01	4.092210E-01	3.971650E-01	
201	6.353503E-01	3.881732E-01	3.968158E-01	
202	6.326579E-01	4.156455E-01	3.920531E-01	
203	6.189031E-01	3.896314E-01	3.912908E-01	
204	6.239004E-01	3.826271E-01	3.923605E-01	
205	6.314845E-01	4.005483E-01	3.886729E-01	
206	6.377238E-01	3.847084E-01	3.870517E-01	
207	6.285644E-01	3.835633E-01	3.861465E-01	
208	6.285295E-01	4.025882E-01	3.856901E-01	
209	6.351878E-01	4.029278E-01	3.820287E-01	
210	6.331959E-01	4.058988E-01	3.831976E-01	
211	6.311082E-01	3.776948E-01	3.843744E-01	
212	6.315889E-01	3.982054E-01	3.797856E-01	
213	6.385136E-01	3.853780E-01	3.803521E-01	
214	6.391818E-01	3.917023E-01	3.764399E-01	
215	6.373688E-01	3.981758E-01	3.746427E-01	
216	6.266171E-01	3.765795E-01	3.744747E-01	
217	6.168757E-01	4.031069E-01	3.749158E-01	
218	6.219996E-01	4.143256E-01	3.739123E-01	
219	6.410441E-01	3.902450E-01	3.711104E-01	
220	6.202291E-01	3.785013E-01	3.698964E-01	
221	6.087022E-01	3.872085E-01	3.725831E-01	
222	6.160938E-01	3.675780E-01	3.697794E-01	
223	6.010569E-01	3.811975E-01	3.665085E-01	
224	5.949782E-01	3.905805E-01	3.672836E-01	
225	5.948192E-01	3.912795E-01	3.614558E-01	
226	6.183632E-01	3.680032E-01	3.640072E-01	
227	5.872359E-01	3.761109E-01	3.674094E-01	
228	5.966133E-01	3.739039E-01	3.602459E-01	
229	6.139505E-01	3.764680E-01	3.637922E-01	
230	5.855845E-01	3.598532E-01	3.588892E-01	
231	5.965345E-01	3.716189E-01	3.582552E-01	
232	5.855744E-01	3.548766E-01	3.609924E-01	
233	6.170973E-01	3.741779E-01	3.556986E-01	
234	6.229157E-01	3.509186E-01	3.564004E-01	
235	5.949734E-01	3.443851E-01	3.546817E-01	
236	6.012013E-01	3.516749E-01	3.512783E-01	
237	5.855291E-01	3.658113E-01	3.544901E-01	
238	5.983362E-01	3.456412E-01	3.533945E-01	
239	5.666309E-01	3.702544E-01	3.512676E-01	
240	5.506702E-01	3.753869E-01	3.512653E-01	
241	5.397438E-01	3.602362E-01	3.481259E-01	
242	5.277926E-01	3.698061E-01	3.484946E-01	
243	5.356028E-01	3.529975E-01	3.436524E-01	
244	5.400839E-01	3.375861E-01	3.421456E-01	
245	5.023462E-01	3.626792E-01	3.432793E-01	
246	4.945591E-01	3.444441E-01	3.438799E-01	
247	4.706150E-01	3.286909E-01	3.391318E-01	
248	4.842753E-01	3.392309E-01	3.396285E-01	
249	4.968543E-01	3.219115E-01	3.414489E-01	
250	4.638139E-01	3.543864E-01	3.398181E-01	
251	4.494531E-01	3.065936E-01	3.396545E-01	
252	4.514563E-01	3.226608E-01	3.355057E-01	
253	4.999672E-01	3.212179E-01	3.356880E-01	
254	3.828492E-01	2.984160E-01	3.329520E-01	
255	4.215910E-01	2.985882E-01	3.333035E-01	
256	3.954670E-01	3.053170E-01	3.322954E-01	
257	3.828140E-01	3.067071E-01	3.307821E-01	
258	4.165157E-01	2.983967E-01	3.270584E-01	
259	3.608339E-01	2.964218E-01	3.297774E-01	
260	3.855677E-01	2.980113E-01	3.276858E-01	
261	4.168118E-01	3.030203E-01	3.273822E-01	
262	3.933363E-01	2.746171E-01	3.270825E-01	
263	3.378747E-01	2.853035E-01	3.275101E-01	
264	3.608396E-01	3.138636E-01	3.194410E-01	
265	3.794767E-01	3.171128E-01	3.224914E-01	
266	3.887914E-01	2.873336E-01	3.231207E-01	
267	3.490373E-01	3.069913E-01	3.225368E-01	
268	3.343844E-01	3.057507E-01	3.214308E-01	
269	3.678560E-01	3.133601E-01	3.164050E-01	
270	3.194078E-01	2.894019E-01	3.170272E-01	
271	3.186066E-01	3.024179E-01	3.138719E-01	
272	3.364755E-01	3.055427E-01	3.144199E-01	
273	3.285547E-01	3.030505E-01	3.127052E-01	
274	3.205689E-01	3.105662E-01	3.139785E-01	
275	3.089998E-01	3.208734E-01	3.124517E-01	
276	3.271247E-01	3.304690E-01	3.105377E-01	
277	3.308696E-01	2.805510E-01	3.094721E-01	
278	3.490185E-01	2.959871E-01	3.067952E-01	
279	3.083016E-01	3.150093E-01	3.075549E-01	
280	3.134225E-01	3.183374E-01	3.056036E-01	
281	3.194320E-01	3.087420E-01	3.028118E-01	
282	3.570092E-01	3.116221E-01	3.046988E-01	
283	2.915786E-01	2.898309E-01	3.028980E-01	
284	2.989340E-01	2.793008E-01	3.008322E-01	
285	3.113023E-01	3.071541E-01	2.978476E-01	
286	2.855353E-01	2.771635E-01	2.996150E-01	
287	3.484588E-01	2.978118E-01	2.956874E-01	
288	2.839344E-01	2.855189E-01	2.939989E-01	
289	3.239456E-01	3.021530E-01	2.959503E-01	
290	3.027997E-01	2.841998E-01	2.934425E-01	
291	3.211163E-01	2.795344E-01	2.931732E-01	
292	3.006534E-01	2.768012E-01	2.911773E-01	
293	3.129959E-01	2.662106E-01	2.893951E-01	
294	3.227011E-01	2.625186E-01	2.925376E-01	
295	3.230809E-01	2.809073E-01	2.909459E-01	
296	2.839726E-01	2.888855E-01	2.866325E-01	
297	3.308470E-01	2.711069E-01	2.904392E-01	
298	2.970433E-01	3.034361E-01	2.893395E-01	
299	3.194364E-01	2.685031E-01	2.874667E-01	
300	3.287613E-01	2.701615E-01	2.902324E-01	
301	2.983348E-01	2.699408E-01	2.884981E-01	
302	3.253833E-01	2.948062E-01	2.918162E-01	
303	3.022620E-01	2.907447E-01	2.920141E-01	
304	3.379613E-01	2.919713E-01	2.883235E-01	
305	3.182796E-01	2.900637E-01	2.898399E-01	
306	3.043124E-01	3.124112E-01	2.887379E-01	
307	2.976656E-01	3.019565E-01	2.907423E-01	
308	2.776860E-01	3.017364E-01	2.915982E-01	
309	2.863693E-01	3.019653E-01	2.913865E-01	
310	2.832909E-01	3.012939E-01	2.935384E-01	
311	2.629231E-01	3.005050E-01	2.920305E-01	
312	2.741653E-01	2.929449E-01	2.922847E-01	
313	2.694113E-01	3.093971E-01	2.908738E-01	
314	2.693897E-01	3.042759E-01	2.950617E-01	
315	2.700415E-01	3.179471E-01	2.925636E-01	
316	2.741424E-01	3.093134E-01	2.937313E-01	
317	2.773079E-01	2.886604E-01	2.903170E-01	
318	2.603773E-01	3.023297E-01	2.934006E-01	
319	2.744694E-01	3.094116E-01	2.916965E-01	
320	2.802800E-01	3.008121E-01	2.919147E-01	
321	2.876362E-01	2.823841E-01	2.927340E-01	
322	2.795129E-01	2.747491E-01	2.876159E-01	
323	2.873759E-01	2.709932E-01	2.898223E-01	
324	2.664069E-01	2.849241E-01	2.888857E-01	
325	3.054084E-01	2.849487E-01	2.894943E-01	
326	2.688091E-01	2.969827E-01	2.888792E-01	
327	2.930256E-01	2.654463E-01	2.876571E-01	
328	2.949157E-01	2.806008E-01	2.890387E-01	
329	3.101065E-01	2.645471E-01	2.879126E-01	
330	3.044397E-01	2.667512E-01	2.869089E-01	
331	3.016199E-01	2.816803E-01	2.884561E-01	
332	3.075272E-01	2.819259E-01	2.855382E-01	
333	3.150577E-01	2.806364E-01	2.879574E-01	
334	3.110480E-01	2.411759E-01	2.880700E-01	
335	3.250207E-01	2.736675E-01	2.867761E-01	
336	3.578523E-01	2.683151E-01	2.865751E-01	
337	3.314163E-01	2.799484E-01	2.881780E-01	
338	3.333382E-01	2.686933E-01	2.851740E-01	
339	3.446271E-01	2.681998E-01	2.874680E-01	
340	3.432175E-01	2.605680E-01	2.865555E-01	
341	3.499116E-01	2.597077E-01	2.867690E-01	
342	3.615706E-01	2.672800E-01	2.871484E-01	
343	3.769778E-01	2.560706E-01	2.859519E-01	
344	3.464702E-01	2.751261E-01	2.860879E-01	
345	3.726403E-01	2.616669E-01	2.852818E-01	
346	3.786971E-01	2.683012E-01	2.860761E-01	
347	3.745272E-01	2.716722E-01	2.838984E-01	
348	3.774061E-01	2.820992E-01	2.845979E-01	
349	3.910414E-01	2.517349E-01	2.847931E-01	
350	3.810417E-01	2.727805E-01	2.867661E-01	
351	3.976424E-01	2.934458E-01	2.857887E-01	
352	3.771415E-01	2.676497E-01	2.864854E-01	
353	3.635158E-01	2.639782E-01	2.858595E-01	
354	3.620208E-01	2.595218E-01	2.857373E-01	
355	3.219233E-01	2.886851E-01	2.870496E-01	
356	3.818287E-01	2.767204E-01	2.871826E-01	
357	3.708102E-01	2.590958E-01	2.874584E-01	
358	3.240178E-01	2.810894E-01	2.835938E-01	
359	3.689448E-01	2.584492E-01	2.858877E-01	
360	3.545636E-01	2.736906E-01	2.854771E-01	
361	3.362152E-01	2.627793E-01	2.882927E-01	
362	3.046133E-01	2.520165E-01	2.843755E-01	
363	3.301532E-01	2.842564E-01	2.890008E-01	
364	3.001663E-01	2.683418E-01	2.869190E-01	
365	3.379721E-01	2.573027E-01	2.910644E-01	
366	3.247423E-01	2.836219E-01	2.858537E-01	
367	3.152116E-01	2.499333E-01	2.882576E-01	
368	2.729440E-01	2.833145E-01	2.853913E-01	
369	2.957061E-01	2.724123E-01	2.881358E-01	
370	2.921735E-01	2.629470E-01	2.863012E-01	
371	2.875399E-01	2.627047E-01	2.858241E-01	
372	2.873181E-01	2.665006E-01	2.879479E-01	
373	2.475375E-01	2.566988E-01	2.849324E-01	
374	2.601725E-01	2.700138E-01	2.866993E-01	
375	2.532445E-01	2.753925E-01	2.894267E-01	
376	2.359298E-01	2.277557E-01	2.882642E-01	
377	2.541849E-01	2.690390E-01	2.843962E-01	
378	2.761153E-01	2.587036E-01	2.902720E-01	
379	2.578607E-01	2.605007E-01	2.859821E-01	
380	2.532426E-01	2.469831E-01	2.876480E-01	
381	2.789864E-01	2.319551E-01	2.891776E-01	
382	2.748695E-01	2.672560E-01	2.833811E-01	
383	2.873219E-01	2.692523E-01	2.875052E-01	
384	2.677836E-01	2.913474E-01	2.862743E-01	
385	2.760767E-01	2.588957E-01	2.817097E-01	
386	2.807393E-01	2.685385E-01	2.816455E-01	
387	2.932697E-01	2.512390E-01	2.798752E-01	
388	2.914706E-01	2.436807E-01	2.837140E-01	
389	2.997422E-01	2.717037E-01	2.783137E-01	
390	2.847511E-01	2.700621E-01	2.819672E-01	
391	2.622401E-01	2.575180E-01	2.807652E-01	
392	2.648018E-01	2.730617E-01	2.786236E-01	
393	2.564600E-01	2.444587E-01	2.754523E-01	
394	2.702543E-01	2.893367E-01	2.790893E-01	
395	3.047056E-01	2.710406E-01	2.775908E-01	
396	2.447201E-01	2.626592E-01	2.769801E-01	
397	2.550762E-01	2.679466E-01	2.796101E-01	
398	2.581713E-01	2.827259E-01	2.763463E-01	
399	2.838236E-01	2.869752E-01	2.816167E-01	
400	2.840008E-01	2.924479E-01	2.811429E-01	
401	2.468443E-01	2.722082E-01	2.816426E-01	
402	2.658866E-01	2.603726E-01	2.834242E-01	
403	2.791630E-01	3.048252E-01	2.817578E-01	
404	2.522824E-01	2.975719E-01	2.820393E-01	
405	2.771086E-01	3.222137E-01	2.796715E-01	
406	2.848895E-01	2.900873E-01	2.773787E-01	
407	2.572390E-01	3.211780E-01	2.847534E-01	
408	2.541168E-01	3.043299E-01	2.794037E-01	
409	2.777029E-01	3.095269E-01	2.783366E-01	
410	2.809870E-01	2.887790E-01	2.871074E-01	
411	3.161660E-01	2.931596E-01	2.835469E-01	
412	2.940896E-01	2.997717E-01	2.796171E-01	
413	2.878379E-01	2.924577E-01	2.918183E-01	
414	2.922065E-01	3.046673E-01	2.866609E-01	
415	2.621262E-01	3.087893E-01	2.952295E-01	
416	3.416387E-01	3.059643E-01	2.911496E-01	
417	3.012193E-01	2.418361E-01	2.924979E-01	
418	3.024542E-01	3.119283E-01	2.980444E-01	
419	3.419985E-01	2.669177E-01	2.945189E-01	
420	3.538026E-01	2.587102E-01	2.988402E-01	
421	3.249201E-01	2.501468E-01	2.976358E-01	
422	3.689675E-01	2.811728E-01	2.994051E-01	
423	3.874713E-01	3.176911E-01	2.942579E-01	
424	3.393233E-01	2.892762E-01	2.968717E-01	
425	3.654349E-01	2.919526E-01	2.989036E-01	
426	3.627692E-01	2.455769E-01	2.963182E-01	
427	3.445144E-01	2.899979E-01	2.957716E-01	
428	3.865476E-01	2.929779E-01	2.959212E-01	
429	3.910672E-01	2.900946E-01	2.961148E-01	
430	3.634311E-01	2.806084E-01	2.950655E-01	
431	3.704690E-01	2.886925E-01	2.896028E-01	
432	3.985945E-01	2.895029E-01	2.952957E-01	
433	4.217194E-01	2.737512E-01	2.935274E-01	
434	4.424917E-01	2.391091E-01	2.904123E-01	
435	4.304654E-01	2.857589E-01	2.904925E-01	
436	3.944993E-01	2.571725E-01	2.918182E-01	
437	4.277108E-01	3.068834E-01	2.900384E-01	
438	4.387537E-01	3.013710E-01	2.953820E-01	
439	4.558803E-01	2.250891E-01	2.814547E-01	
440	4.758412E-01	2.831399E-01	2.940056E-01	
441	4.348172E-01	2.576512E-01	2.956928E-01	
442	5.347156E-01	2.663834E-01	2.910155E-01	
443	5.018518E-01	2.773314E-01	2.816714E-01	
444	5.136318E-01	2.475606E-01	2.883192E-01	
445	4.344710E-01	2.537608E-01	2.877624E-01	
446	4.642516E-01	2.706010E-01	2.883352E-01	
447	5.018550E-01	2.431464E-01	2.914805E-01	
448	4.781302E-01	2.021794E-01	2.970598E-01	
449	5.033854E-01	2.608295E-01	3.056343E-01	
450	5.437399E-01	2.147549E-01	2.935000E-01	
451	4.088925E-01	3.007254E-01	2.937389E-01	
452	5.580589E-01	3.037193E-01	3.006680E-01	
453	3.842438E-01	2.819447E-01	2.928156E-01	
454	5.352272E-01	2.943662E-01	3.044867E-01	
455	3.574767E-01	2.785948E-01	2.926774E-01	
456	3.033875E-01	2.534803E-01	2.924575E-01	
457	3.158929E-01	2.539364E-01	2.941441E-01	
458	2.778004E-01	2.690296E-01	2.962426E-01	
459	4.126139E-01	3.403476E-01	3.030854E-01	
460	2.013423E-01	2.114947E-01	2.959599E-01	
461	3.620269E-01	2.924848E-01	3.143094E-01	
462	3.682020E-01	2.484634E-01	2.865303E-01	
463	4.225921E-01	2.537228E-01	3.170389E-01	
464	4.865448E-01	3.253668E-01	3.045927E-01	
465	4.780416E-01	2.259780E-01	3.130340E-01	
466	5.009045E-01	1.558640E-01	2.921519E-01	
467	4.338416E-01	2.392110E-01	3.046145E-01	
468	5.235942E-01	3.085990E-01	3.120570E-01	
469	6.141692E-01	2.056946E-01	2.966971E-01	
470	5.677017E-01	3.441638E-01	3.231092E-01	
471	6.370969E-01	3.382260E-01	3.022161E-01	
472	6.455590E-01	3.350647E-01	3.042735E-01	
473	6.615112E-01	2.979359E-01	3.165267E-01	
474	7.113527E-01	3.698955E-01	3.135818E-01	
475	7.220694E-01	2.933705E-01	3.186902E-01	
476	6.690465E-01	3.581804E-01	3.033557E-01	
477	8.889134E-01	4.130089E-01	3.396109E-01	
478	7.789721E-01	4.480999E-01	3.070707E-01	
479	8.824765E-01	3.336092E-01	3.355220E-01	
480	7.485639E-01	2.738351E-01	3.092166E-01	
481	7.767536E-01	4.573468E-01	3.380191E-01	
482	0	3.238542E-01	3.204154E-01	
483	8.873935E-01	4.470275E-01	3.400581E-01	
484	8.433679E-01	4.523820E-01	3.746202E-01	
485	8.037298E-01	4.176289E-01	3.085721E-01	
486	8.345230E-01	2.819043E-01	3.845793E-01	
487	9.275879E-01	3.420942E-01	3.039424E-01	
488	8.143326E-01	3.829568E-01	3.606266E-01	
489	0	3.797302E-01	2.998595E-01	
490	8.176123E-01	4.921532E-01	3.426677E-01	
491	0	6.277199E-01	3.675454E-01	
492	0	4.394873E-01	3.415608E-01	
493	0	0	4.162828E-01	
494	0	4.648280E-01	3.533770E-01	
495	0	4.964492E-01	4.787481E-01	
496	0	2.891839E-01	3.556912E-01	
497	0	5.304738E-01	4.483851E-01	
498	0	2.915691E-01	3.532100E-01	
499	0	1.279758E-01	3.873642E-01	
500	0	0	0	
501	0	5.013597E-01	3.907255E-01	
502	0	0	0	
503	0	4.426812E-01	4.258934E-01	
504	0	0	0	
505	0	3.978759E-01	4.740257E-01	
506	0	0	5.604739E-01	
507	0	0	0	
508	0	0	5.082140E-01	
509	0	0	0	
510	0	0	5.198040E-01	
511	0	0	0	
512	0	6.710579E-01	5.965083E-01	
513	0	0	0	
514	0	0	0	
515	0	0	6.828233E-01	
516	0	0	0	
517	0	0	7.269776E-01	
518	0	0	0	
519	0	0	0	
520	0	0	0	
521	0	0	0	
522	0	0	0	
523	0	0	0	
524	0	0	0	
525	0	0	0	
526	0	0	0	
527	0	0	0	
528	0	0	0	
529	0	0	0	
530	0	0	0	
531	0	0	0	
532	0	0	0	
533	0	0	0	
534	0	0	0	
535	0	0	0	
536	0	0	0	
537	0	0	0	
538	0	0	0	
539	0	0	0	
540	0	0	0	
541	0	0	0	
542	0	0	0	
543	0	0	0	
544	0	0	0	
545	0	0	0	
546	0	0	0	
547	0	0	0	
548	0	0	0	
549	0	0	0	
550	0	0	0	
551	0	0	0	
552	0	0	0	
553	0	0	0	
554	0	0	0	
555	0	0	0	
556	0	0	0	
557	0	0	0	
558	0	0	0	
559	0	0	0	
560	0	0	0	
561	0	0	0	
562	0	0	0	
563	0	0	0	
564	0	0	0	
565	0	0	0	
566	0	0	0	
567	0	0	0	
568	0	0	0	
569	0	0	0	
570	0	0	0	
571	0	0	0	
572	0	0	0	
573	0	0	0	
574	0	0	0	
575	0	0	0	
576	0	0	0	
577	0	0	0	
578	0	0	0	
579	0	0	0	
580	0	0	0	
581	0	0	0	
582	0	0	0	
583	0	0	0	
584	0	0	0	
585	0	0	0	
586	0	0	0	
587	0	0	0	
588	0	0	0	
589	0	0	0	
590	0	0	0	
591	0	0	0	
592	0	0	0	
593	0	0	0	
594	0	0	0	
595	0	0	0	
596	0	0	0	
597	0	0	0	
598	0	0	0	
599	0	0	0	
#NewRun
0	0	0	0	
1	0	0	0	
2	0	0	0	
3	0	0	0	
4	3.514387E-01	3.868283E-01	3.241414E-01	
5	3.395720E-01	3.337286E-01	3.089991E-01	
6	3.428861E-01	1.765644E-01	3.038920E-01	
7	0	0	0	
8	3.327662E-01	3.329025E-01	3.470208E-01	
9	3.325719E-01	3.647090E-01	3.271495E-01	
10	0	0	0	
11	3.295815E-01	3.176076E-01	3.599352E-01	
12	3.316662E-01	3.402045E-01	3.224281E-01	
13	3.352358E-01	3.016114E-01	3.217302E-01	
14	3.312060E-01	3.396367E-01	3.473295E-01	
15	0	0	0	
16	3.317760E-01	3.171318E-01	3.336356E-01	
17	3.357413E-01	2.951742E-01	3.423067E-01	
18	3.387276E-01	3.223941E-01	3.402063E-01	
19	3.449618E-01	3.255896E-01	3.213017E-01	
20	3.347674E-01	3.341177E-01	3.275406E-01	
21	3.373198E-01	2.907541E-01	3.312778E-01	
22	3.348945E-01	3.772907E-01	3.451685E-01	
23	3.291518E-01	3.571244E-01	3.277290E-01	
24	3.365016E-01	3.126101E-01	3.269502E-01	
25	3.316216E-01	3.470956E-01	3.288879E-01	
26	3.345741E-01	3.236270E-01	3.423874E-01	
27	3.311823E-01	3.501992E-01	3.194749E-01	
28	3.343592E-01	3.108905E-01	3.330919E-01	
29	3.320678E-01	3.131674E-01	3.285376E-01	
30	3.348078E-01	3.498145E-01	3.266538E-01	
31	3.324571E-01	3.645463E-01	3.348114E-01	
32	3.305283E-01	3.302879E-01	3.346631E-01	
33	3.311683E-01	3.055959E-01	3.289447E-01	
34	3.280813E-01	3.221697E-01	3.438412E-01	
35	3.319912E-01	3.075483E-01	3.415923E-01	
36	3.316152E-01	3.450488E-01	3.277491E-01	
37	3.284864E-01	3.314552E-01	3.301617E-01	
38	3.274692E-01	3.067293E-01	3.260644E-01	
39	3.262717E-01	3.119033E-01	3.290782E-01	
40	3.286047E-01	3.410750E-01	3.077653E-01	
41	3.251210E-01	3.393625E-01	3.193529E-01	
42	3.264192E-01	3.332135E-01	3.205851E-01	
43	3.252891E-01	3.552879E-01	3.169730E-01	
44	3.263103E-01	3.387126E-01	3.084690E-01	
45	3.270505E-01	3.213912E-01	2.998708E-01	
46	3.233405E-01	3.403942E-01	3.100322E-01	
47	3.274582E-01	3.253119E-01	3.120300E-01	
48	3.241868E-01	3.232403E-01	3.017809E-01	
49	3.242470E-01	3.332582E-01	3.034994E-01	
50	3.271687E-01	3.351923E-01	2.979947E-01	
51	3.215686E-01	3.129735E-01	3.006787E-01	
52	3.254368E-01	3.206980E-01	2.987369E-01	
53	3.225922E-01	3.385727E-01	2.999400E-01	
54	3.241304E-01	3.137313E-01	3.022861E-01	
55	3.224012E-01	3.384877E-01	3.029660E-01	
56	3.208762E-01	3.366202E-01	2.987072E-01	
57	3.192908E-01	3.129220E-01	3.042130E-01	
58	3.201435E-01	3.219490E-01	3.048944E-01	
59	3.175804E-01	3.400384E-01	3.031991E-01	
60	3.153786E-01	3.302956E-01	2.981352E-01	
61	3.153003E-01	3.299232E-01	3.029059E-01	
62	3.129175E-01	3.169293E-01	2.995928E-01	
63	3.142053E-01	3.368502E-01	3.038521E-01	
64	3.146041E-01	3.217869E-01	3.068538E-01	
65	3.115711E-01	3.201951E-01	3.006246E-01	
66	3.118529E-01	3.133080E-01	3.034814E-01	
67	3.106685E-01	3.113823E-01	3.023717E-01	
68	3.107827E-01	3.164045E-01	3.041271E-01	
69	3.101222E-01	3.211300E-01	3.032250E-01	
70	3.101509E-01	3.142670E-01	3.045852E-01	
71	3.083594E-01	3.210441E-01	3.011258E-01	
72	3.096504E-01	3.155216E-01	3.029785E-01	
73	3.075926E-01	3.197869E-01	3.013771E-01	
74	3.073369E-01	3.046838E-01	3.024922E-01	
75	3.095246E-01	3.283665E-01	3.028576E-01	
76	3.070946E-01	3.096001E-01	2.989560E-01	
77	3.067499E-01	3.206678E-01	2.980792E-01	
78	3.056351E-01	3.185975E-01	2.998186E-01	
79	3.049169E-01	3.118197E-01	2.967431E-01	
80	3.048152E-01	3.055042E-01	2.951957E-01	
81	3.054130E-01	3.148207E-01	2.956858E-01	
82	3.048234E-01	3.115952E-01	2.946135E-01	
83	3.047535E-01	3.064826E-01	2.918410E-01	
84	3.053191E-01	3.092287E-01	2.917824E-01	
85	3.043684E-01	3.114832E-01	2.907941E-01	
86	3.052970E-01	3.052473E-01	2.910481E-01	
87	3.058149E-01	3.192334E-01	2.895362E-01	
88	3.052407E-01	3.086754E-01	2.903634E-01	
89	3.064750E-01	3.166841E-01	2.863709E-01	
90	3.062242E-01	3.086123E-01	2.868576E-01	
91	3.067694E-01	3.258003E-01	2.848022E-01	
92	3.075711E-01	3.231063E-01	2.818882E-01	
93	3.079202E-01	3.192153E-01	2.846004E-01	
94	3.095738E-01	3.088989E-01	2.815829E-01	
95	3.092936E-01	3.158099E-01	2.832562E-01	
96	3.097780E-01	3.099368E-01	2.838663E-01	
97	3.113535E-01	3.154294E-01	2.821659E-01	
98	3.123144E-01	3.075875E-01	2.832929E-01	
99	3.135149E-01	3.314495E-01	2.815030E-01	
100	3.132243E-01	3.245492E-01	2.824982E-01	
101	3.137976E-01	3.187248E-01	2.805298E-01	
102	3.159206E-01	3.148738E-01	2.818652E-01	
103	3.181842E-01	3.161032E-01	2.797401E-01	
104	3.170866E-01	3.172844E-01	2.802139E-01	
105	3.199004E-01	3.226833E-01	2.816435E-01	
106	3.213495E-01	3.155674E-01	2.809405E-01	
107	3.220493E-01	3.275612E-01	2.801946E-01	
108	3.243482E-01	3.136691E-01	2.788982E-01	
109	3.281754E-01	3.225431E-01	2.809127E-01	
110	3.288583E-01	3.240235E-01	2.788602E-01	
111	3.319774E-01	3.252193E-01	2.810635E-01	
112	3.316828E-01	3.218729E-01	2.804814E-01	
113	3.346072E-01	3.123074E-01	2.792329E-01	
114	3.379776E-01	3.164611E-01	2.802806E-01	
115	3.399431E-01	3.248882E-01	2.800322E-01	
116	3.425461E-01	3.155353E-01	2.810073E-01	
117	3.440326E-01	3.200651E-01	2.787623E-01	
118	3.464657E-01	3.185107E-01	2.792246E-01	
119	3.510102E-01	3.152093E-01	2.811573E-01	
120	3.515005E-01	3.256883E-01	2.809413E-01	
121	3.552942E-01	3.236832E-01	2.823557E-01	
122	3.578843E-01	3.277617E-01	2.852458E-01	
123	3.597785E-01	3.136878E-01	2.844390E-01	
124	3.644357E-01	3.302441E-01	2.859666E-01	
125	3.671788E-01	3.418411E-01	2.873458E-01	
126	3.691800E-01	3.247682E-01	2.896742E-01	
127	3.737849E-01	3.269128E-01	2.919725E-01	
128	3.754614E-01	3.307052E-01	2.945251E-01	
129	3.790051E-01	3.349963E-01	2.951247E-01	
130	3.832884E-01	3.375296E-01	2.967204E-01	
131	3.886460E-01	3.430257E-01	3.008220E-01	
132	3.906236E-01	3.497913E-01	3.023095E-01	
133	3.933183E-01	3.578254E-01	3.065038E-01	
134	3.981967E-01	3.433424E-01	3.061168E-01	
135	4.014703E-01	3.547749E-01	3.118185E-01	
136	4.051432E-01	3.556991E-01	3.138471E-01	
137	4.086305E-01	3.641780E-01	3.148800E-01	
138	4.138100E-01	3.604767E-01	3.172350E-01	
139	4.205268E-01	3.618424E-01	3.176916E-01	
140	4.242637E-01	3.744984E-01	3.234136E-01	
141	4.299904E-01	3.769690E-01	3.245749E-01	
142	4.316996E-01	3.833677E-01	3.282384E-01	
143	4.372540E-01	3.883969E-01	3.298707E-01	
144	4.410909E-01	3.751832E-01	3.327837E-01	
145	4.477959E-01	3.833471E-01	3.380266E-01	
146	4.534485E-01	3.891727E-01	3.402405E-01	
147	4.579309E-01	3.697107E-01	3.431300E-01	
148	4.607605E-01	3.949893E-01	3.444822E-01	
149	4.668772E-01	3.927281E-01	3.476322E-01	
150	4.759443E-01	4.107024E-01	3.491148E-01	
151	4.786852E-01	3.949883E-01	3.535051E-01	
152	4.822525E-01	3.963303E-01	3.528820E-01	
153	4.895921E-01	4.059852E-01	3.590407E-01	
154	4.937651E-01	4.104746E-01	3.636109E-01	
155	4.980408E-01	4.092584E-01	3.646042E-01	
156	5.033998E-01	4.156715E-01	3.660398E-01	
157	5.066331E-01	4.174495E-01	3.681047E-01	
158	5.166344E-01	4.086262E-01	3.707939E-01	
159	5.210938E-01	4.179499E-01	3.756619E-01	
160	5.249471E-01	4.037558E-01	3.772732E-01	
161	5.352422E-01	4.336908E-01	3.829071E-01	
162	5.314410E-01	3.983530E-01	3.807541E-01	
163	5.368342E-01	4.142134E-01	3.873285E-01	
164	5.419884E-01	4.221160E-01	3.855220E-01	
165	5.520887E-01	4.199961E-01	3.906265E-01	
166	5.527547E-01	4.115996E-01	3.926186E-01	
167	5.581344E-01	4.451476E-01	3.964016E-01	
168	5.624888E-01	4.219810E-01	3.976310E-01	
169	5.720529E-01	4.159299E-01	4.007786E-01	
170	5.742449E-01	4.198460E-01	4.022979E-01	
171	5.789266E-01	4.218577E-01	4.042245E-01	
172	5.861938E-01	4.220361E-01	4.042497E-01	
173	5.926397E-01	4.202214E-01	4.106685E-01	
174	6.010179E-01	4.324833E-01	4.060957E-01	
175	5.976696E-01	4.238298E-01	4.086366E-01	
176	6.051324E-01	4.077102E-01	4.107314E-01	
177	6.153295E-01	4.059893E-01	4.093662E-01	
178	6.185848E-01	4.116955E-01	4.082585E-01	
179	6.197839E-01	4.215625E-01	4.090177E-01	
180	6.325462E-01	4.221676E-01	4.100166E-01	
181	6.308428E-01	4.064253E-01	4.145944E-01	
182	6.436907E-01	4.215207E-01	4.103689E-01	
183	6.426535E-01	4.393193E-01	4.097061E-01	
184	6.465774E-01	3.998809E-01	4.139540E-01	
185	6.474376E-01	4.103919E-01	4.111915E-01	
186	6.534176E-01	4.137587E-01	4.109396E-01	
187	6.617886E-01	4.281482E-01	4.082515E-01	
188	6.546518E-01	3.952818E-01	4.124619E-01	
189	6.618893E-01	4.213049E-01	4.107394E-01	
190	6.702207E-01	4.069544E-01	4.094054E-01	
191	6.732713E-01	3.870249E-01	4.081732E-01	
192	6.806639E-01	3.762538E-01	4.068264E-01	
193	6.871434E-01	3.623213E-01	4.065008E-01	
194	6.895102E-01	4.029641E-01	4.081139E-01	
195	6.805710E-01	4.010007E-01	4.073422E-01	
196	6.830942E-01	3.686156E-01	4.046409E-01	
197	6.896639E-01	3.951294E-01	4.052834E-01	
198	6.867723E-01	3.626193E-01	4.042691E-01	
199	6.969909E-01	3.937165E-01	4.016087E-01	
200	6.970293E-01	3.971685E-01	4.010551E-01	
201	6.863542E-01	3.730812E-01	4.016343E-01	
202	7.106921E-01	3.997428E-01	3.992083E-01	
203	6.940531E-01	3.789057E-01	3.966971E-01	
204	7.044366E-01	3.995202E-01	3.943363E-01	
205	7.230650E-01	3.967627E-01	3.948275E-01	
206	7.140307E-01	3.750391E-01	3.916533E-01	
207	7.172650E-01	3.829020E-01	3.895992E-01	
208	7.256959E-01	3.783606E-01	3.872891E-01	
209	7.185912E-01	3.929743E-01	3.857711E-01	
210	7.351055E-01	3.856839E-01	3.853922E-01	
211	7.246108E-01	3.932493E-01	3.823659E-01	
212	7.450135E-01	3.696219E-01	3.778251E-01	
213	7.480078E-01	3.847981E-01	3.781396E-01	
214	7.463858E-01	3.421283E-01	3.768459E-01	
215	7.479076E-01	3.763488E-01	3.762165E-01	
216	7.412205E-01	3.460985E-01	3.739327E-01	
217	7.485649E-01	3.822258E-01	3.728461E-01	
218	7.478666E-01	3.758127E-01	3.692470E-01	
219	7.582779E-01	3.714065E-01	3.697294E-01	
220	7.433519E-01	3.957635E-01	3.676951E-01	
221	7.323436E-01	3.649062E-01	3.676917E-01	
222	7.366036E-01	3.804079E-01	3.655828E-01	
223	7.374755E-01	3.761031E-01	3.665958E-01	
224	7.236067E-01	3.685775E-01	3.615650E-01	
225	7.335006E-01	4.006154E-01	3.589822E-01	
226	7.067075E-01	3.958931E-01	3.579393E-01	
227	7.513913E-01	4.077299E-01	3.579013E-01	
228	7.076972E-01	3.853164E-01	3.572726E-01	
229	7.207412E-01	3.658389E-01	3.539818E-01	
230	7.396865E-01	3.964379E-01	3.547242E-01	
231	6.497892E-01	3.375071E-01	3.506750E-01	
232	6.565273E-01	3.200867E-01	3.523870E-01	
233	6.427957E-01	3.638522E-01	3.511100E-01	
234	6.810959E-01	3.644094E-01	3.490438E-01	
235	6.531613E-01	3.584999E-01	3.478077E-01	
236	6.620561E-01	3.572190E-01	3.451389E-01	
237	6.597938E-01	3.409732E-01	3.468800E-01	
238	6.067415E-01	3.426098E-01	3.445774E-01	
239	6.561734E-01	3.523824E-01	3.478157E-01	
240	5.713387E-01	3.067419E-01	3.442014E-01	
241	6.261547E-01	3.336729E-01	3.450207E-01	
242	5.309105E-01	3.446927E-01	3.430041E-01	
243	5.973704E-01	3.452459E-01	3.448656E-01	
244	6.583470E-01	3.004421E-01	3.435813E-01	
245	5.353444E-01	3.100945E-01	3.405598E-01	
246	5.455218E-01	3.319914E-01	3.404841E-01	
247	5.022868E-01	3.488756E-01	3.421164E-01	
248	5.079571E-01	3.196998E-01	3.370454E-01	
249	5.174003E-01	3.284561E-01	3.378164E-01	
250	5.561173E-01	3.155364E-01	3.363586E-01	
251	4.860455E-01	3.066009E-01	3.343544E-01	
252	5.741074E-01	3.094237E-01	3.350000E-01	
253	5.253554E-01	3.210094E-01	3.312973E-01	
254	4.777843E-01	2.956854E-01	3.321504E-01	
255	5.920794E-01	2.955790E-01	3.338015E-01	
256	4.946477E-01	3.374139E-01	3.282003E-01	
257	5.195813E-01	3.113673E-01	3.295845E-01	
258	5.840119E-01	2.969201E-01	3.273408E-01	
259	5.055545E-01	3.366509E-01	3.257714E-01	
260	4.996961E-01	3.115401E-01	3.265431E-01	
261	5.326336E-01	3.063326E-01	3.250401E-01	
262	4.540526E-01	3.235056E-01	3.248184E-01	
263	5.587527E-01	3.227518E-01	3.230608E-01	
264	5.056702E-01	3.042199E-01	3.200850E-01	
265	5.521693E-01	3.279733E-01	3.173684E-01	
266	5.828507E-01	3.027565E-01	3.200145E-01	
267	6.054942E-01	3.299131E-01	3.178191E-01	
268	5.462252E-01	3.133779E-01	3.136854E-01	
269	5.752223E-01	2.826474E-01	3.128793E-01	
270	6.062653E-01	3.034232E-01	3.139963E-01	
271	6.708853E-01	3.124416E-01	3.115728E-01	
272	5.031692E-01	3.027920E-01	3.105185E-01	
273	5.169424E-01	3.045357E-01	3.067414E-01	
274	5.616292E-01	2.807232E-01	3.074476E-01	
275	4.035583E-01	2.912906E-01	3.092689E-01	
276	3.878371E-01	3.039868E-01	3.051491E-01	
277	4.504552E-01	3.019318E-01	3.041540E-01	
278	4.285884E-01	3.091515E-01	3.057394E-01	
279	3.893169E-01	2.936158E-01	3.014892E-01	
280	4.352426E-01	2.882145E-01	3.008763E-01	
281	3.603274E-01	2.850683E-01	2.968010E-01	
282	4.796877E-01	2.770771E-01	2.995063E-01	
283	5.347032E-01	2.849205E-01	2.975374E-01	
284	5.210027E-01	2.936021E-01	2.972953E-01	
285	4.480222E-01	2.820438E-01	2.963977E-01	
286	3.886412E-01	2.733224E-01	2.971590E-01	
287	3.686751E-01	3.047751E-01	2.974827E-01	
288	4.077769E-01	2.892854E-01	2.929833E-01	
289	3.626395E-01	2.892354E-01	2.950638E-01	
290	5.127378E-01	2.846847E-01	2.940802E-01	
291	3.848465E-01	2.610835E-01	2.930086E-01	
292	4.856676E-01	2.806111E-01	2.902397E-01	
293	3.758319E-01	2.777043E-01	2.918922E-01	
294	3.784543E-01	2.828646E-01	2.923575E-01	
295	4.078416E-01	2.620152E-01	2.906686E-01	
296	4.349860E-01	2.649595E-01	2.924151E-01	
297	4.265091E-01	2.693741E-01	2.926141E-01	
298	3.233494E-01	2.864772E-01	2.912026E-01	
299	3.536989E-01	2.704624E-01	2.882302E-01	
300	3.130690E-01	2.793274E-01	2.943373E-01	
301	3.392253E-01	2.765464E-01	2.898482E-01	
302	3.294706E-01	2.864149E-01	2.925898E-01	
303	2.850940E-01	2.887241E-01	2.907933E-01	
304	3.077831E-01	2.921377E-01	2.903070E-01	
305	2.798616E-01	2.801577E-01	2.919930E-01	
306	2.809916E-01	2.776190E-01	2.920589E-01	
307	2.543373E-01	2.875262E-01	2.927976E-01	
308	2.277757E-01	2.921815E-01	2.914567E-01	
309	2.762313E-01	2.652030E-01	2.907199E-01	
310	2.059985E-01	2.673316E-01	2.917111E-01	
311	2.408014E-01	2.889068E-01	2.912547E-01	
312	2.304058E-01	2.998454E-01	2.931226E-01	
313	2.613437E-01	2.981968E-01	2.917072E-01	
314	2.448657E-01	2.715941E-01	2.942401E-01	
315	2.246618E-01	2.887378E-01	2.903802E-01	
316	2.618046E-01	2.582838E-01	2.904512E-01	
317	2.063449E-01	2.908598E-01	2.901533E-01	
318	2.550456E-01	2.765503E-01	2.917826E-01	
319	2.563836E-01	2.838741E-01	2.903372E-01	
320	2.868450E-01	2.713090E-01	2.894855E-01	
321	2.357788E-01	3.004331E-01	2.918743E-01	
322	3.000115E-01	2.903325E-01	2.882564E-01	
323	2.942489E-01	2.911260E-01	2.918212E-01	
324	2.662605E-01	2.838987E-01	2.883916E-01	
325	2.445569E-01	2.805099E-01	2.901978E-01	
326	2.778236E-01	3.004832E-01	2.885495E-01	
327	2.858164E-01	2.775028E-01	2.904665E-01	
328	2.745770E-01	3.150609E-01	2.911675E-01	
329	2.684381E-01	2.917050E-01	2.891061E-01	
330	2.376009E-01	2.955195E-01	2.912267E-01	
331	2.980696E-01	2.853918E-01	2.907160E-01	
332	2.812906E-01	2.947295E-01	2.910523E-01	
333	3.300235E-01	2.824597E-01	2.888070E-01	
334	3.095059E-01	2.924108E-01	2.875311E-01	
335	3.852574E-01	2.835808E-01	2.908216E-01	
336	3.139689E-01	2.854172E-01	2.895976E-01	
337	3.880709E-01	2.847651E-01	2.918021E-01	
338	4.083403E-01	2.945797E-01	2.900275E-01	
339	3.779397E-01	2.951428E-01	2.871487E-01	
340	3.535464E-01	2.983238E-01	2.881261E-01	
341	4.038104E-01	3.005744E-01	2.898503E-01	
342	3.469680E-01	3.226531E-01	2.874819E-01	
343	3.317845E-01	3.025155E-01	2.852831E-01	
344	3.172469E-01	3.063452E-01	2.877377E-01	
345	3.550298E-01	2.952700E-01	2.863249E-01	
346	3.936316E-01	3.014921E-01	2.862882E-01	
347	3.346471E-01	3.033248E-01	2.886924E-01	
348	3.729896E-01	3.244079E-01	2.872738E-01	
349	3.300679E-01	3.062835E-01	2.876006E-01	
350	3.600867E-01	2.936566E-01	2.883613E-01	
351	3.570202E-01	2.915730E-01	2.874092E-01	
352	3.414793E-01	3.030828E-01	2.885729E-01	
353	3.120986E-01	3.055053E-01	2.883521E-01	
354	3.644197E-01	2.886848E-01	2.882497E-01	
355	3.267546E-01	2.987007E-01	2.879294E-01	
356	2.947449E-01	2.901632E-01	2.858732E-01	
357	3.058483E-01	2.852471E-01	2.860581E-01	
358	2.722450E-01	2.948790E-01	2.866779E-01	
359	3.463959E-01	2.909266E-01	2.844174E-01	
360	3.183863E-01	3.065731E-01	2.845601E-01	
361	3.030209E-01	2.999905E-01	2.834992E-01	
362	3.282518E-01	3.068789E-01	2.867501E-01	
363	4.216596E-01	2.548224E-01	2.858573E-01	
364	3.212293E-01	2.911075E-01	2.856329E-01	
365	3.551496E-01	2.866055E-01	2.848042E-01	
366	3.364861E-01	2.851014E-01	2.859714E-01	
367	2.795662E-01	3.072408E-01	2.909398E-01	
368	3.132707E-01	3.094155E-01	2.848506E-01	
369	3.076802E-01	3.050787E-01	2.893879E-01	
370	2.889347E-01	2.968510E-01	2.853628E-01	
371	2.842732E-01	2.925697E-01	2.845830E-01	
372	2.065030E-01	3.347459E-01	2.861447E-01	
373	3.168324E-01	3.372353E-01	2.823732E-01	
374	2.504149E-01	2.849734E-01	2.831389E-01	
375	3.144892E-01	3.101668E-01	2.810943E-01	
376	2.510236E-01	3.241555E-01	2.799369E-01	
377	2.559521E-01	3.287953E-01	2.791781E-01	
378	2.815427E-01	3.078638E-01	2.824933E-01	
379	2.696688E-01	3.261369E-01	2.754851E-01	
380	2.810681E-01	2.876498E-01	2.774534E-01	
381	2.688214E-01	2.778692E-01	2.788588E-01	
382	2.911916E-01	2.975470E-01	2.794063E-01	
383	2.184809E-01	2.775358E-01	2.790269E-01	
384	2.453832E-01	2.802956E-01	2.788575E-01	
385	2.526491E-01	2.502727E-01	2.759291E-01	
386	1.909639E-01	2.908034E-01	2.807018E-01	
387	1.507185E-01	2.655094E-01	2.801011E-01	
388	2.017435E-01	2.917839E-01	2.762496E-01	
389	1.739456E-01	2.730873E-01	2.825829E-01	
390	1.957683E-01	2.940935E-01	2.759929E-01	
391	1.534582E-01	2.894924E-01	2.792137E-01	
392	1.775732E-01	3.080669E-01	2.795888E-01	
393	1.681306E-01	2.898351E-01	2.755264E-01	
394	2.563735E-01	3.182615E-01	2.799333E-01	
395	1.965404E-01	2.944704E-01	2.790777E-01	
396	2.006919E-01	2.979450E-01	2.774687E-01	
397	3.004188E-01	3.003356E-01	2.813998E-01	
398	2.590022E-01	3.070741E-01	2.767316E-01	
399	3.566869E-01	3.093895E-01	2.833576E-01	
400	2.924134E-01	2.952579E-01	2.810917E-01	
401	2.272706E-01	2.894017E-01	2.750099E-01	
402	2.918649E-01	3.029868E-01	2.831318E-01	
403	3.401193E-01	2.676621E-01	2.790651E-01	
404	2.827085E-01	3.061324E-01	2.816249E-01	
405	2.511996E-01	3.111117E-01	2.866041E-01	
406	2.356605E-01	3.074195E-01	2.818165E-01	
407	2.985255E-01	3.136787E-01	2.857515E-01	
408	2.538961E-01	3.329715E-01	2.826115E-01	
409	2.915614E-01	2.974732E-01	2.825001E-01	
410	3.117372E-01	3.305453E-01	2.921159E-01	
411	3.253725E-01	3.539864E-01	2.867547E-01	
412	3.407439E-01	2.891285E-01	2.836980E-01	
413	3.409272E-01	3.447169E-01	2.933166E-01	
414	2.935981E-01	3.122741E-01	2.871500E-01	
415	3.699595E-01	3.127733E-01	2.910215E-01	
416	4.362946E-01	3.374953E-01	2.899501E-01	
417	3.792030E-01	3.161841E-01	2.870788E-01	
418	4.905372E-01	3.624456E-01	2.923512E-01	
419	2.978438E-01	3.199105E-01	2.968294E-01	
420	4.499452E-01	3.276654E-01	2.933796E-01	
421	5.158040E-01	2.823449E-01	2.983539E-01	
422	4.268459E-01	3.110262E-01	2.974575E-01	
423	5.121490E-01	3.195635E-01	2.910979E-01	
424	4.152407E-01	2.744880E-01	2.946947E-01	
425	4.491777E-01	3.319709E-01	2.973952E-01	
426	5.472362E-01	2.670836E-01	3.000460E-01	
427	4.759257E-01	3.341541E-01	2.973176E-01	
428	4.504506E-01	3.123317E-01	3.035292E-01	
429	4.880367E-01	2.931169E-01	2.974283E-01	
430	5.917808E-01	3.065901E-01	3.013580E-01	
431	6.342015E-01	3.647512E-01	2.959824E-01	
432	3.397150E-01	2.980131E-01	2.987203E-01	
433	4.715859E-01	3.230692E-01	3.008237E-01	
434	5.846035E-01	3.079666E-01	2.952625E-01	
435	7.214800E-01	2.754771E-01	3.025632E-01	
436	4.605341E-01	3.352601E-01	3.007556E-01	
437	5.394008E-01	3.391207E-01	3.091821E-01	
438	0	3.372385E-01	3.027245E-01	
439	5.443307E-01	3.308356E-01	2.902548E-01	
440	0	3.285817E-01	3.098643E-01	
441	6.386069E-01	2.820628E-01	2.908297E-01	
442	6.697260E-01	3.349855E-01	3.012623E-01	
443	6.457842E-01	3.185869E-01	2.832626E-01	
444	7.319011E-01	3.528762E-01	3.012669E-01	
445	8.181216E-01	4.396459E-01	2.971040E-01	
446	6.366259E-01	3.061182E-01	3.000607E-01	
447	7.218693E-01	3.754468E-01	2.924827E-01	
448	0	3.152681E-01	2.996760E-01	
449	0	2.795574E-01	3.046474E-01	
450	0	3.006388E-01	2.945703E-01	
451	7.236199E-01	2.535571E-01	2.871290E-01	
452	0	2.801747E-01	2.948800E-01	
453	0	2.430568E-01	2.981883E-01	
454	0	3.244199E-01	2.987002E-01	
455	0	2.393794E-01	2.901543E-01	
456	0	2.854914E-01	3.019797E-01	
457	0	2.686215E-01	2.912465E-01	
458	0	2.966806E-01	3.121438E-01	
459	0	2.802021E-01	2.928219E-01	
460	0	2.366173E-01	2.921332E-01	
461	0	3.059885E-01	3.029271E-01	
462	0	3.287626E-01	3.009371E-01	
463	0	2.967765E-01	3.151366E-01	
464	0	3.386542E-01	3.009923E-01	
465	0	3.517024E-01	3.044724E-01	
466	0	3.953466E-01	3.083040E-01	
467	0	3.285768E-01	3.048935E-01	
468	0	3.230641E-01	3.169393E-01	
469	0	3.392646E-01	3.169092E-01	
470	0	1.958345E-01	3.287184E-01	
471	0	3.194787E-01	3.125780E-01	
472	0	3.672607E-01	3.303388E-01	
473	0	2.271712E-01	3.154230E-01	
474	0	4.235675E-01	3.303049E-01	
475	0	3.893541E-01	3.338178E-01	
476	0	2.542751E-01	3.227723E-01	
477	0	1.909812E-01	3.738808E-01	
478	0	3.096768E-01	3.276036E-01	
479	0	2.576618E-01	3.708895E-01	
480	0	2.655396E-01	3.278180E-01	
481	0	2.372373E-01	3.651288E-01	
482	0	2.420509E-01	3.455697E-01	
483	0	2.458050E-01	3.487168E-01	
484	0	1.984432E-01	4.054933E-01	
485	0	2.870649E-01	3.487024E-01	
486	0	5.687257E-01	4.260952E-01	
487	0	2.750656E-01	3.433281E-01	
488	0	1.793395E-01	4.150082E-01	
489	0	3.664334E-01	3.289689E-01	
490	0	3.022792E-01	4.042415E-01	
491	0	3.385590E-01	3.366156E-01	
492	0	4.384952E-01	3.670076E-01	
493	0	0	4.695996E-01	
494	0	3.281421E-01	3.684744E-01	
495	0	1.451656E-01	4.963563E-01	
496	0	2.543071E-01	3.570416E-01	
497	0	3.057599E-01	4.286354E-01	
498	0	1.798799E-01	3.804082E-01	
499	0	4.486387E-01	4.412637E-01	
500	0	0	0	
501	0	3.668036E-01	4.037387E-01	
502	0	0	0	
503	0	5.565303E-01	4.017406E-01	
504	0	0	0	
505	0	5.024299E-01	4.614816E-01	
506	0	8.997564E-01	5.937596E-01	
507	0	0	0	
508	0	8.985540E-01	4.788486E-01	
509	0	0	0	
510	0	4.941822E-01	5.295345E-01	
511	0	0	0	
512	0	5.980944E-01	6.107054E-01	
513	0	0	0	
514	0	0	0	
515	0	0	5.604894E-01	
516	0	0	0	
517	0	0	6.430015E-01	
518	0	0	0	
519	0	0	8.613236E-01	
520	0	0	0	
521	0	0	0	
522	0	0	0	
523	0	0	0	
524	0	0	0	
525	0	0	0	
526	0	0	0	
527	0	0	0	
528	0	0	0	
529	0	0	0	
530	0	0	0	
531	0	0	0	
532	0	0	0	
533	0	0	0	
534	0	0	0	
535	0	0	0	
536	0	0	0	
537	0	0	0	
538	0	0	0	
539	0	0	0	
540	0	0	0	
541	0	0	0	
542	0	0	0	
543	0	0	0	
544	0	0	0	
545	0	0	0	
546	0	0	0	
547	0	0	0	
548	0	0	0	
549	0	0	0	
550	0	0	0	
551	0	0	0	
552	0	0	0	
553	0	0	0	
554	0	0	0	
555	0	0	0	
556	0	0	0	
557	0	0	0	
558	0	0	0	
559	0	0	0	
560	0	0	0	
561	0	0	0	
562	0	0	0	
563	0	0	0	
564	0	0	0	
565	0	0	0	
566	0	0	0	
567	0	0	0	
568	0	0	0	
569	0	0	0	
570	0	0	0	
571	0	0	0	
572	0	0	0	
573	0	0	0	
574	0	0	0	
575	0	0	0	
576	0	0	0	
577	0	0	0	
578	0	0	0	
579	0	0	0	
580	0	0	0	
581	0	0	0	
582	0	0	0	
583	0	0	0	
584	0	0	0	
585	0	0	0	
586	0	0	0	
587	0	0	0	
588	0	0	0	
589	0	0	0	
590	0	0	0	
591	0	0	0	
592	0	0	0	
593	0	0	0	
594	0	0	0	
595	0	0	0	
596	0	0	0	
597	0	0	0	
598	0	0	0	
599	0	0	0	
#NewRun
0	0	0	0	
1	0	0	0	
2	0	0	0	
3	0	0	0	
4	3.419610E-01	4.030655E-01	3.551960E-01	
5	3.413990E-01	3.378701E-01	3.455604E-01	
6	3.225245E-01	4.746755E-01	3.097680E-01	
7	0	0	0	
8	3.236770E-01	4.135167E-01	3.446590E-01	
9	3.311419E-01	2.338573E-01	3.417978E-01	
10	0	0	0	
11	3.295745E-01	4.176801E-01	3.301953E-01	
12	3.315748E-01	3.098773E-01	3.298269E-01	
13	3.248769E-01	3.688016E-01	3.368260E-01	
14	3.305934E-01	3.127069E-01	3.176766E-01	
15	0	0	0	
16	3.344489E-01	3.327923E-01	3.266252E-01	
17	3.272948E-01	3.117251E-01	3.304739E-01	
18	3.339799E-01	3.100872E-01	3.323436E-01	
19	3.316244E-01	2.848447E-01	3.375424E-01	
20	3.343910E-01	3.164075E-01	3.267202E-01	
21	3.302452E-01	2.987673E-01	3.281884E-01	
22	3.374312E-01	3.169442E-01	3.387254E-01	
23	3.354970E-01	3.323599E-01	3.311347E-01	
24	3.344231E-01	3.364521E-01	3.479817E-01	
25	3.318047E-01	3.332434E-01	3.331881E-01	
26	3.343278E-01	3.051713E-01	3.451367E-01	
27	3.271779E-01	3.502546E-01	3.327211E-01	
28	3.334385E-01	2.979525E-01	3.455046E-01	
29	3.332708E-01	3.429164E-01	3.388367E-01	
30	3.303585E-01	3.306978E-01	3.496227E-01	
31	3.357014E-01	3.594392E-01	3.547989E-01	
32	3.314071E-01	3.463747E-01	3.492018E-01	
33	3.347422E-01	3.080590E-01	3.520961E-01	
34	3.320291E-01	3.441215E-01	3.507621E-01	
35	3.309556E-01	3.238788E-01	3.573057E-01	
36	3.322063E-01	3.102147E-01	3.455440E-01	
37	3.304755E-01	3.283391E-01	3.473146E-01	
38	3.309600E-01	3.083291E-01	3.605515E-01	
39	3.305164E-01	3.473822E-01	3.456664E-01	
40	3.296219E-01	3.234451E-01	3.475200E-01	
41	3.286559E-01	3.250848E-01	3.457814E-01	
42	3.266540E-01	2.880986E-01	3.474142E-01	
43	3.282430E-01	3.259365E-01	3.352233E-01	
44	3.292845E-01	3.282742E-01	3.346480E-01	
45	3.274352E-01	3.090032E-01	3.338966E-01	
46	3.271856E-01	3.296623E-01	3.323010E-01	
47	3.262471E-01	3.228633E-01	3.253219E-01	
48	3.259004E-01	3.148650E-01	3.295732E-01	
49	3.251272E-01	3.284552E-01	3.252575E-01	
50	3.230289E-01	3.282964E-01	3.201695E-01	
51	3.212651E-01	3.423193E-01	3.341205E-01	
52	3.217136E-01	3.162312E-01	3.181725E-01	
53	3.214689E-01	3.308962E-01	3.164228E-01	
54	3.182936E-01	3.365294E-01	3.192536E-01	
55	3.161265E-01	3.401176E-01	3.207330E-01	
56	3.171589E-01	3.266718E-01	3.241808E-01	
57	3.174396E-01	3.231153E-01	3.163166E-01	
58	3.170680E-01	3.336538E-01	3.182637E-01	
59	3.128996E-01	3.289200E-01	3.135350E-01	
60	3.153400E-01	3.200142E-01	3.184279E-01	
61	3.154068E-01	3.096228E-01	3.158204E-01	
62	3.145764E-01	3.216238E-01	3.123246E-01	
63	3.139637E-01	3.143299E-01	3.099306E-01	
64	3.134417E-01	3.229834E-01	3.105020E-01	
65	3.129461E-01	3.137272E-01	3.135629E-01	
66	3.105758E-01	3.090241E-01	3.037675E-01	
67	3.130336E-01	3.302052E-01	3.060073E-01	
68	3.109822E-01	3.181610E-01	3.027028E-01	
69	3.104507E-01	3.205610E-01	3.007480E-01	
70	3.113324E-01	3.204463E-01	3.014609E-01	
71	3.089133E-01	3.213728E-01	3.033258E-01	
72	3.083601E-01	3.329283E-01	3.026589E-01	
73	3.096174E-01	3.207744E-01	3.004730E-01	
74	3.083266E-01	3.168153E-01	3.015906E-01	
75	3.088519E-01	3.219498E-01	2.995970E-01	
76	3.081908E-01	3.256324E-01	3.006564E-01	
77	3.095550E-01	3.360762E-01	2.985070E-01	
78	3.085317E-01	3.245660E-01	2.977645E-01	
79	3.082592E-01	3.232333E-01	2.967089E-01	
80	3.080727E-01	3.127013E-01	2.973279E-01	
81	3.084415E-01	3.259900E-01	2.959950E-01	
82	3.067069E-01	3.222373E-01	2.975565E-01	
83	3.092250E-01	3.202663E-01	2.933338E-01	
84	3.089644E-01	3.236934E-01	2.944418E-01	
85	3.069662E-01	3.154754E-01	2.963683E-01	
86	3.079798E-01	3.088877E-01	2.930746E-01	
87	3.084941E-01	3.115130E-01	2.915372E-01	
88	3.082747E-01	3.110325E-01	2.907586E-01	
89	3.090961E-01	3.121418E-01	2.900857E-01	
90	3.097776E-01	3.175072E-01	2.869805E-01	
91	3.104515E-01	3.114193E-01	2.900920E-01	
92	3.117665E-01	3.047973E-01	2.894549E-01	
93	3.114173E-01	3.087502E-01	2.874476E-01	
94	3.116413E-01	3.216415E-01	2.870712E-01	
95	3.128337E-01	3.144837E-01	2.858560E-01	
96	3.133904E-01	3.118174E-01	2.830523E-01	
97	3.145875E-01	3.050047E-01	2.827445E-01	
98	3.163705E-01	3.177013E-01	2.816935E-01	
99	3.165550E-01	3.135660E-01	2.837261E-01	
100	3.182570E-01	3.131352E-01	2.834811E-01	
101	3.198440E-01	3.220572E-01	2.833140E-01	
102	3.207766E-01	3.197895E-01	2.819387E-01	
103	3.207909E-01	3.115506E-01	2.842555E-01	
104	3.236951E-01	3.118705E-01	2.824909E-01	
105	3.235945E-01	3.144981E-01	2.837996E-01	
106	3.264195E-01	3.168847E-01	2.847574E-01	
107	3.282054E-01	3.196819E-01	2.847118E-01	
108	3.275700E-01	3.170369E-01	2.861498E-01	
109	3.301999E-01	3.197623E-01	2.853927E-01	
110	3.297584E-01	3.163940E-01	2.868524E-01	
111	3.324256E-01	3.220999E-01	2.869544E-01	
112	3.340628E-01	3.205507E-01	2.876330E-01	
113	3.354331E-01	3.189698E-01	2.878448E-01	
114	3.370960E-01	3.269017E-01	2.900154E-01	
115	3.395591E-01	3.283427E-01	2.892519E-01	
116	3.390196E-01	3.311299E-01	2.880593E-01	
117	3.436883E-01	3.238468E-01	2.904057E-01	
118	3.447548E-01	3.255563E-01	2.896056E-01	
119	3.462722E-01	3.258322E-01	2.912201E-01	
120	3.487709E-01	3.271063E-01	2.917345E-01	
121	3.501406E-01	3.246730E-01	2.922114E-01	
122	3.524585E-01	3.300445E-01	2.929945E-01	
123	3.560296E-01	3.365382E-01	2.939395E-01	
124	3.564971E-01	3.189675E-01	2.952412E-01	
125	3.595967E-01	3.332983E-01	2.943753E-01	
126	3.612679E-01	3.323366E-01	2.995779E-01	
127	3.644032E-01	3.171538E-01	2.986095E-01	
128	3.672917E-01	3.365391E-01	3.012494E-01	
129	3.708075E-01	3.388249E-01	3.035762E-01	
130	3.719125E-01	3.330087E-01	3.054858E-01	
131	3.747973E-01	3.311732E-01	3.068587E-01	
132	3.779977E-01	3.334563E-01	3.106661E-01	
133	3.821900E-01	3.400431E-01	3.119829E-01	
134	3.859458E-01	3.377675E-01	3.137275E-01	
135	3.879512E-01	3.473843E-01	3.156274E-01	
136	3.926370E-01	3.502416E-01	3.176516E-01	
137	3.931125E-01	3.377667E-01	3.203345E-01	
138	3.982528E-01	3.549982E-01	3.218289E-01	
139	4.013444E-01	3.502017E-01	3.251153E-01	
140	4.059309E-01	3.536501E-01	3.280138E-01	
141	4.088037E-01	3.534154E-01	3.295619E-01	
142	4.122265E-01	3.628965E-01	3.326929E-01	
143	4.167925E-01	3.581849E-01	3.350552E-01	
144	4.212089E-01	3.633913E-01	3.361814E-01	
145	4.236026E-01	3.902025E-01	3.393010E-01	
146	4.273712E-01	3.736385E-01	3.434431E-01	
147	4.334622E-01	3.669034E-01	3.461230E-01	
148	4.359197E-01	3.813041E-01	3.487133E-01	
149	4.413996E-01	3.783000E-01	3.496689E-01	
150	4.431017E-01	3.807865E-01	3.535366E-01	
151	4.464546E-01	3.821656E-01	3.575216E-01	
152	4.501946E-01	3.834945E-01	3.582042E-01	
153	4.569883E-01	3.834834E-01	3.618746E-01	
154	4.607950E-01	3.909738E-01	3.649638E-01	
155	4.658370E-01	3.967936E-01	3.674893E-01	
156	4.686835E-01	4.058543E-01	3.682514E-01	
157	4.736010E-01	4.117893E-01	3.709695E-01	
158	4.780904E-01	4.121361E-01	3.763560E-01	
159	4.829812E-01	4.182463E-01	3.747533E-01	
160	4.847693E-01	4.366249E-01	3.781734E-01	
161	4.890936E-01	4.279072E-01	3.806285E-01	
162	4.932265E-01	4.338611E-01	3.823937E-01	
163	4.969096E-01	4.421097E-01	3.851486E-01	
164	5.018852E-01	4.557120E-01	3.859863E-01	
165	5.072283E-01	4.457093E-01	3.903825E-01	
166	5.067005E-01	4.429309E-01	3.901847E-01	
167	5.179275E-01	4.362629E-01	3.942398E-01	
168	5.175798E-01	4.478511E-01	3.938383E-01	
169	5.232954E-01	4.397911E-01	3.961338E-01	
170	5.270842E-01	4.403039E-01	3.956516E-01	
171	5.271175E-01	4.619975E-01	3.975556E-01	
172	5.317852E-01	4.442476E-01	3.983538E-01	
173	5.329139E-01	4.393158E-01	4.005791E-01	
174	5.415319E-01	4.584233E-01	4.029710E-01	
175	5.438236E-01	4.525944E-01	4.039101E-01	
176	5.451152E-01	4.534291E-01	4.022590E-01	
177	5.381261E-01	4.440143E-01	4.063378E-01	
178	5.562202E-01	4.463834E-01	4.055946E-01	
179	5.553908E-01	4.220892E-01	4.080559E-01	
180	5.552873E-01	4.489328E-01	4.082479E-01	
181	5.580619E-01	4.269059E-01	4.085158E-01	
182	5.654413E-01	4.175286E-01	4.086563E-01	
183	5.600006E-01	4.383849E-01	4.089061E-01	
184	5.648965E-01	4.592754E-01	4.087567E-01	
185	5.682813E-01	4.410665E-01	4.065035E-01	
186	5.745140E-01	4.165362E-01	4.088959E-01	
187	5.808806E-01	4.310781E-01	4.049889E-01	
188	5.808542E-01	4.223359E-01	4.066271E-01	
189	5.857895E-01	4.295952E-01	4.061683E-01	
190	5.926732E-01	4.203360E-01	4.040045E-01	
191	5.929861E-01	3.959454E-01	4.057413E-01	
192	5.980417E-01	3.670427E-01	4.014369E-01	
193	5.917883E-01	3.875671E-01	4.019966E-01	
194	5.969859E-01	4.039849E-01	4.030197E-01	
195	6.012626E-01	4.032335E-01	4.002987E-01	
196	6.106069E-01	3.799365E-01	4.012548E-01	
197	6.011422E-01	3.915720E-01	3.997574E-01	
198	6.057620E-01	3.740974E-01	3.998731E-01	
199	6.241291E-01	4.113138E-01	3.975177E-01	
200	6.082596E-01	3.978970E-01	3.982975E-01	
201	6.080570E-01	3.909540E-01	3.964182E-01	
202	6.149245E-01	4.178251E-01	3.926997E-01	
203	6.050087E-01	4.103014E-01	3.896069E-01	
204	6.143912E-01	4.242812E-01	3.915893E-01	
205	6.156666E-01	3.793503E-01	3.911222E-01	
206	6.110281E-01	3.795769E-01	3.864726E-01	
207	6.133406E-01	4.116168E-01	3.871304E-01	
208	6.056885E-01	3.801557E-01	3.841458E-01	
209	6.110803E-01	3.984747E-01	3.814655E-01	
210	5.981875E-01	4.060800E-01	3.807797E-01	
211	6.006613E-01	3.961824E-01	3.788806E-01	
212	6.065475E-01	3.869030E-01	3.755834E-01	
213	5.967998E-01	4.187990E-01	3.777031E-01	
214	5.940185E-01	3.799517E-01	3.736315E-01	
215	6.065833E-01	3.806022E-01	3.755743E-01	
216	6.173566E-01	4.014430E-01	3.722789E-01	
217	6.057030E-01	3.826506E-01	3.721239E-01	
218	5.919047E-01	3.922446E-01	3.700957E-01	
219	6.070060E-01	3.796498E-01	3.730906E-01	
220	6.254203E-01	3.976308E-01	3.695830E-01	
221	6.114788E-01	4.071505E-01	3.671801E-01	
222	6.170197E-01	3.648537E-01	3.686060E-01	
223	6.255270E-01	3.771492E-01	3.648209E-01	
224	6.313935E-01	3.782387E-01	3.664718E-01	
225	6.158411E-01	3.554537E-01	3.629502E-01	
226	6.215878E-01	3.680869E-01	3.664392E-01	
227	6.354866E-01	3.514847E-01	3.638812E-01	
228	6.189888E-01	3.754849E-01	3.575563E-01	
229	6.341456E-01	3.362536E-01	3.601570E-01	
230	6.235780E-01	3.526037E-01	3.576056E-01	
231	5.851956E-01	3.770158E-01	3.556370E-01	
232	6.422946E-01	3.309505E-01	3.549845E-01	
233	5.845725E-01	3.341774E-01	3.525600E-01	
234	6.027534E-01	3.494635E-01	3.534858E-01	
235	6.044788E-01	3.328991E-01	3.501374E-01	
236	5.987387E-01	3.539613E-01	3.473820E-01	
237	6.056125E-01	3.712225E-01	3.478267E-01	
238	5.836758E-01	3.715812E-01	3.450965E-01	
239	5.963111E-01	3.296847E-01	3.454538E-01	
240	5.771323E-01	3.324533E-01	3.468855E-01	
241	5.738774E-01	3.544554E-01	3.425716E-01	
242	5.907401E-01	3.788466E-01	3.394908E-01	
243	5.832752E-01	3.616806E-01	3.415814E-01	
244	5.094912E-01	3.318052E-01	3.398068E-01	
245	5.344914E-01	3.369064E-01	3.377488E-01	
246	5.286465E-01	3.455607E-01	3.394899E-01	
247	5.648230E-01	3.580368E-01	3.353707E-01	
248	5.335422E-01	3.557702E-01	3.326145E-01	
249	4.616335E-01	3.439451E-01	3.332854E-01	
250	5.161122E-01	2.921021E-01	3.311702E-01	
251	5.452581E-01	3.352790E-01	3.314692E-01	
252	5.124335E-01	3.463522E-01	3.261200E-01	
253	3.822334E-01	3.231121E-01	3.277223E-01	
254	5.000508E-01	3.397728E-01	3.278402E-01	
255	5.161331E-01	3.109954E-01	3.303637E-01	
256	4.174719E-01	3.197016E-01	3.283980E-01	
257	4.279098E-01	3.206819E-01	3.241201E-01	
258	4.659660E-01	3.178209E-01	3.216434E-01	
259	4.350632E-01	3.384518E-01	3.250618E-01	
260	4.486190E-01	3.037293E-01	3.214338E-01	
261	3.966296E-01	3.250368E-01	3.213138E-01	
262	4.442385E-01	3.141278E-01	3.202433E-01	
263	4.449793E-01	3.080542E-01	3.213160E-01	
264	4.201728E-01	3.216485E-01	3.208446E-01	
265	3.644117E-01	3.157656E-01	3.167057E-01	
266	3.671245E-01	3.115387E-01	3.190143E-01	
267	4.327346E-01	3.306852E-01	3.182140E-01	
268	4.106480E-01	2.985903E-01	3.165634E-01	
269	3.500060E-01	2.992145E-01	3.156536E-01	
270	3.574186E-01	3.113886E-01	3.145396E-01	
271	4.269368E-01	3.111557E-01	3.138846E-01	
272	3.698814E-01	3.007367E-01	3.107627E-01	
273	3.608668E-01	3.318921E-01	3.099578E-01	
274	3.426751E-01	3.264379E-01	3.125470E-01	
275	3.424293E-01	3.139867E-01	3.096085E-01	
276	3.439001E-01	3.119829E-01	3.093488E-01	
277	3.496797E-01	3.066605E-01	3.076901E-01	
278	3.977819E-01	2.987398E-01	3.044343E-01	
279	3.398885E-01	2.956945E-01	3.071030E-01	
280	3.394426E-01	2.974841E-01	3.057630E-01	
281	3.615472E-01	2.791163E-01	3.032567E-01	
282	2.643218E-01	3.175291E-01	3.019187E-01	
283	3.590570E-01	2.788985E-01	3.038620E-01	
284	3.543944E-01	3.001456E-01	3.000362E-01	
285	2.967013E-01	2.935907E-01	2.982231E-01	
286	3.532752E-01	2.870392E-01	3.006446E-01	
287	3.292953E-01	2.838890E-01	2.998965E-01	
288	3.015933E-01	2.894755E-01	2.953569E-01	
289	3.136132E-01	2.959654E-01	2.977525E-01	
290	3.228129E-01	3.004010E-01	2.913666E-01	
291	2.988606E-01	2.750533E-01	2.960592E-01	
292	3.278262E-01	2.845572E-01	2.933942E-01	
293	3.031869E-01	2.864176E-01	2.928605E-01	
294	3.333529E-01	2.850072E-01	2.941658E-01	
295	2.945179E-01	3.086862E-01	2.911409E-01	
296	3.308397E-01	2.802496E-01	2.941584E-01	
297	3.227129E-01	2.852671E-01	2.932762E-01	
298	3.195789E-01	2.868620E-01	2.943381E-01	
299	3.265201E-01	2.910994E-01	2.895557E-01	
300	3.384929E-01	2.840235E-01	2.957038E-01	
301	3.035576E-01	2.689172E-01	2.924148E-01	
302	2.779004E-01	2.620736E-01	2.929095E-01	
303	3.176709E-01	2.969327E-01	2.966633E-01	
304	2.953129E-01	2.659665E-01	2.926898E-01	
305	3.094638E-01	2.871080E-01	2.922433E-01	
306	2.918870E-01	2.949016E-01	2.919965E-01	
307	3.319633E-01	2.704871E-01	2.937130E-01	
308	3.090245E-01	2.805908E-01	2.928809E-01	
309	3.303620E-01	3.041837E-01	2.916910E-01	
310	2.296089E-01	2.922115E-01	2.905811E-01	
311	2.919313E-01	2.958833E-01	2.934112E-01	
312	3.425361E-01	2.762038E-01	2.915672E-01	
313	2.841267E-01	2.809569E-01	2.922077E-01	
314	3.022380E-01	3.026775E-01	2.928938E-01	
315	2.685681E-01	3.079572E-01	2.887774E-01	
316	2.794865E-01	2.847855E-01	2.906445E-01	
317	2.761074E-01	2.916323E-01	2.895413E-01	
318	3.317522E-01	2.886022E-01	2.911471E-01	
319	2.782129E-01	2.991449E-01	2.905593E-01	
320	2.673303E-01	2.763375E-01	2.907856E-01	
321	2.426400E-01	2.970499E-01	2.913540E-01	
322	2.661698E-01	3.033970E-01	2.896016E-01	
323	2.741713E-01	2.971433E-01	2.895116E-01	
324	2.546015E-01	2.968771E-01	2.886191E-01	
325	2.770011E-01	2.956201E-01	2.888470E-01	
326	2.504731E-01	2.937504E-01	2.867336E-01	
327	2.763607E-01	2.926335E-01	2.854076E-01	
328	3.087201E-01	2.911522E-01	2.907891E-01	
329	2.930907E-01	2.921254E-01	2.877951E-01	
330	3.483881E-01	3.061733E-01	2.901815E-01	
331	3.061995E-01	3.196039E-01	2.879635E-01	
332	3.383161E-01	2.987890E-01	2.891951E-01	
333	3.105037E-01	2.956688E-01	2.907438E-01	
334	2.993842E-01	3.032703E-01	2.907801E-01	
335	2.733153E-01	2.909674E-01	2.901926E-01	
336	2.849385E-01	3.078033E-01	2.913449E-01	
337	2.545414E-01	3.035680E-01	2.934024E-01	
338	2.243983E-01	2.901718E-01	2.926261E-01	
339	3.010505E-01	3.256817E-01	2.937309E-01	
340	2.697735E-01	2.980073E-01	2.945587E-01	
341	2.688574E-01	3.215381E-01	2.933412E-01	
342	3.264919E-01	3.055306E-01	2.937217E-01	
343	2.637050E-01	3.207191E-01	2.928650E-01	
344	2.618538E-01	2.861732E-01	2.938714E-01	
345	2.916475E-01	3.076669E-01	2.949817E-01	
346	2.583023E-01	3.016461E-01	2.930538E-01	
347	2.340607E-01	2.977489E-01	2.925202E-01	
348	2.206875E-01	3.010617E-01	2.923272E-01	
349	2.752410E-01	2.906730E-01	2.942906E-01	
350	2.967481E-01	2.909145E-01	2.888008E-01	
351	2.725669E-01	2.909883E-01	2.936546E-01	
352	2.895412E-01	2.841018E-01	2.901990E-01	
353	2.887271E-01	2.971196E-01	2.889937E-01	
354	2.975735E-01	2.841610E-01	2.909835E-01	
355	2.811690E-01	2.809743E-01	2.869408E-01	
356	2.873961E-01	2.709453E-01	2.880371E-01	
357	2.458693E-01	3.017207E-01	2.860602E-01	
358	2.592075E-01	3.056393E-01	2.870708E-01	
359	2.614964E-01	2.498827E-01	2.850353E-01	
360	2.625080E-01	2.948781E-01	2.844867E-01	
361	2.045353E-01	2.741127E-01	2.836002E-01	
362	3.278794E-01	2.705082E-01	2.836363E-01	
363	3.723284E-01	2.934019E-01	2.832210E-01	
364	3.089604E-01	2.649105E-01	2.813501E-01	
365	3.469337E-01	2.687950E-01	2.828606E-01	
366	3.097825E-01	2.671412E-01	2.791394E-01	
367	3.208254E-01	2.769642E-01	2.817666E-01	
368	2.589777E-01	2.530069E-01	2.791177E-01	
369	2.877139E-01	2.837959E-01	2.805023E-01	
370	3.227578E-01	2.756015E-01	2.810007E-01	
371	3.558376E-01	2.647215E-01	2.808157E-01	
372	3.039814E-01	2.680374E-01	2.828826E-01	
373	2.940909E-01	2.700400E-01	2.807592E-01	
374	2.691913E-01	2.727072E-01	2.852778E-01	
375	2.678189E-01	2.758301E-01	2.868804E-01	
376	2.845280E-01	2.504544E-01	2.841308E-01	
377	2.893855E-01	2.654052E-01	2.820724E-01	
378	3.512993E-01	2.912482E-01	2.844384E-01	
379	3.758835E-01	2.590772E-01	2.838245E-01	
380	3.644735E-01	2.905641E-01	2.802848E-01	
381	4.263377E-01	2.875656E-01	2.832681E-01	
382	3.291427E-01	2.557314E-01	2.784473E-01	
383	3.778192E-01	2.741944E-01	2.839425E-01	
384	3.688236E-01	2.490568E-01	2.823210E-01	
385	3.279404E-01	2.765006E-01	2.783356E-01	
386	3.870959E-01	2.703803E-01	2.882198E-01	
387	2.265802E-01	2.341072E-01	2.799731E-01	
388	3.367475E-01	2.515821E-01	2.794257E-01	
389	3.509097E-01	2.484626E-01	2.840869E-01	
390	3.029945E-01	2.360069E-01	2.792321E-01	
391	2.582667E-01	2.688933E-01	2.850103E-01	
392	3.185329E-01	2.521038E-01	2.812243E-01	
393	2.921894E-01	2.502928E-01	2.795299E-01	
394	2.167154E-01	2.386246E-01	2.808183E-01	
395	2.401816E-01	2.610936E-01	2.856053E-01	
396	2.622016E-01	2.608809E-01	2.781755E-01	
397	2.295658E-01	2.384426E-01	2.838181E-01	
398	2.593541E-01	2.404487E-01	2.828808E-01	
399	2.274317E-01	2.515978E-01	2.829343E-01	
400	2.131046E-01	2.427385E-01	2.852607E-01	
401	3.013232E-01	2.596232E-01	2.794388E-01	
402	2.614481E-01	3.010409E-01	2.859068E-01	
403	2.411253E-01	2.691069E-01	2.850287E-01	
404	2.623994E-01	2.598694E-01	2.838407E-01	
405	1.775206E-01	2.857920E-01	2.834298E-01	
406	2.600360E-01	2.477615E-01	2.858423E-01	
407	2.716208E-01	2.854463E-01	2.900971E-01	
408	2.104107E-01	2.527329E-01	2.835754E-01	
409	2.767254E-01	2.684250E-01	2.858981E-01	
410	1.901574E-01	2.816279E-01	2.918441E-01	
411	3.200487E-01	2.847920E-01	2.926829E-01	
412	2.041198E-01	2.810407E-01	2.837920E-01	
413	2.317948E-01	2.734158E-01	2.905894E-01	
414	2.734055E-01	2.667171E-01	2.925006E-01	
415	2.261220E-01	3.235686E-01	2.948851E-01	
416	2.861729E-01	2.779668E-01	2.926959E-01	
417	2.464847E-01	2.403727E-01	2.909951E-01	
418	2.953676E-01	2.671686E-01	2.991306E-01	
419	2.778517E-01	2.613445E-01	2.945061E-01	
420	2.660416E-01	2.935035E-01	2.940856E-01	
421	3.280959E-01	2.622665E-01	3.016259E-01	
422	2.688608E-01	2.356746E-01	2.991848E-01	
423	3.106877E-01	2.418758E-01	2.886112E-01	
424	2.457992E-01	3.015105E-01	3.017780E-01	
425	2.553785E-01	2.795430E-01	2.913868E-01	
426	2.755036E-01	3.178866E-01	2.946873E-01	
427	3.086811E-01	2.562514E-01	2.935668E-01	
428	2.232723E-01	2.056375E-01	2.962994E-01	
429	2.097664E-01	2.367116E-01	2.927349E-01	
430	2.638102E-01	2.384145E-01	2.963226E-01	
431	2.391325E-01	2.166436E-01	2.938910E-01	
432	2.126256E-01	2.628411E-01	2.935052E-01	
433	1.696157E-01	2.594638E-01	3.015717E-01	
434	2.160198E-01	2.607765E-01	2.958410E-01	
435	1.993390E-01	2.488645E-01	2.913170E-01	
436	1.751379E-01	2.851736E-01	2.992863E-01	
437	1.838425E-01	2.772996E-01	2.949903E-01	
438	2.027850E-01	3.197782E-01	2.986118E-01	
439	2.438997E-01	2.905464E-01	2.863999E-01	
440	1.965812E-01	2.598566E-01	3.032829E-01	
441	2.653147E-01	2.398240E-01	2.982706E-01	
442	2.774481E-01	2.856155E-01	3.009246E-01	
443	3.283920E-01	2.068483E-01	2.811204E-01	
444	3.373471E-01	2.652549E-01	2.977519E-01	
445	2.809159E-01	3.043750E-01	2.976180E-01	
446	3.798945E-01	2.847079E-01	2.895489E-01	
447	2.719726E-01	2.641313E-01	2.867727E-01	
448	4.719399E-01	2.905328E-01	2.882125E-01	
449	4.494407E-01	3.081923E-01	2.920570E-01	
450	5.192980E-01	3.862046E-01	2.908316E-01	
451	4.650118E-01	2.766693E-01	2.857638E-01	
452	4.519919E-01	3.779984E-01	2.857872E-01	
453	3.492800E-01	3.444931E-01	2.867592E-01	
454	4.891333E-01	3.194974E-01	2.967622E-01	
455	5.106872E-01	3.171581E-01	2.913586E-01	
456	3.507295E-01	3.172095E-01	2.831727E-01	
457	6.244492E-01	3.959955E-01	2.905065E-01	
458	3.848006E-01	3.859396E-01	2.973370E-01	
459	5.414349E-01	3.169507E-01	2.933862E-01	
460	6.775677E-01	3.320029E-01	2.855662E-01	
461	5.720719E-01	2.981159E-01	3.021547E-01	
462	6.278066E-01	2.991580E-01	2.840061E-01	
463	4.983976E-01	3.179355E-01	3.101293E-01	
464	7.011027E-01	3.234577E-01	2.969878E-01	
465	8.424127E-01	3.008001E-01	2.954250E-01	
466	7.700704E-01	3.779245E-01	3.030224E-01	
467	6.824492E-01	3.445621E-01	2.957165E-01	
468	5.324028E-01	2.790211E-01	3.122303E-01	
469	8.301899E-01	3.318069E-01	2.916366E-01	
470	8.593727E-01	2.882633E-01	3.076209E-01	
471	8.163891E-01	3.735939E-01	2.904582E-01	
472	6.852074E-01	4.532260E-01	3.177473E-01	
473	8.861079E-01	3.874732E-01	2.840274E-01	
474	9.548301E-01	3.267275E-01	3.049789E-01	
475	0	3.671215E-01	3.072004E-01	
476	9.504837E-01	3.793982E-01	3.129564E-01	
477	8.815644E-01	1.956795E-01	3.638220E-01	
478	9.795935E-01	3.874183E-01	3.115499E-01	
479	0	3.105821E-01	3.524523E-01	
480	0	4.021457E-01	2.945800E-01	
481	0	4.280933E-01	3.362242E-01	
482	0	4.452243E-01	3.169944E-01	
483	0	4.353083E-01	3.392789E-01	
484	0	6.142591E-01	3.967413E-01	
485	0	4.240197E-01	3.186252E-01	
486	0	1.958748E-01	4.172442E-01	
487	0	3.534303E-01	3.143713E-01	
488	0	2.830245E-01	3.996643E-01	
489	0	3.458554E-01	2.983046E-01	
490	0	4.842957E-01	3.712650E-01	
491	0	1.329270E-01	3.597558E-01	
492	0	3.229866E-01	3.500849E-01	
493	0	0	4.638565E-01	
494	0	3.642118E-01	3.428184E-01	
495	0	3.122398E-01	4.170546E-01	
496	0	3.641715E-01	3.422147E-01	
497	0	4.863916E-01	3.782454E-01	
498	0	2.128996E-01	3.584130E-01	
499	0	4.084627E-01	3.880503E-01	
500	0	0	0	
501	0	2.414132E-01	3.934848E-01	
502	0	0	0	
503	0	4.886454E-01	4.057421E-01	
504	0	0	0	
505	0	7.415679E-01	4.314540E-01	
506	0	0	4.991602E-01	
507	0	0	0	
508	0	5.663909E-01	4.367177E-01	
509	0	0	0	
510	0	4.036071E-01	4.885888E-01	
511	0	0	0	
512	0	6.308466E-01	5.317643E-01	
513	0	0	0	
514	0	0	0	
515	0	7.788307E-01	5.836208E-01	
516	0	0	0	
517	0	0	6.994996E-01	
518	0	0	0	
519	0	0	6.720129E-01	
520	0	0	0	
521	0	0	0	
522	0	0	0	
523	0	0	0	
524	0	0	0	
525	0	0	0	
526	0	0	0	
527	0	0	0	
528	0	0	0	
529	0	0	0	
530	0	0	0	
531	0	0	0	
532	0	0	0	
533	0	0	0	
534	0	0	0	
535	0	0	0	
536	0	0	0	
537	0	0	0	
538	0	0	0	
539	0	0	0	
540	0	0	0	
541	0	0	0	
542	0	0	0	
543	0	0	0	
544	0	0	0	
545	0	0	0	
546	0	0	0	
547	0	0	0	
548	0	0	0	
549	0	0	0	
550	0	0	0	
551	0	0	0	
552	0	0	0	
553	0	0	0	
554	0	0	0	
555	0	0	0	
556	0	0	0	
557	0	0	0	
558	0	0	0	
559	0	0	0	
560	0	0	0	
561	0	0	0	
562	0	0	0	
563	0	0	0	
564	0	0	0	
565	0	0	0	
566	0	0	0	
567	0	0	0	
568	0	0	0	
569	0	0	0	
570	0	0	0	
571	0	0	0	
572	0	0	0	
573	0	0	0	
574	0	0	0	
575	0	0	0	
576	0	0	0	
577	0	0	0	
578	0	0	0	
579	0	0	0	
580	0	0	0	
581	0	0	0	
582	0	0	0	
583	0	0	0	
584	0	0	0	
585	0	0	0	
586	0	0	0	
587	0	0	0	
588	0	0	0	
589	0	0	0	
590	0	0	0	
591	0	0	0	
592	0	0	0	
593	0	0	0	
594	0	0	0	
595	0	0	0	
596	0	0	0	
597	0	0	0	
598	0	0	0	
599	0	0	0	
#NewRun
