#COM_Bin	Avg_cosine_squared
#Order is chain type
0	0	0	0	
1	0	0	0	
2	0	0	0	
3	0	0	0	
4	3.373521E-01	3.264910E-01	3.382481E-01	
5	3.295539E-01	3.405765E-01	4.463370E-01	
6	3.351623E-01	3.365629E-01	3.920746E-01	
7	0	0	0	
8	3.352993E-01	3.372551E-01	1.585182E-01	
9	3.368189E-01	3.329177E-01	2.343292E-01	
10	0	0	0	
11	3.267852E-01	3.451578E-01	4.486161E-01	
12	3.344507E-01	3.360902E-01	3.410946E-01	
13	3.310508E-01	3.430787E-01	2.922426E-01	
14	3.332981E-01	3.389261E-01	3.805993E-01	
15	0	0	0	
16	3.376327E-01	3.346662E-01	2.189299E-01	
17	3.321536E-01	3.332431E-01	4.148410E-01	
18	3.381922E-01	3.347439E-01	3.650093E-01	
19	3.427406E-01	3.312405E-01	3.692177E-01	
20	3.306298E-01	3.329326E-01	2.968696E-01	
21	3.328071E-01	3.353783E-01	3.994413E-01	
22	3.349412E-01	3.344724E-01	2.808864E-01	
23	3.359855E-01	3.333855E-01	3.979144E-01	
24	3.297236E-01	3.319479E-01	3.274199E-01	
25	3.280422E-01	3.346614E-01	4.086621E-01	
26	3.282602E-01	3.357877E-01	4.383720E-01	
27	3.311208E-01	3.348234E-01	4.046571E-01	
28	3.291341E-01	3.340171E-01	3.725837E-01	
29	3.301158E-01	3.320458E-01	4.073169E-01	
30	3.280451E-01	3.316601E-01	3.581290E-01	
31	3.298593E-01	3.334997E-01	4.290759E-01	
32	3.317719E-01	3.313788E-01	4.230540E-01	
33	3.313442E-01	3.297963E-01	3.952372E-01	
34	3.315568E-01	3.338009E-01	4.311780E-01	
35	3.290655E-01	3.316409E-01	3.732689E-01	
36	3.306283E-01	3.308832E-01	3.909572E-01	
37	3.314369E-01	3.301463E-01	4.030998E-01	
38	3.284137E-01	3.310033E-01	4.183679E-01	
39	3.278676E-01	3.273854E-01	3.741343E-01	
40	3.314949E-01	3.265232E-01	3.995047E-01	
41	3.300752E-01	3.241397E-01	3.805395E-01	
42	3.272227E-01	3.284677E-01	3.578353E-01	
43	3.297282E-01	3.257003E-01	3.718259E-01	
44	3.295052E-01	3.235770E-01	3.777140E-01	
45	3.256501E-01	3.237310E-01	3.824854E-01	
46	3.229811E-01	3.229505E-01	3.437323E-01	
47	3.274980E-01	3.226544E-01	3.732721E-01	
48	3.245785E-01	3.212548E-01	3.884711E-01	
49	3.218325E-01	3.197510E-01	3.575082E-01	
50	3.204997E-01	3.186398E-01	3.469472E-01	
51	3.198782E-01	3.207613E-01	3.440258E-01	
52	3.197078E-01	3.163190E-01	3.525300E-01	
53	3.175597E-01	3.148729E-01	3.332329E-01	
54	3.178402E-01	3.161502E-01	3.579316E-01	
55	3.173422E-01	3.160114E-01	3.365924E-01	
56	3.175223E-01	3.157377E-01	3.519643E-01	
57	3.156271E-01	3.140372E-01	3.428271E-01	
58	3.156979E-01	3.142802E-01	3.307633E-01	
59	3.143509E-01	3.143717E-01	3.306419E-01	
60	3.138493E-01	3.117183E-01	3.267294E-01	
61	3.145094E-01	3.106383E-01	3.368373E-01	
62	3.132489E-01	3.098152E-01	3.210297E-01	
63	3.120041E-01	3.100003E-01	3.190843E-01	
64	3.128108E-01	3.093968E-01	3.240361E-01	
65	3.107056E-01	3.086016E-01	3.259120E-01	
66	3.085206E-01	3.081078E-01	3.170039E-01	
67	3.078801E-01	3.072032E-01	3.224705E-01	
68	3.083219E-01	3.068902E-01	3.209455E-01	
69	3.057371E-01	3.061435E-01	3.298975E-01	
70	3.036653E-01	3.058862E-01	3.206976E-01	
71	3.036143E-01	3.075524E-01	3.149341E-01	
72	3.043865E-01	3.047047E-01	3.156284E-01	
73	3.029349E-01	3.044250E-01	3.104955E-01	
74	3.017468E-01	3.055634E-01	3.142737E-01	
75	3.010222E-01	3.044766E-01	3.067959E-01	
76	3.001070E-01	3.038436E-01	3.078993E-01	
77	3.002277E-01	3.036437E-01	3.032702E-01	
78	3.010383E-01	3.031290E-01	2.956332E-01	
79	3.002282E-01	3.028706E-01	2.942450E-01	
80	3.000074E-01	3.031057E-01	2.907864E-01	
81	3.007520E-01	3.028413E-01	2.866091E-01	
82	3.003702E-01	3.027537E-01	2.904839E-01	
83	2.994660E-01	3.037172E-01	2.842256E-01	
84	2.996767E-01	3.021625E-01	2.782537E-01	
85	2.996902E-01	3.041089E-01	2.782762E-01	
86	2.992186E-01	3.039959E-01	2.810756E-01	
87	2.995483E-01	3.043356E-01	2.775730E-01	
88	3.012887E-01	3.043402E-01	2.747969E-01	
89	3.015957E-01	3.054215E-01	2.676750E-01	
90	3.013258E-01	3.065150E-01	2.687283E-01	
91	3.009284E-01	3.063666E-01	2.698509E-01	
92	3.026500E-01	3.073568E-01	2.642664E-01	
93	3.028227E-01	3.091131E-01	2.624508E-01	
94	3.045669E-01	3.094927E-01	2.602062E-01	
95	3.037784E-01	3.111009E-01	2.613942E-01	
96	3.072425E-01	3.126549E-01	2.578224E-01	
97	3.077466E-01	3.145658E-01	2.586245E-01	
98	3.087849E-01	3.155275E-01	2.513041E-01	
99	3.084524E-01	3.175684E-01	2.600148E-01	
100	3.115473E-01	3.183170E-01	2.522359E-01	
101	3.134479E-01	3.215323E-01	2.523906E-01	
102	3.144653E-01	3.221169E-01	2.503614E-01	
103	3.155335E-01	3.257660E-01	2.511692E-01	
104	3.174983E-01	3.277004E-01	2.500875E-01	
105	3.203932E-01	3.291825E-01	2.476503E-01	
106	3.209292E-01	3.322955E-01	2.480833E-01	
107	3.235170E-01	3.340602E-01	2.470677E-01	
108	3.260073E-01	3.362524E-01	2.452587E-01	
109	3.275624E-01	3.386098E-01	2.458290E-01	
110	3.297919E-01	3.423540E-01	2.474166E-01	
111	3.318441E-01	3.437806E-01	2.442606E-01	
112	3.343144E-01	3.502091E-01	2.446476E-01	
113	3.375324E-01	3.508181E-01	2.463012E-01	
114	3.404634E-01	3.550004E-01	2.454361E-01	
115	3.436377E-01	3.582961E-01	2.462241E-01	
116	3.458433E-01	3.620804E-01	2.475192E-01	
117	3.493238E-01	3.656922E-01	2.472096E-01	
118	3.515385E-01	3.687628E-01	2.475076E-01	
119	3.553160E-01	3.724556E-01	2.465507E-01	
120	3.576832E-01	3.762682E-01	2.481104E-01	
121	3.637063E-01	3.812286E-01	2.497103E-01	
122	3.655284E-01	3.846353E-01	2.480255E-01	
123	3.681683E-01	3.853989E-01	2.488991E-01	
124	3.739037E-01	3.909991E-01	2.503187E-01	
125	3.768204E-01	3.945991E-01	2.527594E-01	
126	3.788603E-01	3.985944E-01	2.522490E-01	
127	3.834973E-01	4.016468E-01	2.552932E-01	
128	3.874022E-01	4.067454E-01	2.571553E-01	
129	3.919129E-01	4.078689E-01	2.595841E-01	
130	3.952186E-01	4.133385E-01	2.606824E-01	
131	4.004392E-01	4.174498E-01	2.612518E-01	
132	4.045312E-01	4.215853E-01	2.641676E-01	
133	4.089649E-01	4.250590E-01	2.661121E-01	
134	4.137234E-01	4.301805E-01	2.683351E-01	
135	4.184207E-01	4.352381E-01	2.699209E-01	
136	4.239643E-01	4.374763E-01	2.718215E-01	
137	4.291993E-01	4.416541E-01	2.759474E-01	
138	4.324492E-01	4.478020E-01	2.791430E-01	
139	4.394816E-01	4.525211E-01	2.807718E-01	
140	4.435927E-01	4.566223E-01	2.844997E-01	
141	4.492207E-01	4.601234E-01	2.874732E-01	
142	4.524150E-01	4.653664E-01	2.905611E-01	
143	4.570090E-01	4.672037E-01	2.942671E-01	
144	4.632973E-01	4.742324E-01	2.966730E-01	
145	4.696989E-01	4.789816E-01	3.003992E-01	
146	4.728430E-01	4.796200E-01	3.051926E-01	
147	4.827861E-01	4.888131E-01	3.087263E-01	
148	4.849025E-01	4.902025E-01	3.115531E-01	
149	4.882356E-01	4.953739E-01	3.142834E-01	
150	4.940692E-01	5.002343E-01	3.177345E-01	
151	4.992823E-01	5.030989E-01	3.205059E-01	
152	5.047971E-01	5.094361E-01	3.246468E-01	
153	5.122963E-01	5.171926E-01	3.294540E-01	
154	5.186943E-01	5.211802E-01	3.324088E-01	
155	5.227669E-01	5.244891E-01	3.340084E-01	
156	5.265822E-01	5.314309E-01	3.378730E-01	
157	5.330442E-01	5.362335E-01	3.426878E-01	
158	5.382112E-01	5.384160E-01	3.471515E-01	
159	5.404311E-01	5.414768E-01	3.467635E-01	
160	5.506214E-01	5.474938E-01	3.516006E-01	
161	5.513955E-01	5.503233E-01	3.523530E-01	
162	5.604826E-01	5.540828E-01	3.580310E-01	
163	5.623214E-01	5.554929E-01	3.574087E-01	
164	5.616258E-01	5.605128E-01	3.625695E-01	
165	5.711083E-01	5.621866E-01	3.644625E-01	
166	5.771731E-01	5.650391E-01	3.682656E-01	
167	5.736120E-01	5.647454E-01	3.702758E-01	
168	5.889650E-01	5.657401E-01	3.709708E-01	
169	5.871293E-01	5.736292E-01	3.724879E-01	
170	5.826821E-01	5.738481E-01	3.759173E-01	
171	5.973411E-01	5.727354E-01	3.763131E-01	
172	5.953310E-01	5.710459E-01	3.779831E-01	
173	6.003407E-01	5.741967E-01	3.817428E-01	
174	6.032499E-01	5.752260E-01	3.814664E-01	
175	6.102578E-01	5.756752E-01	3.849666E-01	
176	6.078255E-01	5.815932E-01	3.848215E-01	
177	6.124012E-01	5.758368E-01	3.841303E-01	
178	6.204402E-01	5.862437E-01	3.875199E-01	
179	6.130442E-01	5.706223E-01	3.893920E-01	
180	6.320720E-01	5.772950E-01	3.905299E-01	
181	6.271247E-01	5.689219E-01	3.930980E-01	
182	6.318742E-01	5.766650E-01	3.936516E-01	
183	6.355484E-01	5.811751E-01	3.940275E-01	
184	6.465870E-01	5.734637E-01	3.963059E-01	
185	6.497473E-01	5.699849E-01	3.982550E-01	
186	6.577711E-01	5.716760E-01	3.961220E-01	
187	6.595627E-01	5.751658E-01	4.012231E-01	
188	6.670444E-01	5.713418E-01	3.978453E-01	
189	6.671795E-01	5.685471E-01	4.005904E-01	
190	6.614419E-01	5.681591E-01	3.972401E-01	
191	6.744100E-01	5.725682E-01	3.992569E-01	
192	6.790406E-01	5.674986E-01	3.984045E-01	
193	6.796968E-01	5.803581E-01	3.980847E-01	
194	6.826474E-01	5.723903E-01	3.996273E-01	
195	7.007431E-01	5.498672E-01	4.000864E-01	
196	6.976536E-01	5.601666E-01	3.951509E-01	
197	7.009301E-01	5.541069E-01	3.960798E-01	
198	7.081921E-01	5.294025E-01	3.963892E-01	
199	7.135969E-01	5.438028E-01	3.906208E-01	
200	7.115795E-01	5.270212E-01	3.920187E-01	
201	7.093679E-01	5.258639E-01	3.922327E-01	
202	7.274691E-01	5.171023E-01	3.899924E-01	
203	7.208527E-01	5.086677E-01	3.896621E-01	
204	7.196510E-01	5.142392E-01	3.893117E-01	
205	7.019445E-01	5.018543E-01	3.917083E-01	
206	7.184238E-01	5.126615E-01	3.895158E-01	
207	7.246332E-01	4.872107E-01	3.849735E-01	
208	7.355024E-01	5.077016E-01	3.863748E-01	
209	7.116280E-01	5.147607E-01	3.855246E-01	
210	7.164757E-01	4.906359E-01	3.884022E-01	
211	7.228386E-01	4.838860E-01	3.825883E-01	
212	7.466127E-01	4.802191E-01	3.853310E-01	
213	7.310435E-01	4.826515E-01	3.823242E-01	
214	7.536779E-01	4.652930E-01	3.799114E-01	
215	7.416259E-01	4.710287E-01	3.809161E-01	
216	7.233712E-01	4.726562E-01	3.784692E-01	
217	7.272310E-01	4.356652E-01	3.793025E-01	
218	7.391085E-01	4.520177E-01	3.749866E-01	
219	7.304727E-01	4.681692E-01	3.753029E-01	
220	7.510148E-01	4.374209E-01	3.739797E-01	
221	7.885927E-01	4.384084E-01	3.737660E-01	
222	7.724160E-01	4.236371E-01	3.717057E-01	
223	7.769054E-01	4.208070E-01	3.718038E-01	
224	7.957539E-01	4.164857E-01	3.703240E-01	
225	7.788755E-01	3.907646E-01	3.666067E-01	
226	8.091918E-01	3.955085E-01	3.691251E-01	
227	7.960091E-01	4.088241E-01	3.686688E-01	
228	8.078327E-01	4.040975E-01	3.641087E-01	
229	7.813572E-01	4.027182E-01	3.658058E-01	
230	8.337071E-01	3.973474E-01	3.635826E-01	
231	7.812465E-01	4.077738E-01	3.610163E-01	
232	8.312354E-01	4.124069E-01	3.636413E-01	
233	8.299042E-01	3.767773E-01	3.597043E-01	
234	8.671241E-01	3.955191E-01	3.593956E-01	
235	8.506830E-01	3.942448E-01	3.616941E-01	
236	8.156336E-01	3.989214E-01	3.570862E-01	
237	8.707674E-01	3.982713E-01	3.567451E-01	
238	8.599327E-01	3.697146E-01	3.554432E-01	
239	8.427850E-01	3.735633E-01	3.576866E-01	
240	8.372905E-01	3.791600E-01	3.531835E-01	
241	8.740184E-01	3.732551E-01	3.524954E-01	
242	8.617364E-01	3.750690E-01	3.515331E-01	
243	8.582391E-01	3.517331E-01	3.533413E-01	
244	8.295547E-01	3.675736E-01	3.484826E-01	
245	8.942891E-01	3.581264E-01	3.479253E-01	
246	8.232099E-01	3.514880E-01	3.465456E-01	
247	8.126400E-01	3.525895E-01	3.498372E-01	
248	9.060576E-01	3.489259E-01	3.486116E-01	
249	8.387513E-01	3.773264E-01	3.445061E-01	
250	8.538152E-01	3.575499E-01	3.460280E-01	
251	8.454684E-01	3.605377E-01	3.470448E-01	
252	8.679452E-01	3.281966E-01	3.438008E-01	
253	9.042208E-01	3.372420E-01	3.387765E-01	
254	6.999469E-01	3.613152E-01	3.403897E-01	
255	8.571007E-01	3.439767E-01	3.401737E-01	
256	8.721076E-01	3.399542E-01	3.373755E-01	
257	8.036638E-01	3.430533E-01	3.380966E-01	
258	8.381577E-01	3.365638E-01	3.344163E-01	
259	9.083945E-01	3.479322E-01	3.340200E-01	
260	9.308635E-01	3.393157E-01	3.291210E-01	
261	8.660421E-01	3.451981E-01	3.303717E-01	
262	8.374777E-01	3.322960E-01	3.285521E-01	
263	8.681658E-01	3.588424E-01	3.289699E-01	
264	8.496775E-01	3.291697E-01	3.252057E-01	
265	9.012579E-01	3.227335E-01	3.273294E-01	
266	8.195468E-01	3.323277E-01	3.261004E-01	
267	8.814652E-01	3.351304E-01	3.237211E-01	
268	8.245034E-01	3.418327E-01	3.226266E-01	
269	7.914554E-01	3.308966E-01	3.226615E-01	
270	8.328139E-01	3.450164E-01	3.181245E-01	
271	8.699880E-01	3.241058E-01	3.193229E-01	
272	9.061103E-01	3.358281E-01	3.152425E-01	
273	7.006768E-01	3.452997E-01	3.116851E-01	
274	9.284990E-01	3.318857E-01	3.116189E-01	
275	9.722596E-01	3.319314E-01	3.135633E-01	
276	9.558167E-01	3.503692E-01	3.066993E-01	
277	8.855880E-01	3.268162E-01	3.085091E-01	
278	9.526641E-01	3.411922E-01	3.065431E-01	
279	8.375842E-01	3.341753E-01	3.069179E-01	
280	9.883338E-01	3.273263E-01	3.065603E-01	
281	5.701728E-01	3.265733E-01	3.042331E-01	
282	9.254554E-01	3.214958E-01	3.012184E-01	
283	0	3.294436E-01	3.021136E-01	
284	5.554292E-01	3.350216E-01	3.017835E-01	
285	0	3.270818E-01	2.974141E-01	
286	9.330898E-01	3.046273E-01	3.004895E-01	
287	1.158707E-01	3.238726E-01	2.956981E-01	
288	5.435972E-01	3.191993E-01	2.957679E-01	
289	9.905860E-01	3.268007E-01	2.971440E-01	
290	2.772042E-01	3.273454E-01	2.931860E-01	
291	9.945656E-01	3.328664E-01	2.966248E-01	
292	8.083369E-01	3.220828E-01	2.919042E-01	
293	5.258752E-01	3.229116E-01	2.912646E-01	
294	7.668703E-01	3.179269E-01	2.919623E-01	
295	6.416256E-01	3.269641E-01	2.915130E-01	
296	5.217956E-01	3.326081E-01	2.910161E-01	
297	6.977175E-01	3.217163E-01	2.894000E-01	
298	4.975035E-01	3.201894E-01	2.910126E-01	
299	3.585165E-01	3.176931E-01	2.880058E-01	
300	5.843321E-01	3.265899E-01	2.917151E-01	
301	5.426153E-01	3.312390E-01	2.908035E-01	
302	3.764177E-01	3.163505E-01	2.896488E-01	
303	6.188988E-01	3.220598E-01	2.925750E-01	
304	3.728141E-01	3.320606E-01	2.878265E-01	
305	0	3.097306E-01	2.902844E-01	
306	5.869459E-01	3.091674E-01	2.879602E-01	
307	6.288670E-01	3.247661E-01	2.874313E-01	
308	2.530887E-01	3.047823E-01	2.879546E-01	
309	9.296574E-01	3.036519E-01	2.866956E-01	
310	3.814853E-02	3.167624E-01	2.888921E-01	
311	6.395396E-01	2.981092E-01	2.854530E-01	
312	0	3.155582E-01	2.866683E-01	
313	1.012580E-01	2.992317E-01	2.847993E-01	
314	7.436172E-01	2.980234E-01	2.904246E-01	
315	8.052530E-01	2.963870E-01	2.882341E-01	
316	5.817310E-05	2.952543E-01	2.870764E-01	
317	6.537649E-01	2.959380E-01	2.880585E-01	
318	3.103454E-01	2.965590E-01	2.893249E-01	
319	0	3.092237E-01	2.861566E-01	
320	6.529508E-01	2.897928E-01	2.869875E-01	
321	1.904970E-03	2.992708E-01	2.891301E-01	
322	0	3.023895E-01	2.845630E-01	
323	2.869311E-03	2.967549E-01	2.881373E-01	
324	3.058144E-01	2.978089E-01	2.872386E-01	
325	6.504721E-01	2.923839E-01	2.868773E-01	
326	2.890960E-03	2.751829E-01	2.890373E-01	
327	2.856608E-01	2.629898E-01	2.850337E-01	
328	7.506522E-01	2.755900E-01	2.890294E-01	
329	2.360342E-01	2.787822E-01	2.887411E-01	
330	2.307217E-01	2.801360E-01	2.871328E-01	
331	1.578187E-01	3.050508E-01	2.862899E-01	
332	1.904615E-01	2.975820E-01	2.911105E-01	
333	8.881755E-02	2.671260E-01	2.900658E-01	
334	8.412045E-02	2.816553E-01	2.882601E-01	
335	9.001819E-02	2.830954E-01	2.893702E-01	
336	1.134185E-01	2.822180E-01	2.882583E-01	
337	1.272953E-01	2.970848E-01	2.909682E-01	
338	2.195242E-01	2.752986E-01	2.867991E-01	
339	1.715047E-01	2.725412E-01	2.870646E-01	
340	1.416259E-01	2.771045E-01	2.866060E-01	
341	9.797902E-02	2.740855E-01	2.903279E-01	
342	1.918187E-01	2.873461E-01	2.903520E-01	
343	2.322912E-01	2.995748E-01	2.855707E-01	
344	3.456338E-01	2.860984E-01	2.901191E-01	
345	1.188880E-01	2.790294E-01	2.883151E-01	
346	1.561034E-01	2.877058E-01	2.875508E-01	
347	2.791572E-01	2.896120E-01	2.880056E-01	
348	2.549782E-01	2.814821E-01	2.865141E-01	
349	1.677628E-01	2.763921E-01	2.888669E-01	
350	1.928662E-01	2.733022E-01	2.854327E-01	
351	1.872689E-01	2.704566E-01	2.856828E-01	
352	3.584201E-01	2.788307E-01	2.862687E-01	
353	2.566557E-01	2.671966E-01	2.855020E-01	
354	4.359002E-01	2.738323E-01	2.836205E-01	
355	2.373229E-01	2.787443E-01	2.817897E-01	
356	3.195618E-01	2.736022E-01	2.844973E-01	
357	2.853110E-01	2.910566E-01	2.844704E-01	
358	2.607918E-01	2.670314E-01	2.830994E-01	
359	4.519010E-01	2.490933E-01	2.818282E-01	
360	3.019447E-01	2.723705E-01	2.828916E-01	
361	4.548301E-01	2.616261E-01	2.812436E-01	
362	2.251801E-01	2.610397E-01	2.827318E-01	
363	4.921618E-02	2.528677E-01	2.820890E-01	
364	3.110464E-02	2.769721E-01	2.807292E-01	
365	9.472057E-02	2.542482E-01	2.818820E-01	
366	9.366505E-02	2.652892E-01	2.803286E-01	
367	0	2.498177E-01	2.832804E-01	
368	1.077926E-01	2.481845E-01	2.835644E-01	
369	1.342508E-01	2.639300E-01	2.821720E-01	
370	0	2.555041E-01	2.822617E-01	
371	0	2.368214E-01	2.850567E-01	
372	0	2.491193E-01	2.847006E-01	
373	1.302804E-01	2.433417E-01	2.846009E-01	
374	0	2.317095E-01	2.861144E-01	
375	1.648004E-01	2.632878E-01	2.826400E-01	
376	0	2.432459E-01	2.813931E-01	
377	0	2.442546E-01	2.798412E-01	
378	0	2.634616E-01	2.816532E-01	
379	0	2.399279E-01	2.810839E-01	
380	0	2.322400E-01	2.788094E-01	
381	0	2.435305E-01	2.834553E-01	
382	0	2.572566E-01	2.795157E-01	
383	0	2.257374E-01	2.842994E-01	
384	0	2.506057E-01	2.822267E-01	
385	0	2.403911E-01	2.786594E-01	
386	0	2.470063E-01	2.846187E-01	
387	0	2.473096E-01	2.794994E-01	
388	0	2.404177E-01	2.829684E-01	
389	0	2.378201E-01	2.818643E-01	
390	0	2.457644E-01	2.798156E-01	
391	0	2.515584E-01	2.812953E-01	
392	0	2.775467E-01	2.821089E-01	
393	0	2.506081E-01	2.801900E-01	
394	0	2.499546E-01	2.829230E-01	
395	0	2.663431E-01	2.854191E-01	
396	0	2.551988E-01	2.840459E-01	
397	0	2.802914E-01	2.836690E-01	
398	0	2.645503E-01	2.824692E-01	
399	0	2.890806E-01	2.890289E-01	
400	0	2.784070E-01	2.874884E-01	
401	0	2.652552E-01	2.815901E-01	
402	0	2.595604E-01	2.870499E-01	
403	0	2.834161E-01	2.898268E-01	
404	0	2.678048E-01	2.858440E-01	
405	0	2.925116E-01	2.873632E-01	
406	0	2.818952E-01	2.892627E-01	
407	0	2.990218E-01	2.901487E-01	
408	0	3.015182E-01	2.911822E-01	
409	0	2.839657E-01	2.898521E-01	
410	0	3.109212E-01	2.936575E-01	
411	0	2.965645E-01	2.909113E-01	
412	0	3.347005E-01	2.872015E-01	
413	0	3.191233E-01	2.936866E-01	
414	0	3.100513E-01	2.893905E-01	
415	0	3.275627E-01	2.954488E-01	
416	0	2.975065E-01	2.940598E-01	
417	0	3.114553E-01	2.885427E-01	
418	0	3.029136E-01	2.924944E-01	
419	0	3.221228E-01	2.929482E-01	
420	0	2.833679E-01	2.917077E-01	
421	0	2.960584E-01	2.925186E-01	
422	0	3.128065E-01	2.942862E-01	
423	0	3.059708E-01	2.918518E-01	
424	0	3.036918E-01	2.996719E-01	
425	0	3.026373E-01	2.947080E-01	
426	0	3.038839E-01	2.915879E-01	
427	0	3.145819E-01	2.916029E-01	
428	0	3.098140E-01	2.918005E-01	
429	0	3.072154E-01	2.908770E-01	
430	0	3.094094E-01	2.954499E-01	
431	0	3.030972E-01	2.914649E-01	
432	0	3.144783E-01	2.975486E-01	
433	0	3.284212E-01	3.002504E-01	
434	0	3.255304E-01	2.916185E-01	
435	0	3.003368E-01	2.866988E-01	
436	0	3.442515E-01	2.927241E-01	
437	0	3.326769E-01	2.996103E-01	
438	0	3.359429E-01	3.009502E-01	
439	0	3.274119E-01	2.855342E-01	
440	0	3.697615E-01	3.078496E-01	
441	0	3.816420E-01	2.911973E-01	
442	0	3.144516E-01	3.012277E-01	
443	0	3.540633E-01	2.831456E-01	
444	0	3.564432E-01	2.957258E-01	
445	0	3.556502E-01	3.025309E-01	
446	0	3.885649E-01	2.962749E-01	
447	0	3.860214E-01	3.033032E-01	
448	0	3.195489E-01	2.897621E-01	
449	0	3.921180E-01	3.047290E-01	
450	0	3.862055E-01	2.885360E-01	
451	0	3.202805E-01	2.953300E-01	
452	0	3.692768E-01	2.974608E-01	
453	0	3.219371E-01	2.945561E-01	
454	0	3.203079E-01	3.110209E-01	
455	0	3.280168E-01	2.928161E-01	
456	0	3.527390E-01	3.015872E-01	
457	0	3.486446E-01	2.866501E-01	
458	0	3.183404E-01	3.129555E-01	
459	0	3.626623E-01	2.935626E-01	
460	0	3.172001E-01	3.057503E-01	
461	0	2.972139E-01	3.066757E-01	
462	0	3.792284E-01	3.003364E-01	
463	0	3.225564E-01	3.204302E-01	
464	0	3.799453E-01	2.992823E-01	
465	0	3.147004E-01	3.076404E-01	
466	0	3.790415E-01	3.053567E-01	
467	0	3.974982E-01	3.139987E-01	
468	0	4.760134E-01	3.149240E-01	
469	0	3.959582E-01	3.064197E-01	
470	0	4.170100E-01	3.222431E-01	
471	0	4.159128E-01	2.942199E-01	
472	0	4.506115E-01	3.289261E-01	
473	0	3.372005E-01	2.866005E-01	
474	0	1.589225E-01	3.155777E-01	
475	0	3.051619E-01	2.994686E-01	
476	0	1.992920E-01	3.064210E-01	
477	0	2.617007E-01	3.535390E-01	
478	0	1.176778E-01	2.950280E-01	
479	0	1.177622E-01	3.333589E-01	
480	0	1.645819E-01	3.078456E-01	
481	0	6.437178E-02	3.241863E-01	
482	0	1.683420E-01	3.076169E-01	
483	0	1.599132E-01	3.298874E-01	
484	0	3.937921E-01	3.736817E-01	
485	0	2.006174E-01	3.160537E-01	
486	0	4.749747E-01	3.827001E-01	
487	0	2.234799E-01	3.265035E-01	
488	0	4.583877E-01	3.709228E-01	
489	0	2.598679E-01	3.357320E-01	
490	0	3.542944E-01	3.691307E-01	
491	0	0	3.996307E-01	
492	0	3.512644E-01	3.643276E-01	
493	0	0	4.311473E-01	
494	0	3.737046E-01	3.784881E-01	
495	0	4.971171E-01	4.874164E-01	
496	0	3.212288E-01	4.199590E-01	
497	0	2.729461E-01	4.274435E-01	
498	0	0	4.163420E-01	
499	0	3.295413E-01	4.436901E-01	
500	0	0	0	
501	0	3.470699E-01	4.609161E-01	
502	0	0	0	
503	0	0	4.799341E-01	
504	0	0	0	
505	0	0	5.034013E-01	
506	0	0	5.228320E-01	
507	0	0	0	
508	0	0	5.204786E-01	
509	0	0	0	
510	0	0	5.266977E-01	
511	0	0	0	
512	0	0	6.035779E-01	
513	0	0	0	
514	0	0	0	
515	0	0	6.550550E-01	
516	0	0	0	
517	0	0	7.403282E-01	
518	0	0	0	
519	0	0	7.643888E-01	
520	0	0	0	
521	0	0	0	
522	0	0	0	
523	0	0	0	
524	0	0	0	
525	0	0	0	
526	0	0	0	
527	0	0	0	
528	0	0	0	
529	0	0	0	
530	0	0	0	
531	0	0	0	
532	0	0	0	
533	0	0	0	
534	0	0	0	
535	0	0	0	
536	0	0	0	
537	0	0	0	
538	0	0	0	
539	0	0	0	
540	0	0	0	
541	0	0	0	
542	0	0	0	
543	0	0	0	
544	0	0	0	
545	0	0	0	
546	0	0	0	
547	0	0	0	
548	0	0	0	
549	0	0	0	
550	0	0	0	
551	0	0	0	
552	0	0	0	
553	0	0	0	
554	0	0	0	
555	0	0	0	
556	0	0	0	
557	0	0	0	
558	0	0	0	
559	0	0	0	
560	0	0	0	
561	0	0	0	
562	0	0	0	
563	0	0	0	
564	0	0	0	
565	0	0	0	
566	0	0	0	
567	0	0	0	
568	0	0	0	
569	0	0	0	
570	0	0	0	
571	0	0	0	
572	0	0	0	
573	0	0	0	
574	0	0	0	
575	0	0	0	
576	0	0	0	
577	0	0	0	
578	0	0	0	
579	0	0	0	
580	0	0	0	
581	0	0	0	
582	0	0	0	
583	0	0	0	
584	0	0	0	
585	0	0	0	
586	0	0	0	
587	0	0	0	
588	0	0	0	
589	0	0	0	
590	0	0	0	
591	0	0	0	
592	0	0	0	
593	0	0	0	
594	0	0	0	
595	0	0	0	
596	0	0	0	
597	0	0	0	
598	0	0	0	
599	0	0	0	
#NewRun
0	0	0	0	
1	0	0	0	
2	0	0	0	
3	0	0	0	
4	3.464019E-01	3.314033E-01	8.470588E-01	
5	3.375097E-01	3.362396E-01	1.803298E-01	
6	3.515346E-01	3.367268E-01	4.317789E-02	
7	0	0	0	
8	3.332830E-01	3.248011E-01	1.458531E-01	
9	3.298534E-01	3.299932E-01	3.130410E-01	
10	0	0	0	
11	3.458640E-01	3.307949E-01	1.201566E-01	
12	3.377226E-01	3.292176E-01	2.915599E-01	
13	3.440392E-01	3.319605E-01	2.496700E-01	
14	3.376533E-01	3.311766E-01	2.595102E-01	
15	0	0	0	
16	3.409667E-01	3.290568E-01	3.889754E-01	
17	3.336823E-01	3.352601E-01	3.513900E-01	
18	3.392500E-01	3.270223E-01	2.965311E-01	
19	3.368348E-01	3.313617E-01	2.164362E-01	
20	3.346085E-01	3.309691E-01	4.077941E-01	
21	3.361714E-01	3.267369E-01	3.454360E-01	
22	3.377448E-01	3.295596E-01	3.986441E-01	
23	3.392980E-01	3.265146E-01	4.295053E-01	
24	3.376652E-01	3.280196E-01	3.228148E-01	
25	3.384357E-01	3.283071E-01	3.646682E-01	
26	3.368356E-01	3.272147E-01	3.216069E-01	
27	3.368843E-01	3.298975E-01	3.695919E-01	
28	3.342354E-01	3.276387E-01	3.630649E-01	
29	3.369615E-01	3.269989E-01	3.691237E-01	
30	3.312418E-01	3.280758E-01	3.750795E-01	
31	3.331809E-01	3.241504E-01	5.007291E-01	
32	3.303882E-01	3.283988E-01	4.183080E-01	
33	3.303492E-01	3.269894E-01	3.907229E-01	
34	3.323306E-01	3.267761E-01	4.485645E-01	
35	3.290212E-01	3.251287E-01	4.449742E-01	
36	3.303204E-01	3.256764E-01	3.844497E-01	
37	3.290641E-01	3.227322E-01	3.977736E-01	
38	3.306845E-01	3.232413E-01	3.934624E-01	
39	3.289988E-01	3.215514E-01	4.751441E-01	
40	3.282946E-01	3.231150E-01	4.077096E-01	
41	3.271150E-01	3.222956E-01	4.025373E-01	
42	3.279574E-01	3.206085E-01	4.204871E-01	
43	3.286174E-01	3.222461E-01	3.991159E-01	
44	3.264321E-01	3.207117E-01	3.934415E-01	
45	3.249437E-01	3.211647E-01	4.089981E-01	
46	3.238897E-01	3.213009E-01	3.588020E-01	
47	3.235798E-01	3.208287E-01	3.823595E-01	
48	3.208213E-01	3.210530E-01	3.874321E-01	
49	3.199865E-01	3.203496E-01	3.575790E-01	
50	3.188896E-01	3.202683E-01	3.798533E-01	
51	3.218873E-01	3.191315E-01	3.578432E-01	
52	3.180733E-01	3.208168E-01	3.693149E-01	
53	3.160166E-01	3.191534E-01	3.620355E-01	
54	3.169686E-01	3.179712E-01	3.684681E-01	
55	3.163909E-01	3.181931E-01	3.448871E-01	
56	3.140249E-01	3.178029E-01	3.427175E-01	
57	3.142961E-01	3.175577E-01	3.431406E-01	
58	3.139812E-01	3.176651E-01	3.269563E-01	
59	3.102211E-01	3.172018E-01	3.074463E-01	
60	3.109732E-01	3.144588E-01	3.278845E-01	
61	3.106487E-01	3.164865E-01	3.247592E-01	
62	3.104181E-01	3.142271E-01	3.133428E-01	
63	3.112506E-01	3.124485E-01	3.198237E-01	
64	3.102511E-01	3.132810E-01	3.185388E-01	
65	3.087645E-01	3.128727E-01	3.101066E-01	
66	3.081741E-01	3.117367E-01	3.224116E-01	
67	3.083205E-01	3.115369E-01	2.969112E-01	
68	3.074004E-01	3.108454E-01	3.075949E-01	
69	3.067930E-01	3.105008E-01	3.077717E-01	
70	3.065475E-01	3.087910E-01	3.021337E-01	
71	3.060458E-01	3.084695E-01	3.043136E-01	
72	3.049319E-01	3.091604E-01	2.997714E-01	
73	3.040322E-01	3.067576E-01	2.978772E-01	
74	3.021669E-01	3.065990E-01	2.896564E-01	
75	3.015453E-01	3.058642E-01	2.959345E-01	
76	3.022467E-01	3.069608E-01	2.897911E-01	
77	3.017702E-01	3.054437E-01	2.911344E-01	
78	2.998952E-01	3.039873E-01	2.868731E-01	
79	3.024427E-01	3.042477E-01	2.844024E-01	
80	3.003160E-01	3.055125E-01	2.837467E-01	
81	2.998325E-01	3.047899E-01	2.856952E-01	
82	2.994913E-01	3.041015E-01	2.808797E-01	
83	2.990694E-01	3.030772E-01	2.785783E-01	
84	2.992514E-01	3.046183E-01	2.771384E-01	
85	3.003003E-01	3.046570E-01	2.741003E-01	
86	2.993549E-01	3.047513E-01	2.727644E-01	
87	3.011100E-01	3.044393E-01	2.706284E-01	
88	2.983533E-01	3.059234E-01	2.644730E-01	
89	3.012921E-01	3.065188E-01	2.681623E-01	
90	2.995166E-01	3.068493E-01	2.611729E-01	
91	3.010172E-01	3.071171E-01	2.625516E-01	
92	3.010621E-01	3.093755E-01	2.612821E-01	
93	3.024420E-01	3.099211E-01	2.568892E-01	
94	3.030914E-01	3.108274E-01	2.584326E-01	
95	3.031618E-01	3.126855E-01	2.533601E-01	
96	3.057324E-01	3.152601E-01	2.520299E-01	
97	3.064117E-01	3.165007E-01	2.477854E-01	
98	3.071859E-01	3.186458E-01	2.536904E-01	
99	3.085924E-01	3.184962E-01	2.494284E-01	
100	3.095952E-01	3.224636E-01	2.463209E-01	
101	3.112422E-01	3.248616E-01	2.454298E-01	
102	3.132619E-01	3.254955E-01	2.428429E-01	
103	3.135478E-01	3.282460E-01	2.441049E-01	
104	3.155912E-01	3.317669E-01	2.410637E-01	
105	3.170393E-01	3.320928E-01	2.385039E-01	
106	3.182323E-01	3.356306E-01	2.374783E-01	
107	3.209256E-01	3.356245E-01	2.382921E-01	
108	3.216175E-01	3.393139E-01	2.372889E-01	
109	3.248129E-01	3.417068E-01	2.359846E-01	
110	3.285691E-01	3.445851E-01	2.356852E-01	
111	3.297919E-01	3.473146E-01	2.336528E-01	
112	3.325726E-01	3.500427E-01	2.327803E-01	
113	3.353552E-01	3.534887E-01	2.359193E-01	
114	3.376278E-01	3.561580E-01	2.340471E-01	
115	3.412087E-01	3.578743E-01	2.341063E-01	
116	3.433549E-01	3.603025E-01	2.348623E-01	
117	3.457869E-01	3.645437E-01	2.349074E-01	
118	3.504447E-01	3.662922E-01	2.377154E-01	
119	3.524651E-01	3.694596E-01	2.371456E-01	
120	3.552801E-01	3.716128E-01	2.381714E-01	
121	3.577682E-01	3.761558E-01	2.402085E-01	
122	3.627334E-01	3.791944E-01	2.411133E-01	
123	3.641376E-01	3.820831E-01	2.432550E-01	
124	3.693030E-01	3.835563E-01	2.450971E-01	
125	3.726003E-01	3.876484E-01	2.476100E-01	
126	3.771689E-01	3.928825E-01	2.472960E-01	
127	3.811388E-01	3.931048E-01	2.504939E-01	
128	3.838413E-01	3.982262E-01	2.537889E-01	
129	3.876996E-01	4.019266E-01	2.564249E-01	
130	3.938305E-01	4.041653E-01	2.585713E-01	
131	3.953964E-01	4.062747E-01	2.616652E-01	
132	3.977503E-01	4.114039E-01	2.632564E-01	
133	4.054946E-01	4.164796E-01	2.673590E-01	
134	4.081072E-01	4.176210E-01	2.717121E-01	
135	4.138140E-01	4.199431E-01	2.727965E-01	
136	4.155286E-01	4.268513E-01	2.781214E-01	
137	4.210103E-01	4.292103E-01	2.801146E-01	
138	4.259131E-01	4.325708E-01	2.836358E-01	
139	4.301717E-01	4.345236E-01	2.846870E-01	
140	4.347946E-01	4.403373E-01	2.890433E-01	
141	4.402991E-01	4.452889E-01	2.920061E-01	
142	4.421859E-01	4.484311E-01	2.947315E-01	
143	4.476936E-01	4.509352E-01	2.975124E-01	
144	4.520212E-01	4.557496E-01	3.023079E-01	
145	4.572136E-01	4.600191E-01	3.039609E-01	
146	4.608593E-01	4.623852E-01	3.073597E-01	
147	4.649470E-01	4.678214E-01	3.109322E-01	
148	4.725885E-01	4.743028E-01	3.136754E-01	
149	4.761360E-01	4.757487E-01	3.158227E-01	
150	4.826724E-01	4.815707E-01	3.197568E-01	
151	4.847817E-01	4.823962E-01	3.210307E-01	
152	4.881553E-01	4.862735E-01	3.235062E-01	
153	4.970614E-01	4.926117E-01	3.272237E-01	
154	4.999886E-01	4.959017E-01	3.299333E-01	
155	5.058764E-01	5.001110E-01	3.347492E-01	
156	5.098979E-01	5.082028E-01	3.367897E-01	
157	5.156065E-01	5.097067E-01	3.397634E-01	
158	5.196047E-01	5.172682E-01	3.443956E-01	
159	5.284335E-01	5.215941E-01	3.452057E-01	
160	5.308208E-01	5.224426E-01	3.475163E-01	
161	5.382157E-01	5.308004E-01	3.532099E-01	
162	5.419538E-01	5.363221E-01	3.554282E-01	
163	5.464797E-01	5.393407E-01	3.552450E-01	
164	5.564925E-01	5.451312E-01	3.608010E-01	
165	5.564682E-01	5.485635E-01	3.619252E-01	
166	5.654939E-01	5.549984E-01	3.655683E-01	
167	5.717621E-01	5.566173E-01	3.675497E-01	
168	5.697250E-01	5.596825E-01	3.674914E-01	
169	5.833170E-01	5.665290E-01	3.713807E-01	
170	5.887824E-01	5.703677E-01	3.741617E-01	
171	5.906878E-01	5.777428E-01	3.749566E-01	
172	5.940287E-01	5.722455E-01	3.777394E-01	
173	6.063684E-01	5.767573E-01	3.786432E-01	
174	6.066320E-01	5.775661E-01	3.769346E-01	
175	6.109412E-01	5.843149E-01	3.808849E-01	
176	6.129747E-01	5.759138E-01	3.842500E-01	
177	6.268530E-01	5.827502E-01	3.824351E-01	
178	6.366290E-01	5.875511E-01	3.843351E-01	
179	6.405985E-01	5.778528E-01	3.867360E-01	
180	6.415243E-01	5.797459E-01	3.868470E-01	
181	6.526028E-01	5.781069E-01	3.894269E-01	
182	6.551420E-01	5.711637E-01	3.888634E-01	
183	6.563542E-01	5.677386E-01	3.915687E-01	
184	6.585378E-01	5.702319E-01	3.927504E-01	
185	6.736107E-01	5.711452E-01	3.908244E-01	
186	6.794089E-01	5.659157E-01	3.928929E-01	
187	6.662090E-01	5.591177E-01	3.926361E-01	
188	6.969773E-01	5.556340E-01	3.928572E-01	
189	6.847200E-01	5.571371E-01	3.917516E-01	
190	6.943682E-01	5.541016E-01	3.913672E-01	
191	6.951918E-01	5.328636E-01	3.928927E-01	
192	6.956835E-01	5.570859E-01	3.929794E-01	
193	7.018755E-01	5.430469E-01	3.929100E-01	
194	7.143101E-01	5.349265E-01	3.879546E-01	
195	6.928808E-01	5.382402E-01	3.921304E-01	
196	6.977962E-01	5.306427E-01	3.905995E-01	
197	7.051906E-01	5.218111E-01	3.909481E-01	
198	7.139811E-01	5.237813E-01	3.894325E-01	
199	7.246753E-01	5.119024E-01	3.891219E-01	
200	7.061287E-01	5.042061E-01	3.896072E-01	
201	7.068211E-01	5.011642E-01	3.877742E-01	
202	7.116371E-01	4.974727E-01	3.885796E-01	
203	6.980106E-01	4.756637E-01	3.866502E-01	
204	7.016852E-01	4.836275E-01	3.836758E-01	
205	7.096256E-01	4.729262E-01	3.853598E-01	
206	6.977089E-01	4.682727E-01	3.848088E-01	
207	7.053956E-01	4.483436E-01	3.822758E-01	
208	6.617124E-01	4.621120E-01	3.812650E-01	
209	7.193072E-01	4.596567E-01	3.795763E-01	
210	7.060107E-01	4.502028E-01	3.782862E-01	
211	6.992097E-01	4.515278E-01	3.825076E-01	
212	7.001707E-01	4.621681E-01	3.798097E-01	
213	6.868780E-01	4.547286E-01	3.781860E-01	
214	6.672599E-01	4.526775E-01	3.758804E-01	
215	7.009896E-01	4.446712E-01	3.752624E-01	
216	6.844250E-01	4.290251E-01	3.776866E-01	
217	6.845810E-01	4.140298E-01	3.743752E-01	
218	6.646007E-01	4.119115E-01	3.732763E-01	
219	7.045031E-01	4.209256E-01	3.700912E-01	
220	6.932502E-01	4.154290E-01	3.709933E-01	
221	7.131676E-01	3.947723E-01	3.695991E-01	
222	7.268824E-01	4.089283E-01	3.679213E-01	
223	6.543983E-01	3.819435E-01	3.655422E-01	
224	6.787780E-01	3.764140E-01	3.652783E-01	
225	7.321626E-01	3.837731E-01	3.655841E-01	
226	6.935194E-01	3.577222E-01	3.626168E-01	
227	6.732588E-01	3.666237E-01	3.647748E-01	
228	6.819128E-01	3.670710E-01	3.611513E-01	
229	5.939397E-01	3.565951E-01	3.633481E-01	
230	6.619412E-01	3.554492E-01	3.608984E-01	
231	6.989459E-01	3.408963E-01	3.606782E-01	
232	6.141345E-01	3.580208E-01	3.603903E-01	
233	6.381391E-01	3.628881E-01	3.589114E-01	
234	5.807149E-01	3.449212E-01	3.581929E-01	
235	5.763421E-01	3.439218E-01	3.585350E-01	
236	5.033357E-01	3.397285E-01	3.584150E-01	
237	5.318137E-01	3.465420E-01	3.591362E-01	
238	5.145729E-01	3.324257E-01	3.563341E-01	
239	4.461432E-01	3.338472E-01	3.546662E-01	
240	4.233722E-01	3.393523E-01	3.538983E-01	
241	5.523803E-01	3.340547E-01	3.528995E-01	
242	5.090946E-01	3.441078E-01	3.530114E-01	
243	4.275713E-01	3.382061E-01	3.518813E-01	
244	4.932935E-01	3.365987E-01	3.489204E-01	
245	4.989015E-01	3.461646E-01	3.474082E-01	
246	5.529385E-01	3.505649E-01	3.475213E-01	
247	4.532621E-01	3.456883E-01	3.472908E-01	
248	5.339198E-01	3.470086E-01	3.466198E-01	
249	5.932886E-01	3.534487E-01	3.467226E-01	
250	5.649102E-01	3.602095E-01	3.446695E-01	
251	4.470451E-01	3.531530E-01	3.424202E-01	
252	4.532761E-01	3.428053E-01	3.394557E-01	
253	4.272235E-01	3.549902E-01	3.402046E-01	
254	4.593012E-01	3.687182E-01	3.395685E-01	
255	4.915321E-01	3.521650E-01	3.380180E-01	
256	4.064210E-01	3.582234E-01	3.358795E-01	
257	4.108087E-01	3.536652E-01	3.342873E-01	
258	4.797549E-01	3.441619E-01	3.368793E-01	
259	4.117593E-01	3.541053E-01	3.332930E-01	
260	5.481111E-01	3.561247E-01	3.294260E-01	
261	4.445036E-01	3.615443E-01	3.307324E-01	
262	5.369437E-01	3.692584E-01	3.306462E-01	
263	4.837197E-01	3.467395E-01	3.299424E-01	
264	5.538237E-01	3.622876E-01	3.288277E-01	
265	5.323055E-01	3.700775E-01	3.261764E-01	
266	4.766761E-01	3.510252E-01	3.273505E-01	
267	4.188882E-01	3.456926E-01	3.240069E-01	
268	5.832958E-01	3.435490E-01	3.208255E-01	
269	5.261973E-01	3.411290E-01	3.211292E-01	
270	4.728078E-01	3.476291E-01	3.171523E-01	
271	4.136953E-01	3.379322E-01	3.168718E-01	
272	5.128462E-01	3.361055E-01	3.108877E-01	
273	3.534262E-01	3.278940E-01	3.126116E-01	
274	4.953138E-01	3.493486E-01	3.123067E-01	
275	5.139780E-01	3.413100E-01	3.104289E-01	
276	3.970786E-01	3.377195E-01	3.069566E-01	
277	5.297535E-01	3.321825E-01	3.063726E-01	
278	3.895683E-01	3.274815E-01	3.026322E-01	
279	4.981910E-01	3.225167E-01	3.029755E-01	
280	5.415253E-01	3.401485E-01	3.022005E-01	
281	5.596077E-01	3.350342E-01	3.023439E-01	
282	3.699787E-01	3.194642E-01	2.995891E-01	
283	7.145736E-01	3.319509E-01	3.003902E-01	
284	4.611073E-01	3.237073E-01	2.986636E-01	
285	4.432555E-01	3.238283E-01	2.969767E-01	
286	3.723795E-01	3.221313E-01	2.978853E-01	
287	3.639196E-01	3.371837E-01	2.965374E-01	
288	3.497085E-01	3.158204E-01	2.943329E-01	
289	3.092603E-01	3.135214E-01	2.941608E-01	
290	4.888983E-01	3.370487E-01	2.916588E-01	
291	5.718774E-01	3.178053E-01	2.962882E-01	
292	4.742346E-01	3.301919E-01	2.934442E-01	
293	5.658970E-01	3.212923E-01	2.905086E-01	
294	6.969750E-01	3.264021E-01	2.944610E-01	
295	4.152109E-01	3.220834E-01	2.902418E-01	
296	4.564052E-01	3.122605E-01	2.921272E-01	
297	3.511694E-01	3.272201E-01	2.910652E-01	
298	4.641100E-01	3.108229E-01	2.916589E-01	
299	2.677349E-01	3.066557E-01	2.888526E-01	
300	5.274354E-01	3.046688E-01	2.926408E-01	
301	4.184434E-01	3.057604E-01	2.886760E-01	
302	6.967319E-01	3.293838E-01	2.902369E-01	
303	5.035699E-01	3.327647E-01	2.906613E-01	
304	3.529456E-01	3.115375E-01	2.888710E-01	
305	2.622354E-01	3.142830E-01	2.914720E-01	
306	4.121428E-01	3.222047E-01	2.887123E-01	
307	2.662252E-01	3.127955E-01	2.901601E-01	
308	4.405740E-01	3.203095E-01	2.909466E-01	
309	3.238774E-01	3.268667E-01	2.899946E-01	
310	4.293753E-01	3.312499E-01	2.871328E-01	
311	2.082916E-01	3.290336E-01	2.896071E-01	
312	4.136647E-01	3.212400E-01	2.905303E-01	
313	3.264684E-01	3.443311E-01	2.888450E-01	
314	4.296202E-01	3.403216E-01	2.897700E-01	
315	5.523697E-01	3.159664E-01	2.907873E-01	
316	4.746018E-01	3.240514E-01	2.886869E-01	
317	5.415235E-01	3.448933E-01	2.877330E-01	
318	4.478927E-01	3.333513E-01	2.872218E-01	
319	5.177106E-01	3.233660E-01	2.870172E-01	
320	5.110202E-01	3.284686E-01	2.896462E-01	
321	2.607850E-01	3.134148E-01	2.892737E-01	
322	5.501037E-01	3.202051E-01	2.885917E-01	
323	4.846142E-01	3.272440E-01	2.900826E-01	
324	3.234121E-01	3.141003E-01	2.867697E-01	
325	5.823212E-01	3.110469E-01	2.893467E-01	
326	4.657728E-01	3.064543E-01	2.885791E-01	
327	4.043594E-01	3.030910E-01	2.869047E-01	
328	4.415951E-01	3.101890E-01	2.892321E-01	
329	4.831894E-01	2.925692E-01	2.869203E-01	
330	4.251071E-01	2.947618E-01	2.841083E-01	
331	4.104725E-01	2.914641E-01	2.863507E-01	
332	4.212415E-01	2.980613E-01	2.868604E-01	
333	3.652555E-01	2.905924E-01	2.862134E-01	
334	3.680722E-01	2.947415E-01	2.871325E-01	
335	4.658697E-01	2.828887E-01	2.861238E-01	
336	4.693319E-01	2.846912E-01	2.852211E-01	
337	4.129938E-01	2.654230E-01	2.879255E-01	
338	4.376329E-01	2.805800E-01	2.858317E-01	
339	4.097568E-01	2.812158E-01	2.878719E-01	
340	4.406030E-01	2.699762E-01	2.860022E-01	
341	4.257447E-01	2.743706E-01	2.852958E-01	
342	3.330666E-01	2.842578E-01	2.895791E-01	
343	4.227188E-01	2.737883E-01	2.834294E-01	
344	4.347681E-01	2.727810E-01	2.873330E-01	
345	4.778502E-01	2.822108E-01	2.867418E-01	
346	3.800156E-01	2.759505E-01	2.852256E-01	
347	3.673236E-01	2.835560E-01	2.868972E-01	
348	4.125312E-01	2.945000E-01	2.852921E-01	
349	3.781160E-01	2.771147E-01	2.875780E-01	
350	3.164124E-01	2.859067E-01	2.865164E-01	
351	4.408095E-01	2.850996E-01	2.872983E-01	
352	4.231844E-01	3.002776E-01	2.844525E-01	
353	1.877577E-01	2.804596E-01	2.882782E-01	
354	3.390835E-01	2.917887E-01	2.852382E-01	
355	2.438769E-01	2.858052E-01	2.889898E-01	
356	3.230773E-01	2.998057E-01	2.843762E-01	
357	2.587653E-01	2.856730E-01	2.850133E-01	
358	3.195939E-01	2.971024E-01	2.846166E-01	
359	2.614556E-01	2.979549E-01	2.833152E-01	
360	2.679186E-01	2.924654E-01	2.841294E-01	
361	2.773899E-01	2.978959E-01	2.840684E-01	
362	2.837117E-01	2.804652E-01	2.827077E-01	
363	3.034627E-01	2.812695E-01	2.841851E-01	
364	3.229263E-01	2.879622E-01	2.822802E-01	
365	2.334716E-01	2.807764E-01	2.861053E-01	
366	3.024726E-01	2.819726E-01	2.804407E-01	
367	3.420680E-01	2.663663E-01	2.811333E-01	
368	3.050538E-01	2.702239E-01	2.804249E-01	
369	2.885656E-01	2.856895E-01	2.830005E-01	
370	2.445382E-01	2.802011E-01	2.813252E-01	
371	2.164003E-01	2.670221E-01	2.785032E-01	
372	3.241662E-01	2.657028E-01	2.816551E-01	
373	2.865194E-01	2.622401E-01	2.771803E-01	
374	2.633188E-01	2.829290E-01	2.822912E-01	
375	3.033435E-01	2.708445E-01	2.796470E-01	
376	2.828014E-01	2.718336E-01	2.791591E-01	
377	2.537819E-01	2.799928E-01	2.803534E-01	
378	3.027634E-01	2.758351E-01	2.824225E-01	
379	2.216862E-01	2.707154E-01	2.783415E-01	
380	3.047692E-01	2.879177E-01	2.784253E-01	
381	2.954125E-01	2.841573E-01	2.815452E-01	
382	2.874177E-01	2.849742E-01	2.763895E-01	
383	2.504967E-01	2.806563E-01	2.771536E-01	
384	2.635106E-01	2.772080E-01	2.792328E-01	
385	2.373130E-01	2.723637E-01	2.762725E-01	
386	2.817875E-01	2.778860E-01	2.787653E-01	
387	3.056198E-01	2.654931E-01	2.789488E-01	
388	3.158070E-01	2.880585E-01	2.765272E-01	
389	2.997488E-01	2.599975E-01	2.780775E-01	
390	3.544650E-01	2.847530E-01	2.787608E-01	
391	2.688011E-01	2.570597E-01	2.805113E-01	
392	2.321159E-01	2.689827E-01	2.819403E-01	
393	3.038463E-01	2.790489E-01	2.814164E-01	
394	2.431965E-01	2.589003E-01	2.773864E-01	
395	1.110187E-01	3.008797E-01	2.815300E-01	
396	2.603175E-01	2.728611E-01	2.810702E-01	
397	3.875924E-01	2.875286E-01	2.813961E-01	
398	2.048539E-01	2.827086E-01	2.819378E-01	
399	1.767832E-01	2.878131E-01	2.826220E-01	
400	2.272065E-01	2.748762E-01	2.841872E-01	
401	2.362223E-01	2.906171E-01	2.828426E-01	
402	2.008419E-01	2.895272E-01	2.902462E-01	
403	1.551675E-01	2.645582E-01	2.843541E-01	
404	1.559579E-01	3.056534E-01	2.862475E-01	
405	1.116812E-01	2.608763E-01	2.898804E-01	
406	2.292977E-01	3.022665E-01	2.845909E-01	
407	2.698708E-01	2.948110E-01	2.950240E-01	
408	2.504562E-01	2.981811E-01	2.840495E-01	
409	2.993555E-01	2.873607E-01	2.883236E-01	
410	2.447378E-01	2.671144E-01	2.905761E-01	
411	3.036248E-01	3.230653E-01	2.918586E-01	
412	3.591657E-01	2.556325E-01	2.863963E-01	
413	3.174448E-01	2.931481E-01	2.946483E-01	
414	2.384004E-01	2.617580E-01	2.920703E-01	
415	3.382425E-01	2.786098E-01	2.931156E-01	
416	3.533643E-01	2.739025E-01	2.916468E-01	
417	3.023202E-01	2.593573E-01	2.885528E-01	
418	2.684482E-01	2.776478E-01	2.935730E-01	
419	2.470196E-01	2.617201E-01	2.936805E-01	
420	3.024506E-01	2.850833E-01	2.938681E-01	
421	3.089289E-01	2.778338E-01	2.934350E-01	
422	4.298235E-01	2.768879E-01	2.903364E-01	
423	3.805893E-01	2.702470E-01	2.893543E-01	
424	4.373427E-01	2.857473E-01	2.892554E-01	
425	3.422019E-01	2.912625E-01	2.877314E-01	
426	8.367776E-01	2.835955E-01	2.860931E-01	
427	6.328069E-01	3.104120E-01	2.882928E-01	
428	4.902382E-01	2.969140E-01	2.900608E-01	
429	5.381165E-01	3.176487E-01	2.848021E-01	
430	6.680006E-01	2.622493E-01	2.878450E-01	
431	5.924690E-01	2.802324E-01	2.942770E-01	
432	6.382210E-01	2.661792E-01	2.879127E-01	
433	0	2.827442E-01	2.940123E-01	
434	0	2.456857E-01	2.892175E-01	
435	0	2.308805E-01	2.916312E-01	
436	0	2.650133E-01	2.950067E-01	
437	7.962781E-01	2.446046E-01	2.937299E-01	
438	0	2.905838E-01	2.963576E-01	
439	0	2.660661E-01	2.863471E-01	
440	0	2.800884E-01	2.976523E-01	
441	0	2.742229E-01	2.994499E-01	
442	0	2.956432E-01	3.017236E-01	
443	0	2.783134E-01	2.943679E-01	
444	0	2.748602E-01	3.025954E-01	
445	0	3.124362E-01	3.063421E-01	
446	0	2.697963E-01	2.957519E-01	
447	0	2.974015E-01	2.972118E-01	
448	0	2.884050E-01	2.985509E-01	
449	0	3.030525E-01	2.966076E-01	
450	0	2.667143E-01	3.023675E-01	
451	0	3.053715E-01	3.005856E-01	
452	0	2.850573E-01	3.057376E-01	
453	0	3.291329E-01	2.983706E-01	
454	0	3.241673E-01	3.128618E-01	
455	0	3.386733E-01	3.082299E-01	
456	0	3.050689E-01	3.093156E-01	
457	0	3.367214E-01	3.100284E-01	
458	0	3.327702E-01	3.170316E-01	
459	0	3.394980E-01	3.131149E-01	
460	0	3.303737E-01	3.088709E-01	
461	0	3.612813E-01	3.203942E-01	
462	0	2.847924E-01	3.144215E-01	
463	0	3.225964E-01	3.180022E-01	
464	0	3.225904E-01	3.174536E-01	
465	0	2.957643E-01	3.118495E-01	
466	0	3.398997E-01	3.134486E-01	
467	0	2.526145E-01	3.132201E-01	
468	0	3.485099E-01	3.215101E-01	
469	0	3.199281E-01	3.108359E-01	
470	0	2.826543E-01	3.355757E-01	
471	0	3.742138E-01	3.052516E-01	
472	0	2.123377E-01	3.313258E-01	
473	0	4.565475E-01	3.123729E-01	
474	0	2.746662E-01	3.293922E-01	
475	0	4.073204E-01	3.304205E-01	
476	0	3.031441E-01	3.143144E-01	
477	0	2.994747E-01	3.846341E-01	
478	0	4.075862E-01	3.094429E-01	
479	0	3.183083E-01	3.654228E-01	
480	0	4.098769E-01	3.104191E-01	
481	0	3.949588E-01	3.501424E-01	
482	0	4.103578E-01	3.259415E-01	
483	0	4.658893E-01	3.399485E-01	
484	0	2.086618E-01	4.049946E-01	
485	0	4.084045E-01	3.267231E-01	
486	0	7.580155E-01	4.243124E-01	
487	0	4.310494E-01	3.228614E-01	
488	0	2.883585E-01	3.859613E-01	
489	0	4.943026E-01	3.235527E-01	
490	0	3.432009E-01	3.622924E-01	
491	0	3.583305E-01	3.304855E-01	
492	0	5.144406E-01	3.572930E-01	
493	0	0	4.709537E-01	
494	0	5.350114E-01	3.497496E-01	
495	0	0	4.797668E-01	
496	0	5.604751E-01	3.474010E-01	
497	0	6.292941E-01	4.309170E-01	
498	0	4.865384E-01	3.569980E-01	
499	0	5.882898E-01	4.005044E-01	
500	0	0	0	
501	0	5.332479E-01	4.249763E-01	
502	0	0	0	
503	0	5.895799E-01	4.302153E-01	
504	0	0	0	
505	0	6.059990E-01	4.588479E-01	
506	0	0	4.373527E-01	
507	0	0	0	
508	0	5.955472E-01	4.746669E-01	
509	0	0	0	
510	0	6.969629E-01	4.913200E-01	
511	0	0	0	
512	0	0	5.642883E-01	
513	0	0	0	
514	0	0	0	
515	0	0	6.295523E-01	
516	0	0	0	
517	0	0	6.623072E-01	
518	0	0	0	
519	0	0	7.226628E-01	
520	0	0	0	
521	0	0	0	
522	0	0	0	
523	0	0	0	
524	0	0	0	
525	0	0	0	
526	0	0	0	
527	0	0	0	
528	0	0	0	
529	0	0	0	
530	0	0	0	
531	0	0	0	
532	0	0	0	
533	0	0	0	
534	0	0	0	
535	0	0	0	
536	0	0	0	
537	0	0	0	
538	0	0	0	
539	0	0	0	
540	0	0	0	
541	0	0	0	
542	0	0	0	
543	0	0	0	
544	0	0	0	
545	0	0	0	
546	0	0	0	
547	0	0	0	
548	0	0	0	
549	0	0	0	
550	0	0	0	
551	0	0	0	
552	0	0	0	
553	0	0	0	
554	0	0	0	
555	0	0	0	
556	0	0	0	
557	0	0	0	
558	0	0	0	
559	0	0	0	
560	0	0	0	
561	0	0	0	
562	0	0	0	
563	0	0	0	
564	0	0	0	
565	0	0	0	
566	0	0	0	
567	0	0	0	
568	0	0	0	
569	0	0	0	
570	0	0	0	
571	0	0	0	
572	0	0	0	
573	0	0	0	
574	0	0	0	
575	0	0	0	
576	0	0	0	
577	0	0	0	
578	0	0	0	
579	0	0	0	
580	0	0	0	
581	0	0	0	
582	0	0	0	
583	0	0	0	
584	0	0	0	
585	0	0	0	
586	0	0	0	
587	0	0	0	
588	0	0	0	
589	0	0	0	
590	0	0	0	
591	0	0	0	
592	0	0	0	
593	0	0	0	
594	0	0	0	
595	0	0	0	
596	0	0	0	
597	0	0	0	
598	0	0	0	
599	0	0	0	
#NewRun
0	0	0	0	
1	0	0	0	
2	0	0	0	
3	0	0	0	
4	3.437729E-01	3.454752E-01	2.428331E-01	
5	3.368273E-01	3.308281E-01	4.137727E-01	
6	3.247824E-01	3.356762E-01	4.347246E-01	
7	0	0	0	
8	3.330847E-01	3.329425E-01	3.947708E-01	
9	3.414210E-01	3.307787E-01	1.281555E-01	
10	0	0	0	
11	3.380409E-01	3.236896E-01	1.821636E-01	
12	3.425011E-01	3.311944E-01	2.824665E-01	
13	3.284951E-01	3.316938E-01	2.606926E-01	
14	3.296995E-01	3.320784E-01	1.728701E-01	
15	0	0	0	
16	3.318540E-01	3.289980E-01	3.300839E-01	
17	3.282221E-01	3.356809E-01	3.187245E-01	
18	3.336735E-01	3.256201E-01	3.767066E-01	
19	3.392179E-01	3.246935E-01	3.269228E-01	
20	3.330190E-01	3.304218E-01	3.811627E-01	
21	3.313387E-01	3.292726E-01	3.403570E-01	
22	3.315574E-01	3.327170E-01	3.951320E-01	
23	3.345090E-01	3.302283E-01	4.637102E-01	
24	3.346699E-01	3.277877E-01	3.653667E-01	
25	3.327847E-01	3.315017E-01	3.860154E-01	
26	3.315658E-01	3.291743E-01	4.039659E-01	
27	3.309843E-01	3.341765E-01	4.461312E-01	
28	3.304150E-01	3.342083E-01	4.220991E-01	
29	3.306032E-01	3.339342E-01	4.389817E-01	
30	3.333088E-01	3.337388E-01	3.986152E-01	
31	3.303764E-01	3.308290E-01	4.050789E-01	
32	3.305516E-01	3.336561E-01	4.169573E-01	
33	3.323648E-01	3.322518E-01	3.982890E-01	
34	3.309559E-01	3.320068E-01	4.663456E-01	
35	3.325612E-01	3.321134E-01	4.152981E-01	
36	3.298326E-01	3.288242E-01	4.330364E-01	
37	3.330421E-01	3.311137E-01	4.437317E-01	
38	3.276653E-01	3.301684E-01	4.101385E-01	
39	3.321404E-01	3.269808E-01	4.420818E-01	
40	3.275621E-01	3.272003E-01	4.405755E-01	
41	3.298716E-01	3.285331E-01	3.928801E-01	
42	3.317618E-01	3.274196E-01	4.462124E-01	
43	3.273042E-01	3.278674E-01	4.290608E-01	
44	3.278950E-01	3.268747E-01	3.920218E-01	
45	3.273430E-01	3.250209E-01	4.185636E-01	
46	3.290574E-01	3.253045E-01	4.105502E-01	
47	3.277781E-01	3.239856E-01	3.852712E-01	
48	3.239151E-01	3.243656E-01	3.899475E-01	
49	3.215657E-01	3.259080E-01	3.855403E-01	
50	3.231807E-01	3.215597E-01	3.790090E-01	
51	3.230865E-01	3.196070E-01	3.946779E-01	
52	3.207401E-01	3.204337E-01	3.826697E-01	
53	3.189448E-01	3.198114E-01	3.636500E-01	
54	3.201227E-01	3.181548E-01	3.749933E-01	
55	3.191874E-01	3.171937E-01	3.667784E-01	
56	3.176744E-01	3.153725E-01	3.706999E-01	
57	3.182376E-01	3.146194E-01	3.692706E-01	
58	3.173237E-01	3.149769E-01	3.517494E-01	
59	3.171054E-01	3.157911E-01	3.613918E-01	
60	3.141873E-01	3.131559E-01	3.564213E-01	
61	3.160607E-01	3.122318E-01	3.561073E-01	
62	3.131190E-01	3.122544E-01	3.559782E-01	
63	3.144365E-01	3.113906E-01	3.529028E-01	
64	3.111378E-01	3.103049E-01	3.396122E-01	
65	3.109849E-01	3.111752E-01	3.381584E-01	
66	3.105824E-01	3.076653E-01	3.396893E-01	
67	3.095408E-01	3.073448E-01	3.371183E-01	
68	3.082422E-01	3.064030E-01	3.320226E-01	
69	3.079988E-01	3.066827E-01	3.279991E-01	
70	3.080952E-01	3.042870E-01	3.209112E-01	
71	3.071116E-01	3.047759E-01	3.216419E-01	
72	3.063295E-01	3.041392E-01	3.075426E-01	
73	3.056630E-01	3.025629E-01	3.160253E-01	
74	3.049177E-01	3.026349E-01	3.087004E-01	
75	3.038635E-01	3.025038E-01	3.064659E-01	
76	3.033171E-01	3.024152E-01	3.012164E-01	
77	3.017697E-01	3.004639E-01	2.985915E-01	
78	3.016744E-01	3.009221E-01	2.948969E-01	
79	3.006621E-01	2.999562E-01	2.902002E-01	
80	2.999928E-01	3.010515E-01	2.880441E-01	
81	2.999885E-01	2.994180E-01	2.865383E-01	
82	2.996158E-01	2.997239E-01	2.847333E-01	
83	3.005473E-01	2.997026E-01	2.828837E-01	
84	2.990106E-01	3.009721E-01	2.772408E-01	
85	2.998100E-01	3.003898E-01	2.775679E-01	
86	2.989467E-01	3.011251E-01	2.780910E-01	
87	2.992669E-01	3.001506E-01	2.766974E-01	
88	2.997892E-01	3.027126E-01	2.692365E-01	
89	2.999258E-01	3.032894E-01	2.698566E-01	
90	2.996816E-01	3.044662E-01	2.683390E-01	
91	2.999994E-01	3.037948E-01	2.643017E-01	
92	3.005254E-01	3.046254E-01	2.640578E-01	
93	3.013456E-01	3.061834E-01	2.611249E-01	
94	3.014432E-01	3.066353E-01	2.602231E-01	
95	3.039243E-01	3.080908E-01	2.604349E-01	
96	3.027227E-01	3.084308E-01	2.554955E-01	
97	3.046610E-01	3.098883E-01	2.557241E-01	
98	3.051506E-01	3.120062E-01	2.557740E-01	
99	3.067833E-01	3.125285E-01	2.499518E-01	
100	3.078551E-01	3.146596E-01	2.530886E-01	
101	3.096150E-01	3.161810E-01	2.513887E-01	
102	3.109947E-01	3.179821E-01	2.506010E-01	
103	3.119823E-01	3.206242E-01	2.488087E-01	
104	3.150413E-01	3.214544E-01	2.468973E-01	
105	3.169499E-01	3.250905E-01	2.470796E-01	
106	3.182607E-01	3.283540E-01	2.453728E-01	
107	3.208479E-01	3.302749E-01	2.480025E-01	
108	3.233406E-01	3.338565E-01	2.454463E-01	
109	3.250784E-01	3.368836E-01	2.451464E-01	
110	3.278480E-01	3.406805E-01	2.448164E-01	
111	3.317289E-01	3.433515E-01	2.438054E-01	
112	3.336012E-01	3.465386E-01	2.426815E-01	
113	3.370966E-01	3.498480E-01	2.459134E-01	
114	3.391709E-01	3.543783E-01	2.462208E-01	
115	3.434880E-01	3.570769E-01	2.461512E-01	
116	3.457729E-01	3.605242E-01	2.464164E-01	
117	3.498096E-01	3.649460E-01	2.472732E-01	
118	3.543825E-01	3.693913E-01	2.485061E-01	
119	3.573871E-01	3.718193E-01	2.489973E-01	
120	3.602937E-01	3.758757E-01	2.491759E-01	
121	3.658347E-01	3.809166E-01	2.514641E-01	
122	3.700490E-01	3.837684E-01	2.517338E-01	
123	3.728982E-01	3.875102E-01	2.542854E-01	
124	3.772999E-01	3.917838E-01	2.539673E-01	
125	3.825522E-01	3.963232E-01	2.565341E-01	
126	3.850600E-01	4.009497E-01	2.574708E-01	
127	3.907909E-01	4.064235E-01	2.586892E-01	
128	3.950043E-01	4.099481E-01	2.629836E-01	
129	4.009348E-01	4.161297E-01	2.640521E-01	
130	4.050179E-01	4.195541E-01	2.657764E-01	
131	4.081865E-01	4.253186E-01	2.687929E-01	
132	4.152054E-01	4.300498E-01	2.691766E-01	
133	4.206421E-01	4.326035E-01	2.716355E-01	
134	4.263218E-01	4.380099E-01	2.738642E-01	
135	4.308648E-01	4.415164E-01	2.750632E-01	
136	4.366413E-01	4.481418E-01	2.781384E-01	
137	4.431633E-01	4.536438E-01	2.797743E-01	
138	4.479548E-01	4.549675E-01	2.827240E-01	
139	4.528601E-01	4.599850E-01	2.848115E-01	
140	4.604884E-01	4.663143E-01	2.873719E-01	
141	4.645734E-01	4.710300E-01	2.914706E-01	
142	4.702318E-01	4.710499E-01	2.933918E-01	
143	4.757374E-01	4.795544E-01	2.975440E-01	
144	4.835248E-01	4.851005E-01	2.983095E-01	
145	4.880124E-01	4.870750E-01	3.023581E-01	
146	4.939273E-01	4.906834E-01	3.060683E-01	
147	5.018898E-01	4.951111E-01	3.083983E-01	
148	5.053096E-01	5.005743E-01	3.114140E-01	
149	5.136097E-01	5.029299E-01	3.126195E-01	
150	5.190911E-01	5.056960E-01	3.187419E-01	
151	5.216429E-01	5.085362E-01	3.205409E-01	
152	5.300698E-01	5.201111E-01	3.254318E-01	
153	5.340350E-01	5.185274E-01	3.275225E-01	
154	5.411011E-01	5.242384E-01	3.311876E-01	
155	5.456368E-01	5.273950E-01	3.346203E-01	
156	5.505700E-01	5.372879E-01	3.351948E-01	
157	5.573509E-01	5.377555E-01	3.401941E-01	
158	5.627003E-01	5.420766E-01	3.419961E-01	
159	5.680334E-01	5.448708E-01	3.436208E-01	
160	5.754443E-01	5.502108E-01	3.455183E-01	
161	5.780659E-01	5.584773E-01	3.495943E-01	
162	5.737568E-01	5.559235E-01	3.520006E-01	
163	5.891119E-01	5.572443E-01	3.550914E-01	
164	5.933758E-01	5.610045E-01	3.587085E-01	
165	5.973465E-01	5.564742E-01	3.613488E-01	
166	6.060161E-01	5.637909E-01	3.652802E-01	
167	6.065899E-01	5.614108E-01	3.646738E-01	
168	6.127893E-01	5.673538E-01	3.692305E-01	
169	6.232652E-01	5.673632E-01	3.714422E-01	
170	6.339771E-01	5.720215E-01	3.722342E-01	
171	6.362909E-01	5.671587E-01	3.747861E-01	
172	6.266357E-01	5.737679E-01	3.774351E-01	
173	6.477181E-01	5.766598E-01	3.758031E-01	
174	6.528165E-01	5.826135E-01	3.792882E-01	
175	6.605937E-01	5.823997E-01	3.808870E-01	
176	6.592457E-01	5.801608E-01	3.830750E-01	
177	6.599070E-01	5.703699E-01	3.805328E-01	
178	6.711309E-01	5.758283E-01	3.858736E-01	
179	6.803322E-01	5.795498E-01	3.865404E-01	
180	6.747330E-01	5.778677E-01	3.864187E-01	
181	6.833486E-01	5.663099E-01	3.872950E-01	
182	6.901312E-01	5.725450E-01	3.886742E-01	
183	7.125213E-01	5.728341E-01	3.879638E-01	
184	6.868948E-01	5.637464E-01	3.906906E-01	
185	6.970773E-01	5.706725E-01	3.916702E-01	
186	7.197288E-01	5.684609E-01	3.893540E-01	
187	7.231525E-01	5.579825E-01	3.904287E-01	
188	7.116902E-01	5.500428E-01	3.929313E-01	
189	7.200682E-01	5.516732E-01	3.934707E-01	
190	7.368392E-01	5.431024E-01	3.929224E-01	
191	7.444624E-01	5.424631E-01	3.934529E-01	
192	7.384851E-01	5.417546E-01	3.940392E-01	
193	7.383863E-01	5.308619E-01	3.933466E-01	
194	7.408881E-01	5.326958E-01	3.920719E-01	
195	7.468144E-01	5.011895E-01	3.914318E-01	
196	7.632050E-01	5.156037E-01	3.943732E-01	
197	7.487818E-01	5.184588E-01	3.899365E-01	
198	7.378324E-01	5.145387E-01	3.906336E-01	
199	7.771383E-01	5.279101E-01	3.875794E-01	
200	7.421926E-01	5.079110E-01	3.870936E-01	
201	7.499088E-01	5.135442E-01	3.883996E-01	
202	7.585052E-01	5.154920E-01	3.878192E-01	
203	7.627714E-01	4.975587E-01	3.875166E-01	
204	7.474367E-01	5.210726E-01	3.858395E-01	
205	7.526242E-01	5.049793E-01	3.876482E-01	
206	7.662926E-01	4.845774E-01	3.831871E-01	
207	7.412086E-01	4.895948E-01	3.832544E-01	
208	7.465888E-01	4.857171E-01	3.817632E-01	
209	7.602835E-01	4.842535E-01	3.797972E-01	
210	7.673471E-01	4.671942E-01	3.795247E-01	
211	7.890102E-01	4.756151E-01	3.743886E-01	
212	7.608967E-01	4.806886E-01	3.758097E-01	
213	7.179352E-01	4.624913E-01	3.750452E-01	
214	7.618060E-01	4.576676E-01	3.720879E-01	
215	7.725295E-01	4.543364E-01	3.731441E-01	
216	7.474926E-01	4.509549E-01	3.697457E-01	
217	7.231238E-01	4.406487E-01	3.709609E-01	
218	7.318583E-01	4.591703E-01	3.684015E-01	
219	7.837280E-01	4.293939E-01	3.680401E-01	
220	7.621356E-01	4.330169E-01	3.692062E-01	
221	7.344225E-01	4.379889E-01	3.671688E-01	
222	7.697385E-01	4.400350E-01	3.660142E-01	
223	7.776867E-01	4.232035E-01	3.660690E-01	
224	7.555813E-01	4.159014E-01	3.672454E-01	
225	7.374884E-01	4.210757E-01	3.634701E-01	
226	7.868098E-01	4.073992E-01	3.658906E-01	
227	7.659609E-01	3.915699E-01	3.647378E-01	
228	7.785561E-01	3.925027E-01	3.605302E-01	
229	7.607478E-01	3.874188E-01	3.617159E-01	
230	6.755108E-01	4.055717E-01	3.617829E-01	
231	7.114270E-01	3.769057E-01	3.619179E-01	
232	7.551994E-01	3.879099E-01	3.591050E-01	
233	6.797652E-01	3.829451E-01	3.568188E-01	
234	6.287457E-01	3.968211E-01	3.603100E-01	
235	5.659082E-01	4.019398E-01	3.591750E-01	
236	6.983053E-01	3.928409E-01	3.551668E-01	
237	5.911469E-01	3.971083E-01	3.575313E-01	
238	6.001824E-01	4.025186E-01	3.550135E-01	
239	6.114645E-01	3.811713E-01	3.554464E-01	
240	6.154599E-01	3.790359E-01	3.517067E-01	
241	6.551100E-01	3.978565E-01	3.508701E-01	
242	6.635667E-01	3.586155E-01	3.476144E-01	
243	6.303201E-01	3.783550E-01	3.482032E-01	
244	5.885855E-01	3.837787E-01	3.466430E-01	
245	6.368672E-01	3.606555E-01	3.460409E-01	
246	5.410073E-01	3.834581E-01	3.442251E-01	
247	5.956274E-01	3.609905E-01	3.445515E-01	
248	6.238469E-01	3.669073E-01	3.423073E-01	
249	5.005022E-01	3.579837E-01	3.416113E-01	
250	4.591955E-01	3.662999E-01	3.423712E-01	
251	4.502445E-01	3.522385E-01	3.393263E-01	
252	5.403932E-01	3.650548E-01	3.379753E-01	
253	5.748093E-01	3.473299E-01	3.365196E-01	
254	6.176724E-01	3.399992E-01	3.393709E-01	
255	6.261099E-01	3.560234E-01	3.332233E-01	
256	8.994315E-01	3.401829E-01	3.317733E-01	
257	6.490916E-01	3.395639E-01	3.335740E-01	
258	6.306160E-01	3.433824E-01	3.314822E-01	
259	6.222627E-01	3.440849E-01	3.300638E-01	
260	6.819533E-01	3.558254E-01	3.274393E-01	
261	6.555550E-01	3.263969E-01	3.280358E-01	
262	6.815578E-01	3.230351E-01	3.260666E-01	
263	5.537036E-01	3.274469E-01	3.266354E-01	
264	5.306633E-01	3.321482E-01	3.212504E-01	
265	5.775583E-01	3.314561E-01	3.217675E-01	
266	6.180621E-01	3.430098E-01	3.212769E-01	
267	4.876818E-01	3.330425E-01	3.220951E-01	
268	5.385665E-01	3.344057E-01	3.164959E-01	
269	5.141162E-01	3.225885E-01	3.161678E-01	
270	6.674728E-01	3.116495E-01	3.163811E-01	
271	5.995769E-01	3.164341E-01	3.143464E-01	
272	5.611893E-01	3.178005E-01	3.107262E-01	
273	6.615867E-01	3.068917E-01	3.100970E-01	
274	4.254330E-01	2.981871E-01	3.100818E-01	
275	5.907449E-01	3.087007E-01	3.105890E-01	
276	4.242527E-01	3.147206E-01	3.065100E-01	
277	4.595025E-01	2.893572E-01	3.071359E-01	
278	4.446602E-01	2.977292E-01	3.034795E-01	
279	5.354119E-01	2.839198E-01	3.042990E-01	
280	5.318354E-01	2.965726E-01	3.033224E-01	
281	4.290425E-01	3.031778E-01	3.009356E-01	
282	5.027167E-01	2.830986E-01	2.999869E-01	
283	5.103257E-01	2.952858E-01	3.015038E-01	
284	2.840262E-01	2.981737E-01	2.986861E-01	
285	5.551850E-01	3.013587E-01	2.958714E-01	
286	4.116233E-01	2.929169E-01	2.954487E-01	
287	2.447363E-01	2.985672E-01	2.948766E-01	
288	4.517811E-01	2.967029E-01	2.908219E-01	
289	6.504960E-01	2.999285E-01	2.934484E-01	
290	3.450899E-01	2.922630E-01	2.897008E-01	
291	2.732846E-01	3.047975E-01	2.919922E-01	
292	2.742153E-01	2.891833E-01	2.884834E-01	
293	3.322095E-01	2.967989E-01	2.868202E-01	
294	2.035611E-01	2.951400E-01	2.887592E-01	
295	3.305445E-01	2.921998E-01	2.880691E-01	
296	2.665883E-01	2.982431E-01	2.871826E-01	
297	3.040736E-01	3.038877E-01	2.868395E-01	
298	3.323899E-01	2.959189E-01	2.899997E-01	
299	2.712688E-01	3.013735E-01	2.874900E-01	
300	2.955767E-01	3.145392E-01	2.915175E-01	
301	2.851878E-01	3.188636E-01	2.878292E-01	
302	2.113590E-01	3.211476E-01	2.911441E-01	
303	1.768684E-01	2.985882E-01	2.913537E-01	
304	1.640242E-01	3.103543E-01	2.901711E-01	
305	2.184930E-01	3.153782E-01	2.904812E-01	
306	2.081508E-01	3.106921E-01	2.895908E-01	
307	1.784863E-01	2.905086E-01	2.897789E-01	
308	2.223992E-01	3.109952E-01	2.910613E-01	
309	2.478950E-01	3.026056E-01	2.914706E-01	
310	2.101004E-01	2.808305E-01	2.908319E-01	
311	3.332055E-01	3.058190E-01	2.898657E-01	
312	2.517559E-01	2.945540E-01	2.920514E-01	
313	1.919333E-01	2.828096E-01	2.901801E-01	
314	2.692478E-01	2.936409E-01	2.914204E-01	
315	2.729224E-01	2.894891E-01	2.908823E-01	
316	4.193277E-01	2.867843E-01	2.914594E-01	
317	4.147847E-01	2.916007E-01	2.912746E-01	
318	3.167770E-01	2.903689E-01	2.912451E-01	
319	4.109235E-01	2.877233E-01	2.908034E-01	
320	4.497519E-01	3.042899E-01	2.893590E-01	
321	5.510400E-01	2.860417E-01	2.926652E-01	
322	4.474190E-01	2.815323E-01	2.889118E-01	
323	6.560283E-01	3.024172E-01	2.928007E-01	
324	5.199776E-01	3.007328E-01	2.887117E-01	
325	4.195304E-01	2.868393E-01	2.942696E-01	
326	5.392316E-01	2.976398E-01	2.924829E-01	
327	5.574568E-01	2.922544E-01	2.902927E-01	
328	5.642453E-01	3.068163E-01	2.925331E-01	
329	5.210577E-01	2.853379E-01	2.880137E-01	
330	5.964754E-01	2.854977E-01	2.917901E-01	
331	4.971759E-01	3.144363E-01	2.918177E-01	
332	4.028024E-01	2.885015E-01	2.897213E-01	
333	6.196443E-01	3.026838E-01	2.908241E-01	
334	5.764775E-01	2.835515E-01	2.899193E-01	
335	2.740089E-01	3.043431E-01	2.887798E-01	
336	4.769043E-01	3.106049E-01	2.892418E-01	
337	5.548968E-01	2.737222E-01	2.901481E-01	
338	4.508837E-01	2.938676E-01	2.878100E-01	
339	5.201036E-01	3.006936E-01	2.894867E-01	
340	6.549247E-01	3.022102E-01	2.877539E-01	
341	7.556531E-01	2.904572E-01	2.872751E-01	
342	5.137569E-01	2.873885E-01	2.875444E-01	
343	4.164967E-01	2.932116E-01	2.830676E-01	
344	5.273099E-01	2.982197E-01	2.871327E-01	
345	6.285071E-01	2.855098E-01	2.858192E-01	
346	6.107034E-01	2.894943E-01	2.842306E-01	
347	5.049219E-01	2.808633E-01	2.854751E-01	
348	2.953118E-01	2.842981E-01	2.851361E-01	
349	1.893548E-01	2.813123E-01	2.849402E-01	
350	5.253448E-01	2.536605E-01	2.844674E-01	
351	5.589466E-01	2.776471E-01	2.829367E-01	
352	5.630581E-01	2.693851E-01	2.850023E-01	
353	1.082559E-02	2.711317E-01	2.832429E-01	
354	2.662607E-01	2.849087E-01	2.853393E-01	
355	1.317135E-02	2.698811E-01	2.826652E-01	
356	2.103764E-01	2.719196E-01	2.862963E-01	
357	3.012398E-01	2.620656E-01	2.848015E-01	
358	2.890267E-01	2.769363E-01	2.887512E-01	
359	1.134344E-02	2.550794E-01	2.845729E-01	
360	2.198820E-01	2.666940E-01	2.851499E-01	
361	4.650325E-01	2.460512E-01	2.843421E-01	
362	5.189887E-01	2.388736E-01	2.860315E-01	
363	3.649486E-01	2.402555E-01	2.870578E-01	
364	1.400132E-01	2.467482E-01	2.859577E-01	
365	7.135797E-01	2.630889E-01	2.860697E-01	
366	7.964930E-01	2.506988E-01	2.836828E-01	
367	4.716334E-01	2.586764E-01	2.874632E-01	
368	2.992269E-01	2.557808E-01	2.857083E-01	
369	4.185667E-01	2.599946E-01	2.865680E-01	
370	5.349573E-01	2.587897E-01	2.873285E-01	
371	1.339799E-01	2.527959E-01	2.844582E-01	
372	6.561800E-01	2.676090E-01	2.871886E-01	
373	7.502077E-01	2.549396E-01	2.863066E-01	
374	0	2.569172E-01	2.870037E-01	
375	7.043894E-01	2.563566E-01	2.863236E-01	
376	8.685657E-01	2.552865E-01	2.856969E-01	
377	7.351891E-01	2.699440E-01	2.825043E-01	
378	8.830859E-01	2.439260E-01	2.853498E-01	
379	6.640519E-01	2.549554E-01	2.837358E-01	
380	6.421791E-01	2.723081E-01	2.809571E-01	
381	8.489128E-01	2.523473E-01	2.846071E-01	
382	7.932256E-01	2.536666E-01	2.820031E-01	
383	7.398195E-01	2.766095E-01	2.825156E-01	
384	7.327857E-01	2.644869E-01	2.842781E-01	
385	7.955928E-01	2.551770E-01	2.817143E-01	
386	8.537352E-01	2.552223E-01	2.843518E-01	
387	7.914754E-01	2.804949E-01	2.818638E-01	
388	8.241427E-01	2.739041E-01	2.827476E-01	
389	8.168063E-01	2.758611E-01	2.829388E-01	
390	8.067256E-01	2.735451E-01	2.816245E-01	
391	8.302076E-01	3.021633E-01	2.816315E-01	
392	8.302598E-01	3.068452E-01	2.822347E-01	
393	7.943792E-01	2.921724E-01	2.825613E-01	
394	8.144452E-01	3.140682E-01	2.824897E-01	
395	8.392657E-01	2.768387E-01	2.838364E-01	
396	8.758783E-01	2.787314E-01	2.801001E-01	
397	8.068491E-01	2.809465E-01	2.820323E-01	
398	8.083228E-01	2.653206E-01	2.812881E-01	
399	8.565435E-01	2.579649E-01	2.841577E-01	
400	7.939381E-01	2.771962E-01	2.836188E-01	
401	7.765538E-01	2.713612E-01	2.845116E-01	
402	8.371309E-01	2.569677E-01	2.868544E-01	
403	0	2.671741E-01	2.852588E-01	
404	0	2.739142E-01	2.862454E-01	
405	0	2.635742E-01	2.889055E-01	
406	0	2.629949E-01	2.848161E-01	
407	0	2.468830E-01	2.959964E-01	
408	0	2.432403E-01	2.881341E-01	
409	0	2.517478E-01	2.866779E-01	
410	0	2.682732E-01	2.914122E-01	
411	0	2.620985E-01	2.913802E-01	
412	0	2.651900E-01	2.887173E-01	
413	0	2.699014E-01	2.924473E-01	
414	0	2.625604E-01	2.883328E-01	
415	0	2.885215E-01	2.980367E-01	
416	0	2.937154E-01	2.876827E-01	
417	0	2.770535E-01	2.898494E-01	
418	0	2.980701E-01	2.962068E-01	
419	0	3.322776E-01	2.946492E-01	
420	0	2.769060E-01	2.975734E-01	
421	0	3.384202E-01	2.966066E-01	
422	0	3.186246E-01	3.035149E-01	
423	0	3.387271E-01	2.970956E-01	
424	0	3.634889E-01	2.976271E-01	
425	0	2.875145E-01	2.951606E-01	
426	0	3.087299E-01	3.001368E-01	
427	0	3.497966E-01	2.984161E-01	
428	0	3.202255E-01	2.949648E-01	
429	0	3.182692E-01	2.918814E-01	
430	0	3.287713E-01	2.973572E-01	
431	0	3.840137E-01	3.014230E-01	
432	0	3.351582E-01	2.974707E-01	
433	0	3.604918E-01	2.993150E-01	
434	0	3.523642E-01	2.966345E-01	
435	0	3.807848E-01	2.903396E-01	
436	0	3.877317E-01	2.952178E-01	
437	0	3.968653E-01	2.890644E-01	
438	0	3.823100E-01	2.945496E-01	
439	0	4.060215E-01	2.836907E-01	
440	0	4.425805E-01	3.001175E-01	
441	0	3.910260E-01	2.873154E-01	
442	0	4.434940E-01	2.911705E-01	
443	0	4.552535E-01	2.871900E-01	
444	0	4.508798E-01	2.942904E-01	
445	0	4.151216E-01	2.964068E-01	
446	0	3.612818E-01	2.915071E-01	
447	0	5.095281E-01	2.930808E-01	
448	0	4.117453E-01	2.919219E-01	
449	0	4.232674E-01	2.986770E-01	
450	0	4.757998E-01	2.944172E-01	
451	0	4.237579E-01	2.926960E-01	
452	0	4.381275E-01	2.954041E-01	
453	0	4.174737E-01	2.970700E-01	
454	0	4.385978E-01	3.035106E-01	
455	0	4.106863E-01	2.946107E-01	
456	0	4.011642E-01	3.047019E-01	
457	0	3.674689E-01	2.994745E-01	
458	0	3.935293E-01	3.134254E-01	
459	0	4.279027E-01	3.086838E-01	
460	0	4.526774E-01	2.983469E-01	
461	0	3.521832E-01	3.124521E-01	
462	0	4.483612E-01	2.992247E-01	
463	0	4.038789E-01	3.236846E-01	
464	0	4.177038E-01	3.116909E-01	
465	0	3.936645E-01	3.208550E-01	
466	0	3.567027E-01	3.169367E-01	
467	0	2.736859E-01	3.130120E-01	
468	0	3.785798E-01	3.278618E-01	
469	0	2.887141E-01	3.124050E-01	
470	0	2.398128E-01	3.385662E-01	
471	0	3.212609E-01	3.149448E-01	
472	0	3.295492E-01	3.299317E-01	
473	0	2.947957E-01	3.022945E-01	
474	0	2.156035E-01	3.282784E-01	
475	0	3.567350E-01	3.132140E-01	
476	0	1.903432E-01	3.164381E-01	
477	0	3.358371E-01	3.622355E-01	
478	0	3.280881E-01	2.992439E-01	
479	0	2.349704E-01	3.383226E-01	
480	0	3.127514E-01	3.059871E-01	
481	0	2.577314E-01	3.329578E-01	
482	0	3.556500E-01	3.235617E-01	
483	0	2.884891E-01	3.199505E-01	
484	0	3.413609E-01	4.088797E-01	
485	0	4.190730E-01	3.201836E-01	
486	0	4.029800E-01	4.213899E-01	
487	0	3.492477E-01	3.177823E-01	
488	0	4.996159E-01	3.810629E-01	
489	0	3.538509E-01	3.353288E-01	
490	0	2.404564E-01	3.618905E-01	
491	0	3.286545E-01	3.892519E-01	
492	0	3.481096E-01	3.489580E-01	
493	0	0	4.966524E-01	
494	0	3.470138E-01	3.664896E-01	
495	0	0	4.727413E-01	
496	0	3.072313E-01	3.821149E-01	
497	0	0	4.306593E-01	
498	0	0	3.906462E-01	
499	0	0	4.206051E-01	
500	0	0	0	
501	0	0	4.188322E-01	
502	0	0	0	
503	0	0	4.465996E-01	
504	0	0	0	
505	0	0	4.665873E-01	
506	0	0	5.677615E-01	
507	0	0	0	
508	0	0	5.189016E-01	
509	0	0	0	
510	0	0	5.511096E-01	
511	0	0	0	
512	0	0	6.094976E-01	
513	0	0	0	
514	0	0	0	
515	0	0	6.446540E-01	
516	0	0	0	
517	0	0	7.130361E-01	
518	0	0	0	
519	0	0	7.343756E-01	
520	0	0	0	
521	0	0	0	
522	0	0	0	
523	0	0	0	
524	0	0	0	
525	0	0	0	
526	0	0	0	
527	0	0	0	
528	0	0	0	
529	0	0	0	
530	0	0	0	
531	0	0	0	
532	0	0	0	
533	0	0	0	
534	0	0	0	
535	0	0	0	
536	0	0	0	
537	0	0	0	
538	0	0	0	
539	0	0	0	
540	0	0	0	
541	0	0	0	
542	0	0	0	
543	0	0	0	
544	0	0	0	
545	0	0	0	
546	0	0	0	
547	0	0	0	
548	0	0	0	
549	0	0	0	
550	0	0	0	
551	0	0	0	
552	0	0	0	
553	0	0	0	
554	0	0	0	
555	0	0	0	
556	0	0	0	
557	0	0	0	
558	0	0	0	
559	0	0	0	
560	0	0	0	
561	0	0	0	
562	0	0	0	
563	0	0	0	
564	0	0	0	
565	0	0	0	
566	0	0	0	
567	0	0	0	
568	0	0	0	
569	0	0	0	
570	0	0	0	
571	0	0	0	
572	0	0	0	
573	0	0	0	
574	0	0	0	
575	0	0	0	
576	0	0	0	
577	0	0	0	
578	0	0	0	
579	0	0	0	
580	0	0	0	
581	0	0	0	
582	0	0	0	
583	0	0	0	
584	0	0	0	
585	0	0	0	
586	0	0	0	
587	0	0	0	
588	0	0	0	
589	0	0	0	
590	0	0	0	
591	0	0	0	
592	0	0	0	
593	0	0	0	
594	0	0	0	
595	0	0	0	
596	0	0	0	
597	0	0	0	
598	0	0	0	
599	0	0	0	
#NewRun
