#COM_Bin	Avg_cosine_squared
#Order is chain type
0	0	0	0	
1	0	0	0	
2	0	0	0	
3	0	0	0	
4	3.252003E-01	3.354284E-01	0	
5	3.328311E-01	3.320918E-01	0	
6	3.469312E-01	3.335072E-01	1.904762E-02	
7	0	0	0	
8	3.387437E-01	3.399207E-01	0	
9	3.330865E-01	3.202888E-01	0	
10	0	0	0	
11	3.453762E-01	3.419361E-01	6.225442E-02	
12	3.360990E-01	3.329540E-01	2.791771E-01	
13	3.336393E-01	3.281311E-01	0	
14	3.408886E-01	3.249732E-01	5.752101E-01	
15	0	0	0	
16	3.356453E-01	3.290469E-01	4.034807E-01	
17	3.368602E-01	3.262485E-01	4.072294E-01	
18	3.370073E-01	3.260638E-01	2.584585E-01	
19	3.375370E-01	3.311406E-01	8.781362E-02	
20	3.344494E-01	3.288753E-01	2.354338E-01	
21	3.314624E-01	3.245457E-01	3.364084E-01	
22	3.325072E-01	3.294414E-01	0	
23	3.322152E-01	3.235670E-01	3.895991E-01	
24	3.343428E-01	3.286628E-01	2.851264E-01	
25	3.307348E-01	3.263093E-01	4.067977E-01	
26	3.277288E-01	3.212405E-01	6.228571E-01	
27	3.299409E-01	3.269281E-01	4.902856E-01	
28	3.275209E-01	3.253066E-01	1.413270E-01	
29	3.278498E-01	3.249779E-01	2.563983E-01	
30	3.270343E-01	3.273689E-01	3.678120E-01	
31	3.284003E-01	3.265205E-01	2.258663E-01	
32	3.271381E-01	3.291023E-01	2.301782E-01	
33	3.215577E-01	3.264423E-01	3.291730E-01	
34	3.272083E-01	3.237285E-01	4.058417E-01	
35	3.308304E-01	3.267998E-01	2.979699E-01	
36	3.272338E-01	3.251782E-01	3.106535E-01	
37	3.234393E-01	3.258899E-01	3.524256E-01	
38	3.246269E-01	3.220027E-01	3.485398E-01	
39	3.249182E-01	3.219517E-01	3.394678E-01	
40	3.229450E-01	3.253745E-01	3.138340E-01	
41	3.257719E-01	3.224339E-01	5.023050E-01	
42	3.210467E-01	3.207562E-01	2.947061E-01	
43	3.228540E-01	3.219504E-01	3.188277E-01	
44	3.219434E-01	3.219436E-01	4.620612E-01	
45	3.225909E-01	3.221209E-01	3.668413E-01	
46	3.204196E-01	3.214505E-01	4.258287E-01	
47	3.182471E-01	3.199759E-01	2.880188E-01	
48	3.198408E-01	3.197212E-01	2.962731E-01	
49	3.190645E-01	3.198902E-01	4.203780E-01	
50	3.181512E-01	3.177758E-01	2.564495E-01	
51	3.200379E-01	3.201817E-01	4.313861E-01	
52	3.176172E-01	3.198035E-01	3.501734E-01	
53	3.169479E-01	3.169783E-01	4.142769E-01	
54	3.183123E-01	3.184145E-01	3.788168E-01	
55	3.168257E-01	3.155831E-01	3.597679E-01	
56	3.164195E-01	3.199127E-01	3.808479E-01	
57	3.150451E-01	3.160021E-01	3.879127E-01	
58	3.157058E-01	3.178665E-01	3.016770E-01	
59	3.152671E-01	3.137485E-01	3.505793E-01	
60	3.156335E-01	3.150565E-01	3.630598E-01	
61	3.129858E-01	3.126054E-01	4.021069E-01	
62	3.141377E-01	3.138745E-01	4.017699E-01	
63	3.111787E-01	3.098856E-01	3.297226E-01	
64	3.114156E-01	3.106527E-01	3.279659E-01	
65	3.131133E-01	3.100436E-01	3.608584E-01	
66	3.122555E-01	3.094274E-01	3.065546E-01	
67	3.109185E-01	3.076201E-01	3.076276E-01	
68	3.091648E-01	3.073194E-01	3.327044E-01	
69	3.073841E-01	3.045039E-01	2.788166E-01	
70	3.073849E-01	3.051018E-01	3.424791E-01	
71	3.067706E-01	3.041157E-01	3.909674E-01	
72	3.060474E-01	3.045436E-01	3.635944E-01	
73	3.035336E-01	3.056204E-01	3.384058E-01	
74	3.040699E-01	3.024539E-01	3.999907E-01	
75	3.034549E-01	3.042718E-01	3.351829E-01	
76	3.028182E-01	3.027419E-01	2.868789E-01	
77	3.007227E-01	3.026064E-01	3.847322E-01	
78	3.010730E-01	3.025692E-01	3.389593E-01	
79	3.011527E-01	3.019656E-01	3.043880E-01	
80	2.996983E-01	3.003613E-01	3.344740E-01	
81	3.002957E-01	3.020136E-01	2.707759E-01	
82	2.986081E-01	2.994878E-01	2.916564E-01	
83	2.981591E-01	3.007105E-01	3.120027E-01	
84	2.992582E-01	2.992556E-01	3.147231E-01	
85	2.987225E-01	2.994117E-01	3.308348E-01	
86	2.996752E-01	3.003547E-01	2.868210E-01	
87	2.967152E-01	3.003560E-01	2.868557E-01	
88	2.982194E-01	3.004053E-01	3.091120E-01	
89	2.985886E-01	3.009985E-01	3.329631E-01	
90	3.001624E-01	3.018237E-01	2.675394E-01	
91	2.998065E-01	3.014979E-01	3.183144E-01	
92	3.000352E-01	3.016539E-01	2.801756E-01	
93	3.011868E-01	3.023848E-01	2.919960E-01	
94	3.024521E-01	3.045094E-01	3.223786E-01	
95	3.037254E-01	3.047115E-01	2.894588E-01	
96	3.054391E-01	3.067627E-01	3.307294E-01	
97	3.059275E-01	3.075564E-01	3.128066E-01	
98	3.066582E-01	3.103326E-01	2.548966E-01	
99	3.082130E-01	3.117752E-01	2.801212E-01	
100	3.100216E-01	3.129575E-01	2.809824E-01	
101	3.116546E-01	3.152573E-01	2.942711E-01	
102	3.150441E-01	3.188793E-01	2.797427E-01	
103	3.161612E-01	3.202831E-01	2.706394E-01	
104	3.184274E-01	3.218976E-01	2.820164E-01	
105	3.213476E-01	3.239665E-01	3.081949E-01	
106	3.230041E-01	3.273248E-01	2.701355E-01	
107	3.246698E-01	3.295348E-01	2.935181E-01	
108	3.286316E-01	3.310896E-01	2.745744E-01	
109	3.306322E-01	3.334982E-01	2.863518E-01	
110	3.363237E-01	3.371493E-01	2.769082E-01	
111	3.371435E-01	3.396791E-01	2.822784E-01	
112	3.394357E-01	3.433331E-01	2.940297E-01	
113	3.435324E-01	3.467469E-01	2.910414E-01	
114	3.470302E-01	3.496245E-01	2.766524E-01	
115	3.514531E-01	3.536094E-01	3.015022E-01	
116	3.536987E-01	3.571927E-01	2.857906E-01	
117	3.586723E-01	3.611222E-01	2.555815E-01	
118	3.618194E-01	3.650554E-01	2.591927E-01	
119	3.656510E-01	3.698433E-01	2.853413E-01	
120	3.716382E-01	3.731011E-01	3.016644E-01	
121	3.751742E-01	3.768088E-01	2.812263E-01	
122	3.787809E-01	3.826145E-01	2.858426E-01	
123	3.843657E-01	3.862693E-01	2.884776E-01	
124	3.889382E-01	3.899767E-01	2.854372E-01	
125	3.946995E-01	3.948596E-01	2.875409E-01	
126	3.981242E-01	3.997716E-01	2.981466E-01	
127	4.053316E-01	4.047969E-01	2.936098E-01	
128	4.090058E-01	4.103373E-01	2.994877E-01	
129	4.159442E-01	4.149209E-01	3.024489E-01	
130	4.205501E-01	4.204907E-01	3.149748E-01	
131	4.273296E-01	4.281840E-01	2.904464E-01	
132	4.295277E-01	4.305062E-01	3.013510E-01	
133	4.375302E-01	4.392932E-01	2.856297E-01	
134	4.430311E-01	4.468521E-01	2.999404E-01	
135	4.490817E-01	4.487020E-01	3.147130E-01	
136	4.541205E-01	4.532126E-01	3.055062E-01	
137	4.599835E-01	4.615686E-01	3.217815E-01	
138	4.654383E-01	4.666860E-01	3.118319E-01	
139	4.724372E-01	4.739627E-01	3.166035E-01	
140	4.782321E-01	4.798066E-01	3.095336E-01	
141	4.839390E-01	4.814835E-01	3.043861E-01	
142	4.920616E-01	4.942179E-01	3.219554E-01	
143	4.970152E-01	4.980500E-01	3.468734E-01	
144	5.033680E-01	5.050985E-01	3.215748E-01	
145	5.114374E-01	5.107472E-01	3.250833E-01	
146	5.186717E-01	5.147251E-01	3.327273E-01	
147	5.226617E-01	5.286339E-01	3.236467E-01	
148	5.272154E-01	5.270254E-01	3.190122E-01	
149	5.359960E-01	5.370701E-01	3.392015E-01	
150	5.412985E-01	5.442049E-01	3.196316E-01	
151	5.472400E-01	5.516714E-01	3.353155E-01	
152	5.523907E-01	5.529688E-01	3.200033E-01	
153	5.600396E-01	5.603399E-01	3.376276E-01	
154	5.677319E-01	5.682502E-01	3.304932E-01	
155	5.745539E-01	5.765802E-01	3.699390E-01	
156	5.772664E-01	5.732626E-01	3.690351E-01	
157	5.828950E-01	5.815502E-01	3.516808E-01	
158	5.904662E-01	5.883416E-01	3.389299E-01	
159	5.931711E-01	5.944179E-01	3.613265E-01	
160	6.041490E-01	5.975354E-01	3.601421E-01	
161	6.063943E-01	6.010261E-01	3.478743E-01	
162	6.148763E-01	6.074920E-01	3.736664E-01	
163	6.192522E-01	6.193407E-01	3.682504E-01	
164	6.221665E-01	6.202651E-01	3.784626E-01	
165	6.337423E-01	6.247390E-01	3.728259E-01	
166	6.423339E-01	6.288022E-01	3.714010E-01	
167	6.411798E-01	6.372044E-01	3.604033E-01	
168	6.491473E-01	6.443717E-01	3.371203E-01	
169	6.564974E-01	6.437106E-01	3.558544E-01	
170	6.590245E-01	6.501198E-01	3.679071E-01	
171	6.587930E-01	6.620698E-01	3.499529E-01	
172	6.638120E-01	6.688340E-01	3.770702E-01	
173	6.677120E-01	6.659883E-01	3.635005E-01	
174	6.754593E-01	6.687802E-01	3.376732E-01	
175	6.862378E-01	6.759825E-01	3.765648E-01	
176	6.806203E-01	6.793589E-01	3.574266E-01	
177	6.869473E-01	6.824594E-01	3.540057E-01	
178	6.802409E-01	6.914364E-01	3.617830E-01	
179	6.877563E-01	6.976668E-01	3.598124E-01	
180	6.939822E-01	6.858563E-01	3.645649E-01	
181	6.976922E-01	6.935205E-01	3.725317E-01	
182	7.028770E-01	6.939465E-01	3.788056E-01	
183	6.962956E-01	6.913177E-01	3.687094E-01	
184	6.976501E-01	7.093881E-01	3.705033E-01	
185	6.990885E-01	7.048060E-01	3.633406E-01	
186	6.931078E-01	6.958967E-01	3.654268E-01	
187	7.047878E-01	7.079662E-01	3.775243E-01	
188	6.942061E-01	7.000368E-01	3.533867E-01	
189	6.891714E-01	6.962294E-01	3.698973E-01	
190	6.917316E-01	7.258282E-01	3.436371E-01	
191	6.957519E-01	7.118655E-01	3.475355E-01	
192	6.858087E-01	7.060229E-01	3.737082E-01	
193	6.793208E-01	6.995545E-01	3.442367E-01	
194	6.918021E-01	6.834110E-01	3.488013E-01	
195	6.760323E-01	6.861225E-01	3.545813E-01	
196	6.694028E-01	6.891192E-01	3.678197E-01	
197	6.588265E-01	6.837812E-01	3.518287E-01	
198	6.678090E-01	6.836194E-01	3.426746E-01	
199	6.840850E-01	6.756658E-01	3.759690E-01	
200	6.713934E-01	6.593172E-01	3.633877E-01	
201	6.641940E-01	6.795619E-01	3.759613E-01	
202	6.526013E-01	6.748340E-01	3.197848E-01	
203	6.401096E-01	6.732630E-01	3.735539E-01	
204	6.169329E-01	6.459637E-01	3.161377E-01	
205	6.430326E-01	6.470420E-01	3.472518E-01	
206	6.409499E-01	6.438219E-01	3.591871E-01	
207	6.135063E-01	6.298544E-01	3.481933E-01	
208	6.185413E-01	6.261226E-01	3.584226E-01	
209	5.982818E-01	6.210173E-01	3.457682E-01	
210	6.149639E-01	6.101494E-01	3.361968E-01	
211	6.001265E-01	6.223361E-01	3.579670E-01	
212	6.043688E-01	6.160833E-01	3.536426E-01	
213	5.830918E-01	6.177781E-01	3.581174E-01	
214	5.522841E-01	5.993450E-01	3.500630E-01	
215	5.233788E-01	6.059579E-01	3.447949E-01	
216	5.112817E-01	5.780160E-01	3.432365E-01	
217	5.070782E-01	5.900743E-01	3.195039E-01	
218	5.033198E-01	5.542442E-01	3.392140E-01	
219	4.726919E-01	5.426371E-01	3.180201E-01	
220	4.445955E-01	5.372776E-01	3.209540E-01	
221	4.667398E-01	5.573664E-01	3.412802E-01	
222	4.643891E-01	5.576391E-01	3.194895E-01	
223	4.413716E-01	5.619547E-01	3.486962E-01	
224	4.519231E-01	5.394364E-01	3.360779E-01	
225	4.325072E-01	5.335540E-01	3.147349E-01	
226	4.414773E-01	5.351811E-01	3.333093E-01	
227	4.193072E-01	5.144728E-01	3.236773E-01	
228	4.161184E-01	5.043228E-01	3.380605E-01	
229	4.093019E-01	4.965219E-01	3.434288E-01	
230	4.013107E-01	5.155994E-01	3.254125E-01	
231	3.863062E-01	5.172404E-01	3.371078E-01	
232	4.088125E-01	5.044854E-01	3.507194E-01	
233	4.113964E-01	4.850776E-01	3.401879E-01	
234	4.012405E-01	4.515724E-01	3.436024E-01	
235	3.958429E-01	4.664427E-01	3.320991E-01	
236	3.780461E-01	4.818570E-01	3.354734E-01	
237	3.761083E-01	4.303424E-01	3.448514E-01	
238	3.979917E-01	4.422045E-01	3.369918E-01	
239	4.092081E-01	4.348605E-01	3.408154E-01	
240	3.900529E-01	4.437767E-01	3.180537E-01	
241	3.912918E-01	4.200876E-01	3.263217E-01	
242	3.598510E-01	4.084734E-01	3.328238E-01	
243	4.141072E-01	4.222997E-01	3.144369E-01	
244	3.918573E-01	4.214749E-01	3.125141E-01	
245	3.919336E-01	4.216411E-01	3.260103E-01	
246	3.936039E-01	4.427712E-01	3.287074E-01	
247	4.127779E-01	4.122344E-01	3.223441E-01	
248	4.027936E-01	4.297246E-01	3.199683E-01	
249	3.893865E-01	4.059875E-01	3.225833E-01	
250	4.023462E-01	4.266704E-01	3.286357E-01	
251	4.021492E-01	4.002731E-01	3.346480E-01	
252	3.587572E-01	4.182685E-01	3.157209E-01	
253	3.586251E-01	3.565784E-01	3.172056E-01	
254	3.860672E-01	3.853945E-01	3.211957E-01	
255	4.044231E-01	4.090167E-01	3.139618E-01	
256	4.339822E-01	3.721058E-01	3.141232E-01	
257	3.645967E-01	4.055849E-01	3.338286E-01	
258	3.729304E-01	4.161330E-01	3.214658E-01	
259	4.082441E-01	4.339459E-01	3.340477E-01	
260	3.396836E-01	4.378522E-01	3.197588E-01	
261	3.669587E-01	4.964158E-01	3.197149E-01	
262	3.252820E-01	4.457690E-01	3.052513E-01	
263	3.852150E-01	4.970272E-01	3.197657E-01	
264	3.920203E-01	4.425754E-01	3.232952E-01	
265	3.980601E-01	4.598028E-01	3.259608E-01	
266	3.926862E-01	4.721456E-01	3.024891E-01	
267	4.239533E-01	4.870282E-01	3.231975E-01	
268	3.738449E-01	4.022136E-01	3.196375E-01	
269	4.140174E-01	4.656272E-01	3.137786E-01	
270	3.954430E-01	5.104282E-01	3.230107E-01	
271	3.776094E-01	4.568005E-01	3.166820E-01	
272	4.045348E-01	4.155228E-01	3.108984E-01	
273	3.954957E-01	4.408266E-01	2.993976E-01	
274	3.549161E-01	4.157265E-01	3.147349E-01	
275	3.743024E-01	4.390876E-01	3.117914E-01	
276	4.185602E-01	4.446036E-01	2.991650E-01	
277	3.792654E-01	4.447841E-01	2.919087E-01	
278	4.210536E-01	4.148878E-01	2.745809E-01	
279	4.070632E-01	4.139706E-01	2.897729E-01	
280	4.053238E-01	3.781478E-01	3.091638E-01	
281	4.217196E-01	4.165788E-01	3.053587E-01	
282	3.970220E-01	3.931528E-01	3.147057E-01	
283	3.968072E-01	3.706086E-01	2.944030E-01	
284	4.038836E-01	3.452308E-01	3.035626E-01	
285	3.640930E-01	3.924129E-01	3.012388E-01	
286	3.865677E-01	3.269972E-01	2.951146E-01	
287	3.810802E-01	3.384042E-01	2.909070E-01	
288	3.692926E-01	3.405312E-01	3.061245E-01	
289	3.877528E-01	3.506843E-01	2.945038E-01	
290	3.597131E-01	3.144316E-01	2.899514E-01	
291	3.467410E-01	3.141686E-01	2.899254E-01	
292	3.646358E-01	3.507095E-01	2.986941E-01	
293	3.324204E-01	3.243491E-01	2.947738E-01	
294	3.566021E-01	3.187279E-01	2.926084E-01	
295	3.168804E-01	3.378926E-01	3.049677E-01	
296	3.498226E-01	3.433121E-01	2.842785E-01	
297	3.421159E-01	3.003769E-01	3.067258E-01	
298	3.712242E-01	3.738062E-01	2.953681E-01	
299	3.352736E-01	2.973868E-01	2.875801E-01	
300	3.206526E-01	3.366874E-01	2.985706E-01	
301	3.083950E-01	3.050008E-01	2.816167E-01	
302	3.163579E-01	3.106567E-01	2.800321E-01	
303	2.923458E-01	2.569849E-01	2.954762E-01	
304	2.676170E-01	3.119652E-01	2.953655E-01	
305	3.170138E-01	3.096282E-01	3.083406E-01	
306	2.794250E-01	3.380080E-01	2.964926E-01	
307	2.443416E-01	2.658280E-01	2.986099E-01	
308	3.174714E-01	2.957385E-01	2.992420E-01	
309	2.697004E-01	2.832795E-01	2.915528E-01	
310	2.914553E-01	2.991817E-01	2.957899E-01	
311	2.792878E-01	2.805002E-01	2.939874E-01	
312	2.802026E-01	3.011024E-01	2.904464E-01	
313	2.399416E-01	2.908009E-01	2.937568E-01	
314	2.730221E-01	3.097904E-01	2.894961E-01	
315	3.305553E-01	3.427960E-01	3.023900E-01	
316	2.899641E-01	3.422747E-01	2.940712E-01	
317	2.838877E-01	3.423853E-01	2.853466E-01	
318	2.997481E-01	3.397729E-01	2.849886E-01	
319	2.383108E-01	3.794453E-01	2.904285E-01	
320	2.754999E-01	3.429186E-01	2.946848E-01	
321	2.974397E-01	3.138009E-01	2.860693E-01	
322	2.844620E-01	3.057262E-01	2.872104E-01	
323	2.629180E-01	3.088152E-01	2.824880E-01	
324	2.956338E-01	2.914222E-01	2.829164E-01	
325	3.047677E-01	3.143670E-01	3.004832E-01	
326	2.618387E-01	2.894908E-01	2.839738E-01	
327	2.473315E-01	2.849732E-01	2.808234E-01	
328	2.915237E-01	3.333612E-01	2.794514E-01	
329	2.753630E-01	3.090911E-01	2.779963E-01	
330	2.751188E-01	2.555432E-01	2.808518E-01	
331	2.776514E-01	3.115034E-01	2.951912E-01	
332	2.805118E-01	2.787984E-01	3.049069E-01	
333	2.932447E-01	3.481283E-01	2.917602E-01	
334	3.109306E-01	2.626235E-01	2.970950E-01	
335	2.995391E-01	2.516717E-01	3.022365E-01	
336	2.896283E-01	2.414483E-01	2.908072E-01	
337	2.409106E-01	2.679185E-01	2.992477E-01	
338	2.950085E-01	2.992130E-01	2.839083E-01	
339	2.254989E-01	2.578655E-01	2.924932E-01	
340	2.798742E-01	2.607043E-01	2.832595E-01	
341	2.873971E-01	2.894110E-01	2.914402E-01	
342	2.661098E-01	2.537839E-01	2.959403E-01	
343	2.637665E-01	2.701840E-01	2.874062E-01	
344	3.004775E-01	2.901466E-01	3.035180E-01	
345	2.585339E-01	2.823231E-01	2.780884E-01	
346	2.276509E-01	3.189164E-01	3.017456E-01	
347	2.927218E-01	3.179976E-01	2.956078E-01	
348	2.435570E-01	3.357840E-01	2.883619E-01	
349	2.615715E-01	3.357774E-01	2.921606E-01	
350	2.335892E-01	3.968060E-01	2.994652E-01	
351	2.467858E-01	3.940307E-01	3.013018E-01	
352	2.626701E-01	3.318164E-01	2.693574E-01	
353	2.867171E-01	3.921414E-01	2.981732E-01	
354	3.094210E-01	3.412613E-01	3.017532E-01	
355	2.436451E-01	2.910226E-01	2.767407E-01	
356	2.262565E-01	2.781889E-01	2.935184E-01	
357	2.831960E-01	2.864480E-01	2.902101E-01	
358	2.983953E-01	3.114131E-01	3.031364E-01	
359	2.555779E-01	2.808176E-01	2.761521E-01	
360	3.031096E-01	3.435331E-01	2.680281E-01	
361	2.801259E-01	2.563838E-01	2.934070E-01	
362	2.697055E-01	3.208463E-01	2.857948E-01	
363	2.699814E-01	2.759335E-01	3.007626E-01	
364	2.510467E-01	2.790879E-01	2.679948E-01	
365	2.753507E-01	3.045505E-01	2.766558E-01	
366	3.101874E-01	2.524395E-01	2.657714E-01	
367	2.933889E-01	3.194936E-01	3.028077E-01	
368	2.768197E-01	2.870535E-01	2.736105E-01	
369	3.111261E-01	3.238570E-01	2.846485E-01	
370	2.904770E-01	3.143554E-01	2.656776E-01	
371	2.570039E-01	2.315189E-01	2.990971E-01	
372	3.271280E-01	3.170047E-01	2.687545E-01	
373	3.002894E-01	2.656767E-01	2.787692E-01	
374	2.783998E-01	3.353563E-01	2.658609E-01	
375	2.816262E-01	3.137015E-01	2.767070E-01	
376	2.743915E-01	2.514087E-01	2.625071E-01	
377	3.083571E-01	2.735803E-01	2.950662E-01	
378	3.226810E-01	2.677583E-01	2.811355E-01	
379	3.419712E-01	2.091243E-01	2.650933E-01	
380	3.238747E-01	2.892590E-01	2.748551E-01	
381	3.418669E-01	2.967131E-01	2.811048E-01	
382	3.475090E-01	2.124727E-01	2.777830E-01	
383	3.599152E-01	2.481444E-01	3.023553E-01	
384	3.642013E-01	2.514608E-01	2.822046E-01	
385	3.469108E-01	2.573547E-01	2.755003E-01	
386	3.443386E-01	2.189173E-01	2.827951E-01	
387	3.312192E-01	2.369669E-01	2.709947E-01	
388	3.669499E-01	2.019525E-01	2.997529E-01	
389	3.260155E-01	2.215457E-01	2.780611E-01	
390	3.322932E-01	1.966545E-01	2.819316E-01	
391	3.696163E-01	2.430897E-01	3.041354E-01	
392	3.522310E-01	2.474528E-01	2.851746E-01	
393	3.611190E-01	2.208786E-01	2.655352E-01	
394	3.260746E-01	2.159705E-01	2.848307E-01	
395	3.466986E-01	2.652982E-01	2.690845E-01	
396	3.540676E-01	2.336677E-01	2.903265E-01	
397	2.865780E-01	2.143185E-01	2.927269E-01	
398	3.287267E-01	2.440582E-01	2.676592E-01	
399	3.453875E-01	1.998222E-01	2.873700E-01	
400	2.632240E-01	1.554328E-01	2.980381E-01	
401	2.553201E-01	1.899133E-01	2.731425E-01	
402	2.963380E-01	1.816855E-01	2.822644E-01	
403	3.318199E-01	2.334803E-01	2.803423E-01	
404	3.315433E-01	2.398190E-01	2.718097E-01	
405	3.053471E-01	2.788917E-01	2.759367E-01	
406	3.371591E-01	1.594651E-01	3.142236E-01	
407	3.001403E-01	2.611505E-01	2.816444E-01	
408	2.784950E-01	1.669206E-01	2.828199E-01	
409	3.532627E-01	1.550991E-01	2.784878E-01	
410	3.324737E-01	2.589885E-01	2.914240E-01	
411	3.535732E-01	2.368683E-01	2.760192E-01	
412	3.229459E-01	2.366270E-01	2.711195E-01	
413	2.666377E-01	2.441753E-01	2.743789E-01	
414	2.860014E-01	1.967034E-01	2.995637E-01	
415	3.528825E-01	2.800647E-01	3.166830E-01	
416	2.947325E-01	3.039774E-01	3.079711E-01	
417	2.883976E-01	2.033304E-01	2.972852E-01	
418	2.666223E-01	2.282795E-01	2.904165E-01	
419	3.084289E-01	2.776321E-01	2.900028E-01	
420	2.677799E-01	2.550717E-01	2.718121E-01	
421	2.838345E-01	2.799244E-01	3.178653E-01	
422	2.564073E-01	2.215639E-01	3.029656E-01	
423	3.201421E-01	1.725890E-01	2.984336E-01	
424	2.756684E-01	3.358422E-01	3.098229E-01	
425	2.998092E-01	2.110763E-01	3.223914E-01	
426	3.214900E-01	2.280823E-01	2.971049E-01	
427	3.159649E-01	3.246042E-01	2.987446E-01	
428	3.129771E-01	4.444820E-01	3.012783E-01	
429	2.952818E-01	3.770771E-01	2.998499E-01	
430	3.482074E-01	3.073927E-01	3.027319E-01	
431	3.117261E-01	4.844228E-01	2.742807E-01	
432	2.900897E-01	4.222652E-01	3.264114E-01	
433	3.103034E-01	5.035951E-01	3.062535E-01	
434	3.054410E-01	4.372982E-01	2.852626E-01	
435	3.089232E-01	6.074195E-01	2.922162E-01	
436	3.495945E-01	3.707439E-01	2.998773E-01	
437	2.984451E-01	5.432773E-01	3.101321E-01	
438	3.018500E-01	2.864402E-01	3.102731E-01	
439	2.984756E-01	2.143850E-01	3.486701E-01	
440	3.939142E-01	2.203395E-01	2.805814E-01	
441	3.214762E-01	2.953304E-01	2.998652E-01	
442	3.576685E-01	1.478036E-01	2.726935E-01	
443	4.122902E-01	2.196857E-01	2.721190E-01	
444	3.429535E-01	2.198240E-01	2.828010E-01	
445	4.593892E-01	3.566892E-01	2.493580E-01	
446	4.534558E-01	2.053456E-01	2.450973E-01	
447	4.368786E-01	1.976902E-01	3.319631E-01	
448	3.571329E-01	3.222802E-01	2.922393E-01	
449	5.424567E-01	2.637065E-01	2.775751E-01	
450	4.936207E-01	3.422115E-01	2.987911E-01	
451	4.941288E-01	2.461539E-01	2.800233E-01	
452	6.067322E-01	3.840946E-01	2.684767E-01	
453	4.859338E-01	3.591732E-01	2.947151E-01	
454	5.595517E-01	1.424184E-01	3.122158E-01	
455	5.066619E-01	4.181023E-01	3.165508E-01	
456	5.397808E-01	3.093819E-01	2.687734E-01	
457	5.186166E-01	3.778802E-01	2.937053E-01	
458	5.538247E-01	3.356784E-01	3.067478E-01	
459	5.892426E-01	4.889246E-01	2.933707E-01	
460	6.303212E-01	4.726913E-01	3.685000E-01	
461	7.807793E-01	3.032565E-01	2.858118E-01	
462	8.592229E-01	0	2.948169E-01	
463	8.906516E-01	4.974397E-01	3.049615E-01	
464	8.665178E-01	6.448548E-01	3.718986E-01	
465	8.512985E-01	5.479492E-01	2.400312E-01	
466	9.013235E-01	3.701787E-01	2.978922E-01	
467	0	0	3.138689E-01	
468	0	0	2.852614E-01	
469	0	0	3.121189E-01	
470	0	0	3.134352E-01	
471	9.011648E-01	2.854058E-01	3.139277E-01	
472	9.258810E-01	0	3.430599E-01	
473	9.175154E-01	0	3.687617E-01	
474	0	0	2.907024E-01	
475	0	0	2.731965E-01	
476	0	3.682775E-01	2.958317E-01	
477	0	0	2.544092E-01	
478	0	6.626590E-01	2.664548E-01	
479	0	0	2.466271E-01	
480	0	0	3.128017E-01	
481	0	2.417205E-01	2.719497E-01	
482	0	0	4.385862E-01	
483	0	0	2.951561E-01	
484	0	0	4.677376E-01	
485	0	0	3.385062E-01	
486	0	0	4.305472E-01	
487	0	0	3.341412E-01	
488	0	0	4.017894E-01	
489	0	0	2.690110E-01	
490	0	0	3.882322E-01	
491	0	0	5.081829E-01	
492	0	0	2.950502E-01	
493	0	0	4.458775E-01	
494	0	0	3.920539E-01	
495	0	0	2.215943E-01	
496	0	0	3.961770E-01	
497	0	0	3.770124E-01	
498	0	0	3.115971E-01	
499	0	4.923468E-01	4.878934E-01	
500	0	0	0	
501	0	0	4.232303E-01	
502	0	0	0	
503	0	0	5.553915E-01	
504	0	0	0	
505	0	0	4.518189E-01	
506	0	0	4.329745E-01	
507	0	0	0	
508	0	0	5.572382E-01	
509	0	0	0	
510	0	0	5.607939E-01	
511	0	0	0	
512	0	0	4.851103E-01	
513	0	0	0	
514	0	0	0	
515	0	0	4.917641E-01	
516	0	0	0	
517	0	0	8.472730E-01	
518	0	0	0	
519	0	0	0	
520	0	0	0	
521	0	0	0	
522	0	0	0	
523	0	0	0	
524	0	0	0	
525	0	0	0	
526	0	0	0	
527	0	0	0	
528	0	0	0	
529	0	0	0	
530	0	0	0	
531	0	0	0	
532	0	0	0	
533	0	0	0	
534	0	0	0	
535	0	0	0	
536	0	0	0	
537	0	0	0	
538	0	0	0	
539	0	0	0	
540	0	0	0	
541	0	0	0	
542	0	0	0	
543	0	0	0	
544	0	0	0	
545	0	0	0	
546	0	0	0	
547	0	0	0	
548	0	0	0	
549	0	0	0	
550	0	0	0	
551	0	0	0	
552	0	0	0	
553	0	0	0	
554	0	0	0	
555	0	0	0	
556	0	0	0	
557	0	0	0	
558	0	0	0	
559	0	0	0	
560	0	0	0	
561	0	0	0	
562	0	0	0	
563	0	0	0	
564	0	0	0	
565	0	0	0	
566	0	0	0	
567	0	0	0	
568	0	0	0	
569	0	0	0	
570	0	0	0	
571	0	0	0	
572	0	0	0	
573	0	0	0	
574	0	0	0	
575	0	0	0	
576	0	0	0	
577	0	0	0	
578	0	0	0	
579	0	0	0	
580	0	0	0	
581	0	0	0	
582	0	0	0	
583	0	0	0	
584	0	0	0	
585	0	0	0	
586	0	0	0	
587	0	0	0	
588	0	0	0	
589	0	0	0	
590	0	0	0	
591	0	0	0	
592	0	0	0	
593	0	0	0	
594	0	0	0	
595	0	0	0	
596	0	0	0	
597	0	0	0	
598	0	0	0	
599	0	0	0	
#NewRun
0	0	0	0	
1	0	0	0	
2	0	0	0	
3	0	0	0	
4	3.237921E-01	3.326015E-01	6.923077E-01	
5	3.241598E-01	3.282770E-01	5.853659E-01	
6	3.535362E-01	3.222459E-01	0	
7	0	0	0	
8	3.320985E-01	3.294777E-01	3.076923E-02	
9	3.444684E-01	3.258269E-01	4.290123E-01	
10	0	0	0	
11	3.314836E-01	3.209270E-01	0	
12	3.364260E-01	3.255865E-01	3.272494E-01	
13	3.306157E-01	3.280864E-01	2.878433E-01	
14	3.347379E-01	3.292884E-01	1.256526E-01	
15	0	0	0	
16	3.309130E-01	3.330803E-01	3.016249E-01	
17	3.364522E-01	3.326947E-01	1.968558E-01	
18	3.317471E-01	3.345191E-01	4.256389E-01	
19	3.345127E-01	3.319150E-01	5.555556E-03	
20	3.346930E-01	3.349639E-01	3.438736E-01	
21	3.290009E-01	3.334772E-01	2.421439E-01	
22	3.338204E-01	3.356397E-01	3.494324E-01	
23	3.358857E-01	3.330408E-01	3.521803E-01	
24	3.278168E-01	3.315517E-01	2.321660E-01	
25	3.336694E-01	3.362026E-01	2.227295E-01	
26	3.327476E-01	3.300608E-01	2.585140E-01	
27	3.347928E-01	3.332490E-01	6.406613E-01	
28	3.299540E-01	3.332789E-01	3.188418E-01	
29	3.295939E-01	3.328693E-01	4.636670E-01	
30	3.285894E-01	3.352687E-01	2.985158E-01	
31	3.291886E-01	3.319837E-01	2.602023E-01	
32	3.284917E-01	3.345473E-01	3.450755E-01	
33	3.281601E-01	3.327735E-01	4.081315E-01	
34	3.259567E-01	3.323356E-01	2.052044E-01	
35	3.286911E-01	3.335493E-01	4.810616E-01	
36	3.278511E-01	3.311537E-01	2.610533E-01	
37	3.261499E-01	3.310022E-01	4.593033E-01	
38	3.273957E-01	3.290804E-01	3.362195E-01	
39	3.270652E-01	3.305471E-01	2.989803E-01	
40	3.293818E-01	3.313012E-01	2.694059E-01	
41	3.255791E-01	3.287577E-01	3.070764E-01	
42	3.231657E-01	3.292497E-01	4.215110E-01	
43	3.262084E-01	3.273833E-01	5.114533E-01	
44	3.247503E-01	3.270640E-01	4.359171E-01	
45	3.222739E-01	3.243349E-01	3.531925E-01	
46	3.238186E-01	3.245441E-01	4.592243E-01	
47	3.265249E-01	3.260655E-01	2.560416E-01	
48	3.202348E-01	3.264813E-01	3.250488E-01	
49	3.215824E-01	3.254365E-01	5.810836E-01	
50	3.190503E-01	3.241806E-01	4.006405E-01	
51	3.226813E-01	3.239290E-01	4.289833E-01	
52	3.187531E-01	3.203878E-01	3.272745E-01	
53	3.198723E-01	3.216100E-01	3.471983E-01	
54	3.212443E-01	3.182152E-01	3.706181E-01	
55	3.197396E-01	3.195570E-01	3.419639E-01	
56	3.180786E-01	3.177248E-01	2.822640E-01	
57	3.176365E-01	3.173927E-01	2.911926E-01	
58	3.176142E-01	3.161267E-01	4.035952E-01	
59	3.180133E-01	3.138467E-01	3.343840E-01	
60	3.162013E-01	3.144209E-01	3.282583E-01	
61	3.142548E-01	3.131547E-01	3.416034E-01	
62	3.140127E-01	3.106819E-01	3.540462E-01	
63	3.129641E-01	3.101347E-01	3.447878E-01	
64	3.115301E-01	3.084108E-01	3.129107E-01	
65	3.097221E-01	3.072421E-01	3.850887E-01	
66	3.095863E-01	3.051802E-01	2.989773E-01	
67	3.105192E-01	3.059788E-01	3.788805E-01	
68	3.073595E-01	3.033490E-01	3.496929E-01	
69	3.072140E-01	3.035838E-01	2.948941E-01	
70	3.060208E-01	3.023800E-01	3.931986E-01	
71	3.051218E-01	3.013712E-01	3.580632E-01	
72	3.028832E-01	3.003881E-01	2.900330E-01	
73	3.023286E-01	3.000680E-01	3.206535E-01	
74	3.014083E-01	2.981808E-01	3.415558E-01	
75	3.022744E-01	2.986233E-01	2.794666E-01	
76	3.001497E-01	2.972560E-01	2.977837E-01	
77	2.997963E-01	2.975253E-01	2.948618E-01	
78	2.983356E-01	2.964577E-01	3.158401E-01	
79	2.987779E-01	2.956387E-01	3.716663E-01	
80	2.968236E-01	2.948850E-01	3.340574E-01	
81	2.964647E-01	2.932765E-01	3.413720E-01	
82	2.970379E-01	2.948177E-01	3.417779E-01	
83	2.964775E-01	2.954321E-01	3.327697E-01	
84	2.945550E-01	2.941255E-01	2.915341E-01	
85	2.962648E-01	2.963616E-01	3.037037E-01	
86	2.967332E-01	2.967210E-01	3.160094E-01	
87	2.962759E-01	2.960305E-01	3.413615E-01	
88	2.950964E-01	2.974646E-01	2.959149E-01	
89	2.978190E-01	2.977483E-01	3.180686E-01	
90	2.976929E-01	2.986299E-01	2.965963E-01	
91	2.982869E-01	2.979974E-01	3.362899E-01	
92	2.970813E-01	2.989644E-01	2.721427E-01	
93	2.981623E-01	2.993325E-01	2.875892E-01	
94	2.997605E-01	3.010911E-01	2.698390E-01	
95	3.005745E-01	3.017064E-01	3.395465E-01	
96	3.010456E-01	3.025705E-01	3.276029E-01	
97	3.028925E-01	3.056481E-01	3.032783E-01	
98	3.044281E-01	3.061030E-01	3.160129E-01	
99	3.066821E-01	3.078125E-01	3.162855E-01	
100	3.069294E-01	3.092818E-01	2.681857E-01	
101	3.105701E-01	3.121638E-01	2.956831E-01	
102	3.098893E-01	3.140005E-01	2.710830E-01	
103	3.144104E-01	3.154505E-01	2.567797E-01	
104	3.164810E-01	3.190878E-01	2.514774E-01	
105	3.190931E-01	3.203295E-01	2.800154E-01	
106	3.211815E-01	3.242113E-01	2.896591E-01	
107	3.233934E-01	3.271939E-01	2.373273E-01	
108	3.259266E-01	3.295641E-01	2.834626E-01	
109	3.292235E-01	3.320062E-01	3.141998E-01	
110	3.337959E-01	3.367218E-01	2.999193E-01	
111	3.362552E-01	3.403852E-01	2.743921E-01	
112	3.396686E-01	3.434340E-01	2.701836E-01	
113	3.424941E-01	3.485830E-01	2.691225E-01	
114	3.459349E-01	3.520594E-01	2.700428E-01	
115	3.491079E-01	3.551687E-01	2.811907E-01	
116	3.530495E-01	3.589569E-01	2.763753E-01	
117	3.585105E-01	3.629531E-01	2.961146E-01	
118	3.611015E-01	3.698492E-01	2.655901E-01	
119	3.674898E-01	3.720570E-01	2.565682E-01	
120	3.686992E-01	3.776520E-01	2.828434E-01	
121	3.742996E-01	3.822208E-01	3.028793E-01	
122	3.789348E-01	3.842190E-01	2.791056E-01	
123	3.826773E-01	3.884791E-01	2.722055E-01	
124	3.867543E-01	3.937444E-01	2.545965E-01	
125	3.900627E-01	3.986329E-01	2.951271E-01	
126	3.945528E-01	4.043720E-01	2.759405E-01	
127	3.984298E-01	4.064672E-01	2.900450E-01	
128	4.028156E-01	4.113951E-01	2.631554E-01	
129	4.087258E-01	4.172369E-01	2.826694E-01	
130	4.115874E-01	4.226332E-01	3.400485E-01	
131	4.174849E-01	4.267254E-01	2.890366E-01	
132	4.220736E-01	4.336594E-01	3.005149E-01	
133	4.251384E-01	4.395648E-01	2.938567E-01	
134	4.324965E-01	4.421222E-01	2.797025E-01	
135	4.349218E-01	4.508562E-01	2.802175E-01	
136	4.426537E-01	4.550120E-01	3.055525E-01	
137	4.460733E-01	4.577286E-01	2.796970E-01	
138	4.518356E-01	4.638398E-01	3.250419E-01	
139	4.566407E-01	4.668565E-01	3.134464E-01	
140	4.628681E-01	4.760418E-01	3.283519E-01	
141	4.704842E-01	4.800668E-01	3.087952E-01	
142	4.774178E-01	4.856520E-01	3.090698E-01	
143	4.793713E-01	4.888057E-01	3.266306E-01	
144	4.882316E-01	4.992751E-01	3.347533E-01	
145	4.935452E-01	5.006426E-01	3.182373E-01	
146	4.971161E-01	5.050408E-01	3.098470E-01	
147	5.048129E-01	5.124603E-01	3.521716E-01	
148	5.096518E-01	5.164641E-01	3.417749E-01	
149	5.152066E-01	5.212854E-01	3.330767E-01	
150	5.223642E-01	5.288225E-01	3.418730E-01	
151	5.207186E-01	5.313258E-01	3.130299E-01	
152	5.307755E-01	5.406293E-01	3.402849E-01	
153	5.404171E-01	5.431425E-01	3.319308E-01	
154	5.459529E-01	5.474595E-01	3.566484E-01	
155	5.510900E-01	5.534798E-01	3.354597E-01	
156	5.572014E-01	5.589493E-01	3.556545E-01	
157	5.597888E-01	5.657964E-01	3.358633E-01	
158	5.712753E-01	5.682357E-01	3.524326E-01	
159	5.729886E-01	5.781048E-01	3.575284E-01	
160	5.737868E-01	5.818003E-01	3.669744E-01	
161	5.859993E-01	5.921586E-01	3.358901E-01	
162	5.879568E-01	5.925473E-01	3.636741E-01	
163	5.965130E-01	6.022686E-01	3.562619E-01	
164	6.019008E-01	6.060470E-01	3.586520E-01	
165	6.086389E-01	6.143917E-01	3.453281E-01	
166	6.127187E-01	6.188639E-01	3.510552E-01	
167	6.176622E-01	6.222155E-01	3.584559E-01	
168	6.231608E-01	6.260417E-01	3.433148E-01	
169	6.259253E-01	6.379316E-01	3.737924E-01	
170	6.358632E-01	6.429790E-01	3.780685E-01	
171	6.360230E-01	6.495756E-01	3.786021E-01	
172	6.440751E-01	6.505291E-01	3.526901E-01	
173	6.431826E-01	6.593395E-01	3.584567E-01	
174	6.552519E-01	6.534212E-01	3.444801E-01	
175	6.557149E-01	6.645132E-01	3.591485E-01	
176	6.563992E-01	6.745704E-01	3.749411E-01	
177	6.681677E-01	6.713643E-01	3.633724E-01	
178	6.720420E-01	6.846800E-01	3.682667E-01	
179	6.744160E-01	6.815024E-01	3.489298E-01	
180	6.799473E-01	6.895706E-01	3.449163E-01	
181	6.909338E-01	6.949242E-01	3.648273E-01	
182	6.896661E-01	7.145512E-01	3.777493E-01	
183	6.984374E-01	7.040868E-01	3.721861E-01	
184	7.007005E-01	6.968829E-01	3.735168E-01	
185	7.140509E-01	7.149107E-01	3.598349E-01	
186	7.210594E-01	7.072150E-01	3.640974E-01	
187	7.154883E-01	7.235497E-01	3.481339E-01	
188	7.198290E-01	7.135310E-01	3.582022E-01	
189	7.228104E-01	7.190481E-01	3.567197E-01	
190	7.265290E-01	7.179876E-01	3.585550E-01	
191	7.282264E-01	7.231371E-01	3.527822E-01	
192	7.341854E-01	7.310273E-01	3.498668E-01	
193	7.352885E-01	7.422860E-01	3.466099E-01	
194	7.509081E-01	7.266609E-01	3.736106E-01	
195	7.369244E-01	7.523985E-01	3.476544E-01	
196	7.582576E-01	7.325167E-01	3.373103E-01	
197	7.492458E-01	7.390993E-01	3.494611E-01	
198	7.465968E-01	7.452272E-01	3.368912E-01	
199	7.726823E-01	7.347873E-01	3.635160E-01	
200	7.600132E-01	7.213610E-01	3.509394E-01	
201	7.661952E-01	7.212108E-01	3.416276E-01	
202	7.743502E-01	7.255494E-01	3.622914E-01	
203	7.708487E-01	7.291811E-01	3.510313E-01	
204	7.741338E-01	7.145034E-01	3.527309E-01	
205	7.785417E-01	7.146387E-01	3.306402E-01	
206	7.517942E-01	7.036109E-01	3.457092E-01	
207	7.871326E-01	6.907709E-01	3.390928E-01	
208	8.004507E-01	6.488767E-01	3.716857E-01	
209	7.974355E-01	7.201710E-01	3.716466E-01	
210	7.822223E-01	7.109353E-01	3.620345E-01	
211	8.004438E-01	7.041276E-01	3.248734E-01	
212	8.128896E-01	6.927811E-01	3.296277E-01	
213	8.246174E-01	6.708739E-01	3.328307E-01	
214	8.208709E-01	6.669904E-01	3.398752E-01	
215	8.097771E-01	7.127826E-01	3.270463E-01	
216	8.216919E-01	6.798787E-01	3.484926E-01	
217	8.249761E-01	7.088758E-01	3.123078E-01	
218	8.305395E-01	6.569412E-01	3.330397E-01	
219	7.939056E-01	7.012527E-01	3.413823E-01	
220	8.249786E-01	6.644355E-01	3.484996E-01	
221	8.130367E-01	6.761115E-01	3.520860E-01	
222	7.888948E-01	6.503021E-01	3.210321E-01	
223	8.035196E-01	6.630527E-01	3.476229E-01	
224	7.770382E-01	6.171016E-01	3.402402E-01	
225	8.189731E-01	6.487879E-01	3.371090E-01	
226	7.673131E-01	6.926975E-01	3.206186E-01	
227	8.060786E-01	6.604689E-01	3.468825E-01	
228	8.384430E-01	6.602935E-01	3.462414E-01	
229	7.500894E-01	6.936775E-01	3.459256E-01	
230	8.137862E-01	7.047945E-01	3.445603E-01	
231	7.822101E-01	7.197708E-01	3.315676E-01	
232	7.495492E-01	6.751488E-01	3.405256E-01	
233	7.801798E-01	6.981295E-01	3.443635E-01	
234	8.059774E-01	7.127108E-01	3.412698E-01	
235	7.393369E-01	7.225767E-01	3.228880E-01	
236	7.198335E-01	6.616457E-01	3.220184E-01	
237	7.586249E-01	7.504595E-01	3.252325E-01	
238	6.666572E-01	6.464325E-01	3.342902E-01	
239	7.061923E-01	6.638905E-01	3.448911E-01	
240	6.446242E-01	5.896716E-01	3.226869E-01	
241	6.183343E-01	6.399150E-01	3.350202E-01	
242	6.426008E-01	5.736210E-01	3.237885E-01	
243	4.861059E-01	6.347594E-01	3.278258E-01	
244	5.325920E-01	4.275235E-01	3.358086E-01	
245	6.242809E-01	5.052823E-01	3.324572E-01	
246	4.584529E-01	4.991878E-01	3.209505E-01	
247	5.282884E-01	4.458892E-01	3.253272E-01	
248	5.037204E-01	4.340813E-01	3.314127E-01	
249	5.401080E-01	4.851012E-01	3.241588E-01	
250	6.044527E-01	4.377349E-01	3.280144E-01	
251	4.142109E-01	4.927224E-01	3.174496E-01	
252	4.634372E-01	4.413687E-01	3.274790E-01	
253	7.747902E-01	4.089533E-01	3.323884E-01	
254	4.725856E-01	5.281858E-01	3.128336E-01	
255	6.022528E-01	4.723953E-01	3.107927E-01	
256	4.450731E-01	4.677640E-01	3.296403E-01	
257	4.424982E-01	4.071268E-01	3.272941E-01	
258	6.365636E-01	3.727380E-01	3.176129E-01	
259	4.485135E-01	4.242541E-01	3.263090E-01	
260	5.077288E-01	4.043577E-01	3.120400E-01	
261	4.754849E-01	3.617554E-01	3.187710E-01	
262	4.009645E-01	4.485760E-01	3.201456E-01	
263	4.707711E-01	4.515592E-01	3.177612E-01	
264	4.956387E-01	3.774921E-01	3.216918E-01	
265	3.275965E-01	3.740220E-01	3.084390E-01	
266	3.776686E-01	3.377699E-01	3.204516E-01	
267	3.774336E-01	3.419794E-01	2.892491E-01	
268	3.616968E-01	3.270586E-01	3.211539E-01	
269	4.186046E-01	2.882547E-01	3.168320E-01	
270	2.898477E-01	2.882044E-01	3.022219E-01	
271	3.996429E-01	2.565603E-01	3.139193E-01	
272	3.186131E-01	2.718024E-01	3.125933E-01	
273	3.279126E-01	2.302078E-01	3.141797E-01	
274	3.192033E-01	2.978531E-01	3.033565E-01	
275	3.184352E-01	2.582618E-01	3.099294E-01	
276	3.007615E-01	2.809556E-01	3.145278E-01	
277	3.494135E-01	2.518973E-01	2.931880E-01	
278	3.338080E-01	3.143165E-01	3.162547E-01	
279	3.271265E-01	2.494681E-01	3.014779E-01	
280	2.412823E-01	2.559452E-01	3.073332E-01	
281	2.799118E-01	2.776133E-01	3.020555E-01	
282	2.712574E-01	3.314302E-01	2.993394E-01	
283	2.862638E-01	2.646720E-01	2.894252E-01	
284	2.488626E-01	2.806894E-01	3.104221E-01	
285	2.584245E-01	2.509848E-01	2.793237E-01	
286	2.095365E-01	2.608019E-01	2.986284E-01	
287	2.792766E-01	2.195464E-01	3.026056E-01	
288	3.235099E-01	2.243028E-01	2.920979E-01	
289	2.667965E-01	2.837502E-01	3.002677E-01	
290	2.956607E-01	2.616173E-01	3.038608E-01	
291	3.285349E-01	2.784228E-01	2.934105E-01	
292	3.905953E-01	2.755439E-01	2.829722E-01	
293	2.717885E-01	2.671639E-01	2.879973E-01	
294	1.880416E-01	2.614900E-01	2.924447E-01	
295	2.741851E-01	3.111479E-01	3.079453E-01	
296	2.429579E-01	2.543347E-01	2.954713E-01	
297	2.529514E-01	2.190808E-01	2.855694E-01	
298	2.851467E-01	2.654540E-01	2.847523E-01	
299	2.543080E-01	2.158765E-01	2.857414E-01	
300	2.365063E-01	3.296343E-01	2.829226E-01	
301	2.438635E-01	2.138018E-01	2.763745E-01	
302	2.747236E-01	2.400321E-01	2.805119E-01	
303	2.462500E-01	2.499403E-01	2.899396E-01	
304	3.764179E-01	2.259626E-01	2.757592E-01	
305	2.935679E-01	2.490851E-01	2.967872E-01	
306	2.934283E-01	1.999284E-01	2.947827E-01	
307	3.347324E-01	2.119154E-01	2.791148E-01	
308	4.168558E-01	2.134693E-01	2.913241E-01	
309	3.963008E-01	3.107261E-01	3.038479E-01	
310	4.007337E-01	2.830697E-01	3.054781E-01	
311	3.899993E-01	2.687803E-01	2.778543E-01	
312	4.896096E-01	3.192344E-01	2.878297E-01	
313	4.020157E-01	2.319939E-01	2.737411E-01	
314	3.552315E-01	3.338125E-01	2.842055E-01	
315	3.289563E-01	2.713083E-01	2.927796E-01	
316	3.645436E-01	4.026393E-01	2.882050E-01	
317	3.004982E-01	3.256092E-01	2.815349E-01	
318	4.889711E-01	3.295041E-01	2.927429E-01	
319	3.045676E-01	3.230796E-01	2.931935E-01	
320	3.595843E-01	3.302017E-01	2.995885E-01	
321	3.719186E-01	3.210121E-01	2.981641E-01	
322	3.253117E-01	3.527209E-01	2.877236E-01	
323	3.885878E-01	3.530999E-01	3.010087E-01	
324	3.514666E-01	3.320435E-01	2.859544E-01	
325	3.147992E-01	3.246557E-01	2.887314E-01	
326	3.769946E-01	2.592706E-01	3.071856E-01	
327	3.403787E-01	3.060313E-01	2.782530E-01	
328	3.357580E-01	3.140684E-01	2.846634E-01	
329	3.399604E-01	2.512206E-01	3.015516E-01	
330	4.572114E-01	2.649515E-01	2.852518E-01	
331	3.047393E-01	2.922839E-01	2.805444E-01	
332	3.737504E-01	2.694190E-01	2.788689E-01	
333	2.534037E-01	2.882901E-01	2.937281E-01	
334	3.491680E-01	2.967901E-01	2.969177E-01	
335	2.852237E-01	3.218334E-01	2.861218E-01	
336	4.082661E-01	2.652820E-01	2.865619E-01	
337	3.531965E-01	3.101314E-01	2.872195E-01	
338	3.784533E-01	2.710152E-01	3.020055E-01	
339	3.372781E-01	2.969840E-01	2.827353E-01	
340	3.254151E-01	2.931681E-01	2.859224E-01	
341	3.717624E-01	2.964836E-01	2.801423E-01	
342	3.032251E-01	2.614022E-01	2.812979E-01	
343	3.825767E-01	2.497654E-01	2.911885E-01	
344	4.038038E-01	2.426666E-01	2.857232E-01	
345	4.119983E-01	1.768794E-01	2.818024E-01	
346	3.073301E-01	1.727843E-01	2.940718E-01	
347	4.291280E-01	1.824183E-01	2.989505E-01	
348	3.018898E-01	2.272487E-01	2.797679E-01	
349	3.719517E-01	2.424817E-01	2.698321E-01	
350	3.908744E-01	1.873900E-01	2.995412E-01	
351	3.349649E-01	2.409803E-01	2.947844E-01	
352	3.726866E-01	2.332163E-01	2.799867E-01	
353	2.782973E-01	1.703029E-01	3.075724E-01	
354	3.031037E-01	2.005465E-01	2.847907E-01	
355	3.785107E-01	2.411569E-01	2.899291E-01	
356	2.756023E-01	2.358564E-01	2.921211E-01	
357	3.747129E-01	2.092081E-01	3.033889E-01	
358	2.828023E-01	2.450398E-01	2.979087E-01	
359	2.203618E-01	2.903449E-01	2.849639E-01	
360	2.961499E-01	3.006627E-01	2.811018E-01	
361	2.730840E-01	2.700121E-01	2.896886E-01	
362	3.225889E-01	2.661566E-01	2.912654E-01	
363	2.689748E-01	2.934630E-01	2.926573E-01	
364	2.472134E-01	2.196100E-01	2.856354E-01	
365	2.733969E-01	3.049054E-01	2.957580E-01	
366	2.602383E-01	3.237254E-01	2.905055E-01	
367	2.847659E-01	2.786097E-01	2.592826E-01	
368	2.137951E-01	2.286707E-01	2.653128E-01	
369	1.913701E-01	2.204319E-01	2.896921E-01	
370	1.590070E-01	2.651974E-01	2.984482E-01	
371	2.063927E-01	3.063894E-01	2.738444E-01	
372	2.051853E-01	1.980218E-01	2.952782E-01	
373	2.834441E-01	1.626937E-01	2.782181E-01	
374	1.722628E-01	2.604695E-01	2.881483E-01	
375	3.664951E-01	1.996186E-01	2.700330E-01	
376	2.890552E-01	2.314789E-01	2.850156E-01	
377	2.768724E-01	1.939538E-01	2.817388E-01	
378	2.293572E-01	2.267569E-01	2.883631E-01	
379	2.191023E-01	1.580194E-01	2.740119E-01	
380	1.952047E-01	1.683160E-01	2.833825E-01	
381	2.286211E-01	1.396995E-01	2.820678E-01	
382	2.638120E-01	1.931379E-01	2.709205E-01	
383	2.065616E-01	1.721132E-01	2.905283E-01	
384	3.380934E-01	2.010326E-01	2.721249E-01	
385	1.901717E-01	1.755799E-01	2.600252E-01	
386	3.202809E-01	1.758861E-01	2.855007E-01	
387	3.548471E-01	1.992407E-01	2.897670E-01	
388	2.674397E-01	1.335741E-01	2.600476E-01	
389	2.681332E-01	1.912018E-01	2.776595E-01	
390	3.617668E-01	1.777578E-01	2.753849E-01	
391	2.068762E-01	2.493920E-01	2.758927E-01	
392	2.803463E-01	2.848755E-01	2.893829E-01	
393	2.310386E-01	2.381334E-01	2.871088E-01	
394	2.189094E-01	2.401505E-01	2.894064E-01	
395	2.694434E-01	2.910254E-01	2.702251E-01	
396	3.770136E-01	3.005857E-01	2.737055E-01	
397	3.065761E-01	2.628984E-01	2.870268E-01	
398	4.127957E-01	2.782559E-01	2.707682E-01	
399	1.809078E-01	2.963326E-01	2.639330E-01	
400	3.255745E-01	2.686175E-01	2.879169E-01	
401	5.388855E-01	3.291205E-01	2.968932E-01	
402	2.978321E-01	3.164398E-01	2.974540E-01	
403	3.586709E-01	2.570697E-01	2.907045E-01	
404	6.119773E-01	3.243485E-01	2.822665E-01	
405	4.995601E-01	3.093181E-01	2.803013E-01	
406	4.763782E-01	2.173319E-01	2.803009E-01	
407	7.259552E-02	3.403229E-01	2.958881E-01	
408	4.139338E-01	2.184940E-01	2.793576E-01	
409	3.125780E-01	3.304329E-01	2.905188E-01	
410	1.925051E-01	3.011199E-01	2.798383E-01	
411	4.604011E-01	2.887506E-01	3.076675E-01	
412	4.239278E-01	2.157242E-01	3.022446E-01	
413	3.567609E-01	2.049898E-01	2.905610E-01	
414	4.223052E-01	3.220829E-01	2.762341E-01	
415	3.413835E-01	5.278228E-01	2.861922E-01	
416	3.046440E-01	3.352304E-01	2.738857E-01	
417	3.807824E-01	4.168095E-01	3.189050E-01	
418	3.611913E-01	2.274235E-01	2.723691E-01	
419	3.489780E-01	3.410102E-01	3.049443E-01	
420	4.360086E-01	2.795032E-01	2.882433E-01	
421	2.459266E-01	3.307994E-01	2.834778E-01	
422	3.391340E-01	1.853131E-01	3.030505E-01	
423	2.990197E-01	2.510314E-01	3.057302E-01	
424	3.009340E-01	1.777898E-01	3.085370E-01	
425	2.295108E-01	1.942812E-01	2.932916E-01	
426	2.994404E-01	2.856526E-01	2.848890E-01	
427	2.949606E-01	1.674967E-01	2.822283E-01	
428	1.748532E-01	1.561934E-01	2.981019E-01	
429	1.847505E-01	2.285662E-01	2.389410E-01	
430	1.580824E-01	1.276941E-01	3.034607E-01	
431	1.777524E-01	1.998841E-01	2.761346E-01	
432	1.175068E-01	1.771825E-01	2.997155E-01	
433	1.446341E-01	1.888326E-01	2.812249E-01	
434	1.431581E-01	1.721547E-01	2.875836E-01	
435	7.585597E-02	1.833080E-01	2.670862E-01	
436	8.909748E-02	2.704565E-01	2.941075E-01	
437	2.132052E-01	1.798733E-01	3.113788E-01	
438	1.393994E-01	2.658076E-01	2.896063E-01	
439	3.394803E-01	2.361711E-01	2.812467E-01	
440	1.121410E-01	1.838525E-01	2.876754E-01	
441	2.924759E-01	2.353080E-01	2.544539E-01	
442	1.833273E-01	2.850378E-01	2.859718E-01	
443	3.245188E-01	3.159227E-01	2.854894E-01	
444	1.630517E-01	2.824415E-01	3.051602E-01	
445	2.850653E-01	1.998510E-01	3.098773E-01	
446	2.475902E-01	2.914265E-01	2.757882E-01	
447	2.474406E-01	1.510771E-01	2.715801E-01	
448	2.685982E-01	3.671122E-01	3.135342E-01	
449	2.057587E-01	3.103095E-01	2.976466E-01	
450	2.520558E-01	0	2.743388E-01	
451	2.215578E-01	4.724069E-01	2.891542E-01	
452	2.090133E-01	0	2.908495E-01	
453	1.591617E-01	3.166962E-01	3.154759E-01	
454	2.718482E-01	0	3.019083E-01	
455	1.012124E-01	3.538931E-01	2.794584E-01	
456	3.233925E-01	2.526164E-01	2.893082E-01	
457	1.956256E-01	2.808077E-01	2.937601E-01	
458	3.208405E-01	0	2.957277E-01	
459	2.580532E-01	0	3.200723E-01	
460	2.534494E-01	0	2.771018E-01	
461	4.273758E-01	0	2.823590E-01	
462	3.453180E-01	0	3.211568E-01	
463	4.522152E-01	7.052573E-01	3.118617E-01	
464	3.196326E-01	5.382116E-02	2.990712E-01	
465	4.412230E-01	0	3.589916E-01	
466	4.634800E-01	0	3.365292E-01	
467	6.195384E-01	0	2.330797E-01	
468	6.765351E-01	0	2.891954E-01	
469	5.651430E-01	3.845655E-01	3.128518E-01	
470	8.759368E-01	0	3.712017E-01	
471	5.435985E-01	8.716497E-01	3.288648E-01	
472	8.246986E-01	0	3.628837E-01	
473	6.750344E-01	0	2.909411E-01	
474	8.096027E-01	0	3.703080E-01	
475	7.306507E-01	0	2.648411E-01	
476	5.236115E-01	9.716292E-01	2.782451E-01	
477	8.377298E-01	0	3.547352E-01	
478	6.612866E-01	8.055737E-02	2.810090E-01	
479	0	0	4.518451E-01	
480	6.754418E-01	0	3.052111E-01	
481	9.938336E-01	6.171512E-01	3.072339E-01	
482	0	1.251562E-01	3.078837E-01	
483	0	0	3.820857E-01	
484	0	0	5.882053E-01	
485	0	0	3.264870E-01	
486	0	0	3.853192E-01	
487	0	0	3.588922E-01	
488	0	0	3.921123E-01	
489	0	0	3.486636E-01	
490	0	0	4.168146E-01	
491	0	0	4.654011E-01	
492	0	4.893310E-01	4.131180E-01	
493	0	0	8.256018E-01	
494	0	1.384888E-01	3.923260E-01	
495	0	0	6.599915E-01	
496	0	0	3.782980E-01	
497	0	0	6.652625E-01	
498	0	0	3.013473E-01	
499	0	0	3.889082E-01	
500	0	0	0	
501	0	0	5.406682E-01	
502	0	0	0	
503	0	0	3.994351E-01	
504	0	0	0	
505	0	0	4.053802E-01	
506	0	0	6.424495E-01	
507	0	0	0	
508	0	0	3.140918E-01	
509	0	0	0	
510	0	0	5.222102E-01	
511	0	0	0	
512	0	0	7.459137E-01	
513	0	0	0	
514	0	0	0	
515	0	0	0	
516	0	0	0	
517	0	0	0	
518	0	0	0	
519	0	0	0	
520	0	0	0	
521	0	0	0	
522	0	0	0	
523	0	0	0	
524	0	0	0	
525	0	0	0	
526	0	0	0	
527	0	0	0	
528	0	0	0	
529	0	0	0	
530	0	0	0	
531	0	0	0	
532	0	0	0	
533	0	0	0	
534	0	0	0	
535	0	0	0	
536	0	0	0	
537	0	0	0	
538	0	0	0	
539	0	0	0	
540	0	0	0	
541	0	0	0	
542	0	0	0	
543	0	0	0	
544	0	0	0	
545	0	0	0	
546	0	0	0	
547	0	0	0	
548	0	0	0	
549	0	0	0	
550	0	0	0	
551	0	0	0	
552	0	0	0	
553	0	0	0	
554	0	0	0	
555	0	0	0	
556	0	0	0	
557	0	0	0	
558	0	0	0	
559	0	0	0	
560	0	0	0	
561	0	0	0	
562	0	0	0	
563	0	0	0	
564	0	0	0	
565	0	0	0	
566	0	0	0	
567	0	0	0	
568	0	0	0	
569	0	0	0	
570	0	0	0	
571	0	0	0	
572	0	0	0	
573	0	0	0	
574	0	0	0	
575	0	0	0	
576	0	0	0	
577	0	0	0	
578	0	0	0	
579	0	0	0	
580	0	0	0	
581	0	0	0	
582	0	0	0	
583	0	0	0	
584	0	0	0	
585	0	0	0	
586	0	0	0	
587	0	0	0	
588	0	0	0	
589	0	0	0	
590	0	0	0	
591	0	0	0	
592	0	0	0	
593	0	0	0	
594	0	0	0	
595	0	0	0	
596	0	0	0	
597	0	0	0	
598	0	0	0	
599	0	0	0	
#NewRun
0	0	0	0	
1	0	0	0	
2	0	0	0	
3	0	0	0	
4	3.293619E-01	3.212983E-01	0	
5	3.413789E-01	3.256230E-01	0	
6	3.230070E-01	3.410805E-01	0	
7	0	0	0	
8	3.301859E-01	3.409064E-01	1.893799E-01	
9	3.329351E-01	3.376860E-01	2.173913E-02	
10	0	0	0	
11	3.222538E-01	3.329204E-01	0	
12	3.276226E-01	3.395659E-01	4.295742E-01	
13	3.316713E-01	3.318169E-01	0	
14	3.318323E-01	3.410805E-01	4.860272E-01	
15	0	0	0	
16	3.296454E-01	3.329287E-01	6.620226E-02	
17	3.322186E-01	3.340984E-01	7.075816E-01	
18	3.366728E-01	3.396008E-01	4.737525E-01	
19	3.395078E-01	3.426372E-01	0	
20	3.318024E-01	3.357052E-01	3.654619E-01	
21	3.306218E-01	3.371493E-01	2.387935E-01	
22	3.302892E-01	3.366758E-01	4.346597E-01	
23	3.307610E-01	3.361390E-01	5.582045E-01	
24	3.305070E-01	3.316346E-01	4.725015E-01	
25	3.303908E-01	3.353208E-01	3.678298E-01	
26	3.294113E-01	3.339407E-01	3.458551E-01	
27	3.316033E-01	3.354078E-01	2.449905E-01	
28	3.275762E-01	3.302903E-01	2.718119E-01	
29	3.303154E-01	3.331280E-01	4.830610E-01	
30	3.294151E-01	3.330164E-01	4.116769E-01	
31	3.290249E-01	3.310600E-01	3.775051E-01	
32	3.251407E-01	3.321520E-01	5.788070E-01	
33	3.264728E-01	3.302915E-01	3.366521E-01	
34	3.247306E-01	3.287296E-01	2.325716E-01	
35	3.281047E-01	3.258709E-01	5.749380E-01	
36	3.276210E-01	3.305399E-01	3.900805E-01	
37	3.232582E-01	3.285495E-01	3.062374E-01	
38	3.241515E-01	3.270867E-01	4.180574E-01	
39	3.215636E-01	3.245343E-01	4.035994E-01	
40	3.268355E-01	3.275487E-01	3.053373E-01	
41	3.254284E-01	3.260865E-01	4.220097E-01	
42	3.239502E-01	3.279433E-01	3.085081E-01	
43	3.236264E-01	3.267943E-01	5.356530E-01	
44	3.230909E-01	3.240669E-01	3.214809E-01	
45	3.221162E-01	3.248598E-01	3.763569E-01	
46	3.213890E-01	3.239383E-01	4.620863E-01	
47	3.214015E-01	3.250076E-01	3.402294E-01	
48	3.205645E-01	3.233442E-01	4.121321E-01	
49	3.208907E-01	3.240729E-01	3.039637E-01	
50	3.214089E-01	3.228300E-01	3.309178E-01	
51	3.180821E-01	3.200723E-01	4.578890E-01	
52	3.184532E-01	3.196305E-01	3.553603E-01	
53	3.195269E-01	3.187765E-01	2.951391E-01	
54	3.173247E-01	3.156775E-01	2.766881E-01	
55	3.158478E-01	3.183986E-01	3.932364E-01	
56	3.143645E-01	3.138194E-01	4.359741E-01	
57	3.162043E-01	3.142993E-01	3.316888E-01	
58	3.130450E-01	3.128636E-01	2.340506E-01	
59	3.149015E-01	3.125452E-01	3.460885E-01	
60	3.141366E-01	3.125305E-01	2.588354E-01	
61	3.137020E-01	3.119809E-01	3.142852E-01	
62	3.118565E-01	3.104612E-01	3.888977E-01	
63	3.123330E-01	3.103731E-01	2.916532E-01	
64	3.102084E-01	3.081639E-01	3.410193E-01	
65	3.101639E-01	3.099580E-01	3.565065E-01	
66	3.085189E-01	3.090773E-01	2.692338E-01	
67	3.087650E-01	3.077074E-01	2.026186E-01	
68	3.084827E-01	3.071302E-01	3.278905E-01	
69	3.061976E-01	3.072776E-01	3.849964E-01	
70	3.068568E-01	3.065517E-01	3.373406E-01	
71	3.054337E-01	3.073441E-01	3.791925E-01	
72	3.047992E-01	3.032584E-01	3.045212E-01	
73	3.037002E-01	3.050032E-01	3.493105E-01	
74	3.032469E-01	3.041274E-01	3.481025E-01	
75	3.038095E-01	3.031901E-01	3.307984E-01	
76	3.029644E-01	3.023636E-01	3.334701E-01	
77	3.023206E-01	3.027540E-01	3.140986E-01	
78	3.021521E-01	3.018473E-01	3.029285E-01	
79	3.022749E-01	3.010521E-01	3.288334E-01	
80	3.000153E-01	3.005197E-01	3.291506E-01	
81	3.013145E-01	3.013405E-01	3.253205E-01	
82	3.007881E-01	3.007728E-01	3.118821E-01	
83	2.990375E-01	3.001978E-01	4.090527E-01	
84	2.994645E-01	3.006286E-01	3.145748E-01	
85	2.986909E-01	3.014311E-01	3.347936E-01	
86	3.007563E-01	3.013632E-01	2.835866E-01	
87	3.012776E-01	3.018270E-01	3.304787E-01	
88	2.997580E-01	3.020406E-01	3.108435E-01	
89	2.995030E-01	3.042722E-01	3.333564E-01	
90	3.013180E-01	3.043192E-01	3.370646E-01	
91	3.021438E-01	3.052330E-01	3.148448E-01	
92	3.041729E-01	3.035125E-01	2.994547E-01	
93	3.039209E-01	3.053796E-01	3.052198E-01	
94	3.030657E-01	3.067876E-01	3.204351E-01	
95	3.050685E-01	3.073744E-01	3.155781E-01	
96	3.058526E-01	3.088935E-01	3.000530E-01	
97	3.063577E-01	3.093759E-01	3.288580E-01	
98	3.086616E-01	3.117005E-01	3.160695E-01	
99	3.093164E-01	3.139809E-01	2.843762E-01	
100	3.110585E-01	3.135171E-01	3.054777E-01	
101	3.132436E-01	3.167429E-01	2.761060E-01	
102	3.133777E-01	3.185369E-01	3.227221E-01	
103	3.154539E-01	3.199564E-01	2.828840E-01	
104	3.180638E-01	3.211766E-01	2.841154E-01	
105	3.201862E-01	3.237519E-01	2.678912E-01	
106	3.221225E-01	3.264260E-01	3.014923E-01	
107	3.228663E-01	3.294210E-01	2.698940E-01	
108	3.256467E-01	3.306800E-01	3.052875E-01	
109	3.287177E-01	3.327627E-01	2.918706E-01	
110	3.317084E-01	3.362131E-01	3.019504E-01	
111	3.340204E-01	3.386795E-01	2.740750E-01	
112	3.346052E-01	3.406179E-01	2.875610E-01	
113	3.401562E-01	3.438281E-01	2.916114E-01	
114	3.429658E-01	3.478658E-01	2.941289E-01	
115	3.429780E-01	3.508665E-01	2.812260E-01	
116	3.472723E-01	3.516146E-01	2.885453E-01	
117	3.518647E-01	3.565600E-01	2.898604E-01	
118	3.546719E-01	3.598070E-01	2.968074E-01	
119	3.581001E-01	3.650405E-01	2.667070E-01	
120	3.607879E-01	3.668482E-01	2.958525E-01	
121	3.624181E-01	3.715200E-01	2.893285E-01	
122	3.682670E-01	3.756799E-01	2.714533E-01	
123	3.701820E-01	3.781545E-01	2.874443E-01	
124	3.746364E-01	3.812145E-01	2.886051E-01	
125	3.773503E-01	3.865422E-01	3.140042E-01	
126	3.808396E-01	3.894740E-01	2.783784E-01	
127	3.858951E-01	3.949411E-01	2.748877E-01	
128	3.871517E-01	3.974178E-01	2.990642E-01	
129	3.944246E-01	4.037612E-01	3.152271E-01	
130	3.985420E-01	4.069972E-01	3.107316E-01	
131	4.030475E-01	4.132970E-01	2.936640E-01	
132	4.077524E-01	4.167450E-01	3.231778E-01	
133	4.130734E-01	4.205088E-01	3.181922E-01	
134	4.182183E-01	4.262956E-01	3.065609E-01	
135	4.244059E-01	4.293230E-01	2.976208E-01	
136	4.280091E-01	4.343055E-01	3.199300E-01	
137	4.334984E-01	4.382622E-01	2.890838E-01	
138	4.409350E-01	4.433452E-01	3.154698E-01	
139	4.439434E-01	4.451053E-01	3.230976E-01	
140	4.489600E-01	4.537247E-01	3.137180E-01	
141	4.554015E-01	4.565487E-01	3.270449E-01	
142	4.603894E-01	4.601316E-01	3.151187E-01	
143	4.639606E-01	4.689471E-01	3.270281E-01	
144	4.695910E-01	4.716601E-01	3.032958E-01	
145	4.747032E-01	4.772480E-01	3.290288E-01	
146	4.802022E-01	4.817573E-01	3.210476E-01	
147	4.847152E-01	4.820345E-01	3.427391E-01	
148	4.913770E-01	4.907609E-01	3.305762E-01	
149	4.974434E-01	5.004909E-01	3.411958E-01	
150	5.030610E-01	5.009598E-01	3.370605E-01	
151	5.046923E-01	5.067657E-01	3.290193E-01	
152	5.126168E-01	5.140647E-01	3.508348E-01	
153	5.206000E-01	5.181905E-01	3.510236E-01	
154	5.177369E-01	5.239981E-01	3.598804E-01	
155	5.258566E-01	5.290602E-01	3.287827E-01	
156	5.380419E-01	5.386514E-01	3.704351E-01	
157	5.343724E-01	5.402721E-01	3.227496E-01	
158	5.459418E-01	5.513874E-01	3.578113E-01	
159	5.484120E-01	5.505858E-01	3.427572E-01	
160	5.512494E-01	5.586598E-01	3.748348E-01	
161	5.585744E-01	5.647089E-01	3.454567E-01	
162	5.628491E-01	5.669674E-01	3.590812E-01	
163	5.666469E-01	5.771731E-01	3.703344E-01	
164	5.746517E-01	5.856870E-01	3.604896E-01	
165	5.789743E-01	5.856071E-01	3.601400E-01	
166	5.826046E-01	5.906431E-01	3.677034E-01	
167	5.897584E-01	6.031385E-01	3.674795E-01	
168	6.007566E-01	6.088498E-01	3.445437E-01	
169	6.001904E-01	6.184091E-01	3.222013E-01	
170	6.126205E-01	6.205311E-01	3.632549E-01	
171	6.114356E-01	6.250657E-01	3.529161E-01	
172	6.216047E-01	6.356061E-01	3.401086E-01	
173	6.288649E-01	6.453041E-01	3.549289E-01	
174	6.305836E-01	6.391895E-01	3.378484E-01	
175	6.370828E-01	6.490030E-01	3.623147E-01	
176	6.439555E-01	6.624195E-01	3.723159E-01	
177	6.496130E-01	6.585753E-01	3.603614E-01	
178	6.530577E-01	6.653497E-01	3.689795E-01	
179	6.538408E-01	6.621358E-01	3.726082E-01	
180	6.581316E-01	6.650806E-01	3.634281E-01	
181	6.623493E-01	6.834179E-01	3.678278E-01	
182	6.669959E-01	6.725207E-01	3.511613E-01	
183	6.653205E-01	6.856298E-01	3.605614E-01	
184	6.863345E-01	7.004637E-01	3.680012E-01	
185	6.757246E-01	6.991218E-01	3.533552E-01	
186	6.820383E-01	6.869012E-01	3.544036E-01	
187	6.710034E-01	6.997575E-01	3.487384E-01	
188	6.936044E-01	7.060256E-01	3.624158E-01	
189	6.842500E-01	7.044545E-01	3.763101E-01	
190	6.852734E-01	7.071401E-01	3.406344E-01	
191	6.833488E-01	7.131102E-01	3.473891E-01	
192	7.097669E-01	7.163390E-01	3.470580E-01	
193	6.987512E-01	7.195886E-01	3.493371E-01	
194	7.059381E-01	7.126385E-01	3.454689E-01	
195	7.053345E-01	7.379233E-01	3.620258E-01	
196	7.073105E-01	7.355030E-01	3.685138E-01	
197	6.977590E-01	7.229809E-01	3.605316E-01	
198	7.014926E-01	7.380822E-01	3.867394E-01	
199	6.875246E-01	7.288963E-01	3.311787E-01	
200	7.019777E-01	7.263963E-01	3.418222E-01	
201	7.149257E-01	7.297393E-01	3.575305E-01	
202	7.167995E-01	7.512230E-01	3.604749E-01	
203	6.986425E-01	7.581952E-01	3.547982E-01	
204	7.148831E-01	7.246512E-01	3.577413E-01	
205	7.252799E-01	7.347010E-01	3.471896E-01	
206	7.287609E-01	7.322973E-01	3.529701E-01	
207	7.199044E-01	7.311115E-01	3.411567E-01	
208	7.263190E-01	7.195586E-01	3.479326E-01	
209	7.423128E-01	7.300935E-01	3.457403E-01	
210	7.436185E-01	7.302152E-01	3.420280E-01	
211	7.547588E-01	7.480492E-01	3.331656E-01	
212	7.402183E-01	7.474682E-01	3.583640E-01	
213	7.095890E-01	7.286095E-01	3.484939E-01	
214	7.545540E-01	7.136989E-01	3.421366E-01	
215	7.097243E-01	7.261217E-01	3.272130E-01	
216	7.248342E-01	7.246406E-01	3.499198E-01	
217	6.866383E-01	7.213566E-01	3.505847E-01	
218	7.144735E-01	7.462551E-01	3.365984E-01	
219	6.368419E-01	7.438254E-01	3.544361E-01	
220	6.670891E-01	7.044532E-01	3.318049E-01	
221	6.849723E-01	6.933588E-01	3.409322E-01	
222	6.644435E-01	7.092579E-01	3.279439E-01	
223	7.043936E-01	7.629532E-01	3.468547E-01	
224	6.475734E-01	6.779871E-01	3.477800E-01	
225	6.577900E-01	6.785763E-01	3.451586E-01	
226	6.824279E-01	6.582969E-01	3.261802E-01	
227	6.212599E-01	7.275901E-01	3.258548E-01	
228	6.706807E-01	6.767480E-01	3.415769E-01	
229	6.283183E-01	6.346717E-01	3.350694E-01	
230	6.553802E-01	6.325062E-01	3.302858E-01	
231	6.528584E-01	6.236239E-01	3.358250E-01	
232	5.943759E-01	5.579959E-01	3.440733E-01	
233	6.038078E-01	6.300892E-01	3.120087E-01	
234	6.267832E-01	5.516060E-01	3.346673E-01	
235	6.410700E-01	5.420841E-01	3.199588E-01	
236	5.761872E-01	5.796953E-01	3.191289E-01	
237	6.278864E-01	5.299184E-01	3.433100E-01	
238	6.018834E-01	5.336194E-01	3.188218E-01	
239	5.854556E-01	5.384005E-01	3.317649E-01	
240	5.267019E-01	5.633037E-01	3.325972E-01	
241	5.828433E-01	5.447779E-01	3.339336E-01	
242	5.385240E-01	5.148866E-01	3.301517E-01	
243	5.048104E-01	4.729854E-01	3.282325E-01	
244	5.337164E-01	5.226119E-01	3.277773E-01	
245	5.149610E-01	4.487867E-01	3.150735E-01	
246	4.540879E-01	5.340585E-01	3.288469E-01	
247	4.854127E-01	5.533027E-01	3.301608E-01	
248	4.963211E-01	4.574663E-01	3.291924E-01	
249	4.516747E-01	4.807316E-01	3.367065E-01	
250	4.986114E-01	5.071207E-01	3.296867E-01	
251	4.407519E-01	4.450526E-01	3.295473E-01	
252	3.865871E-01	3.929002E-01	3.310601E-01	
253	4.292546E-01	4.630896E-01	3.083725E-01	
254	4.373208E-01	4.338704E-01	3.303428E-01	
255	4.947740E-01	3.547909E-01	3.256007E-01	
256	4.205524E-01	3.909504E-01	3.184213E-01	
257	3.949042E-01	4.142805E-01	3.123896E-01	
258	4.502844E-01	3.995391E-01	3.324360E-01	
259	3.800686E-01	3.262510E-01	3.296956E-01	
260	3.129779E-01	3.501230E-01	3.108534E-01	
261	3.981585E-01	3.956148E-01	3.272242E-01	
262	3.721436E-01	3.282946E-01	3.246510E-01	
263	4.399218E-01	3.702247E-01	3.209176E-01	
264	3.633917E-01	3.818547E-01	3.179591E-01	
265	4.078644E-01	4.752157E-01	3.082612E-01	
266	3.404393E-01	3.662279E-01	3.200711E-01	
267	3.905731E-01	4.059593E-01	3.069240E-01	
268	3.993654E-01	3.628922E-01	3.008184E-01	
269	3.706743E-01	3.214007E-01	2.982346E-01	
270	3.253080E-01	4.015824E-01	3.269955E-01	
271	3.543789E-01	4.274580E-01	3.094611E-01	
272	3.485452E-01	3.536433E-01	3.039865E-01	
273	3.909861E-01	3.991542E-01	3.017818E-01	
274	3.696548E-01	3.814976E-01	3.052243E-01	
275	3.894342E-01	3.677100E-01	3.037375E-01	
276	3.187007E-01	3.475464E-01	2.941222E-01	
277	3.536344E-01	3.406541E-01	3.111195E-01	
278	3.352045E-01	4.032355E-01	2.938625E-01	
279	3.906633E-01	3.657039E-01	3.028907E-01	
280	4.280459E-01	3.226093E-01	3.068968E-01	
281	4.468211E-01	2.944980E-01	2.893089E-01	
282	3.716822E-01	3.378291E-01	2.980484E-01	
283	4.501996E-01	3.430704E-01	2.883830E-01	
284	3.444233E-01	3.642331E-01	2.779481E-01	
285	4.351391E-01	3.596565E-01	2.950084E-01	
286	3.594643E-01	3.193896E-01	2.799589E-01	
287	3.833734E-01	3.508233E-01	3.158050E-01	
288	3.418643E-01	3.527444E-01	2.961379E-01	
289	3.230495E-01	3.174267E-01	2.918326E-01	
290	2.617853E-01	3.770537E-01	3.039177E-01	
291	3.196919E-01	3.575125E-01	2.923323E-01	
292	2.724441E-01	3.823370E-01	2.861643E-01	
293	2.738970E-01	4.126197E-01	2.929430E-01	
294	3.133382E-01	3.398709E-01	2.908519E-01	
295	2.612959E-01	4.084818E-01	2.898135E-01	
296	2.453364E-01	3.062126E-01	3.027578E-01	
297	2.738420E-01	3.477617E-01	2.785671E-01	
298	1.830593E-01	3.317709E-01	2.824407E-01	
299	2.151135E-01	3.584171E-01	2.785855E-01	
300	3.035872E-01	3.082391E-01	3.003343E-01	
301	1.878790E-01	3.392601E-01	2.796919E-01	
302	2.472934E-01	3.132804E-01	2.976172E-01	
303	1.729613E-01	2.743514E-01	2.891934E-01	
304	2.449051E-01	2.939814E-01	3.025233E-01	
305	2.458619E-01	2.977928E-01	3.083775E-01	
306	1.987443E-01	2.830583E-01	2.815159E-01	
307	1.826997E-01	2.898895E-01	2.900921E-01	
308	2.628767E-01	2.988477E-01	2.890141E-01	
309	2.486291E-01	2.878183E-01	2.893393E-01	
310	2.246225E-01	3.040872E-01	2.918361E-01	
311	2.968189E-01	2.236843E-01	2.731879E-01	
312	2.843150E-01	3.159577E-01	2.944491E-01	
313	2.710981E-01	2.271446E-01	2.998800E-01	
314	3.994600E-01	3.059424E-01	2.947065E-01	
315	3.848487E-01	2.496842E-01	2.856684E-01	
316	2.998971E-01	3.422932E-01	2.753816E-01	
317	3.673098E-01	2.970496E-01	2.997749E-01	
318	3.009310E-01	3.344653E-01	2.899545E-01	
319	3.884324E-01	2.743670E-01	3.063770E-01	
320	3.869290E-01	3.164292E-01	2.939726E-01	
321	3.887074E-01	3.004192E-01	3.003535E-01	
322	4.776224E-01	3.629077E-01	2.812053E-01	
323	3.801813E-01	3.214015E-01	2.871510E-01	
324	4.170292E-01	2.868746E-01	2.928624E-01	
325	4.130619E-01	3.304005E-01	3.007617E-01	
326	5.451364E-01	2.495941E-01	2.872775E-01	
327	4.261885E-01	2.631172E-01	2.938408E-01	
328	4.653458E-01	3.137895E-01	2.984196E-01	
329	4.761171E-01	2.968243E-01	2.905263E-01	
330	4.482056E-01	2.841236E-01	2.827853E-01	
331	3.986060E-01	2.928581E-01	3.063865E-01	
332	5.000668E-01	3.292358E-01	2.792438E-01	
333	4.388460E-01	3.651634E-01	2.888371E-01	
334	4.657098E-01	3.094986E-01	2.828675E-01	
335	4.387997E-01	3.426786E-01	3.004819E-01	
336	4.193441E-01	3.537876E-01	2.890093E-01	
337	4.349299E-01	4.301522E-01	2.882163E-01	
338	4.417765E-01	3.363993E-01	2.869643E-01	
339	2.988114E-01	4.036565E-01	2.907701E-01	
340	4.493486E-01	3.208450E-01	2.962067E-01	
341	2.553820E-01	4.601310E-01	2.925369E-01	
342	3.643835E-01	3.181031E-01	2.885115E-01	
343	3.236293E-01	4.148776E-01	2.896028E-01	
344	3.068594E-01	3.658481E-01	3.010543E-01	
345	2.875254E-01	2.849177E-01	2.875301E-01	
346	3.127062E-01	3.955806E-01	2.723808E-01	
347	3.033438E-01	3.930076E-01	2.864559E-01	
348	3.367762E-01	3.456808E-01	2.759230E-01	
349	3.762353E-01	4.210894E-01	2.801495E-01	
350	3.201259E-01	4.107786E-01	2.909147E-01	
351	3.397763E-01	4.343218E-01	2.933234E-01	
352	3.259341E-01	4.330376E-01	2.544522E-01	
353	2.535783E-01	4.722078E-01	2.955431E-01	
354	2.802016E-01	4.312226E-01	2.870047E-01	
355	2.733956E-01	4.804848E-01	2.769326E-01	
356	2.723545E-01	4.226983E-01	2.977779E-01	
357	2.688673E-01	3.994766E-01	2.846675E-01	
358	2.947446E-01	4.030837E-01	2.997943E-01	
359	3.770814E-01	3.811579E-01	2.909198E-01	
360	3.419507E-01	3.445946E-01	2.942251E-01	
361	2.876483E-01	2.800704E-01	3.006622E-01	
362	2.867931E-01	3.642921E-01	2.938637E-01	
363	4.462042E-01	3.974982E-01	2.887286E-01	
364	4.147835E-01	4.860691E-01	2.734892E-01	
365	2.900546E-01	4.366050E-01	2.654049E-01	
366	3.255286E-01	4.190645E-01	2.778729E-01	
367	3.738966E-01	3.088976E-01	2.740266E-01	
368	3.547503E-01	4.119185E-01	2.697571E-01	
369	4.702448E-01	3.454623E-01	2.829141E-01	
370	3.210296E-01	4.242687E-01	2.748473E-01	
371	3.734771E-01	3.386815E-01	2.717868E-01	
372	2.812164E-01	3.639962E-01	2.785488E-01	
373	4.752043E-01	3.318939E-01	2.856267E-01	
374	2.929741E-01	3.636662E-01	2.663987E-01	
375	5.356437E-01	2.985703E-01	2.899159E-01	
376	3.910263E-01	3.439384E-01	2.837557E-01	
377	3.632173E-01	3.660772E-01	2.887703E-01	
378	3.248022E-01	2.777253E-01	2.718360E-01	
379	3.400331E-01	3.722503E-01	2.819006E-01	
380	5.027714E-01	3.861136E-01	2.831657E-01	
381	5.195613E-01	2.985574E-01	2.774424E-01	
382	4.035278E-01	3.250079E-01	2.838269E-01	
383	4.791723E-01	3.782009E-01	2.864078E-01	
384	6.169242E-01	4.172204E-01	2.858726E-01	
385	5.967616E-01	4.044862E-01	2.956259E-01	
386	4.721347E-01	3.392576E-01	2.717121E-01	
387	5.083283E-01	3.783337E-01	2.969150E-01	
388	3.883077E-01	4.224393E-01	2.735318E-01	
389	4.155342E-01	4.499276E-01	2.650933E-01	
390	3.066734E-01	4.943898E-01	2.801211E-01	
391	3.862148E-01	4.342844E-01	2.979861E-01	
392	3.961882E-01	3.266054E-01	2.979738E-01	
393	3.155689E-01	3.928396E-01	2.763325E-01	
394	3.898660E-01	3.730197E-01	2.843981E-01	
395	1.581131E-01	4.180288E-01	2.815088E-01	
396	2.317049E-01	4.172509E-01	2.833692E-01	
397	2.657082E-01	3.840542E-01	2.931287E-01	
398	2.581332E-01	4.259977E-01	2.678867E-01	
399	2.456274E-01	2.593186E-01	2.746507E-01	
400	2.626471E-01	3.698979E-01	2.908018E-01	
401	1.985658E-01	2.938126E-01	2.764293E-01	
402	2.109454E-01	2.280936E-01	2.802944E-01	
403	2.366389E-01	3.413430E-01	2.873159E-01	
404	1.893989E-01	3.502816E-01	2.943892E-01	
405	1.669297E-01	4.008945E-01	3.093622E-01	
406	2.424349E-01	2.041931E-01	2.901228E-01	
407	3.074218E-01	2.662581E-01	2.720525E-01	
408	1.919280E-01	2.539822E-01	3.098765E-01	
409	2.898850E-01	2.902152E-01	2.666926E-01	
410	3.978022E-01	2.434856E-01	2.755377E-01	
411	4.343597E-01	2.745115E-01	3.067744E-01	
412	2.891226E-01	3.532790E-01	2.998082E-01	
413	3.108168E-01	2.673596E-01	2.917642E-01	
414	3.269452E-01	3.159930E-01	2.915509E-01	
415	5.334128E-01	3.095463E-01	2.900051E-01	
416	6.181957E-01	2.890674E-01	3.168652E-01	
417	4.699868E-01	3.284748E-01	2.949870E-01	
418	3.912655E-01	1.413843E-01	3.019270E-01	
419	4.183171E-01	2.630556E-01	2.485790E-01	
420	4.073764E-01	1.987935E-01	3.185872E-01	
421	5.213723E-01	2.621652E-01	3.078418E-01	
422	5.683674E-01	2.962633E-01	3.015818E-01	
423	6.273831E-01	3.426884E-01	3.081760E-01	
424	4.866420E-01	3.953706E-01	3.089451E-01	
425	6.966347E-01	3.076537E-01	2.751604E-01	
426	5.355388E-01	3.217578E-01	2.807253E-01	
427	4.814726E-01	3.513935E-01	3.034312E-01	
428	7.645065E-01	3.619375E-01	3.073197E-01	
429	6.377421E-01	4.588978E-01	3.032859E-01	
430	5.233858E-01	3.590699E-01	3.033502E-01	
431	6.960634E-01	3.941928E-01	2.635997E-01	
432	8.117671E-01	3.104438E-01	2.831334E-01	
433	8.930676E-01	4.414680E-01	3.088023E-01	
434	7.945205E-01	2.589291E-01	3.008445E-01	
435	6.921228E-01	3.045823E-01	2.905079E-01	
436	7.573540E-01	2.396090E-01	3.135645E-01	
437	0	3.666844E-01	2.991080E-01	
438	0	2.722703E-01	2.835460E-01	
439	0	2.368368E-01	3.050390E-01	
440	0	2.841814E-01	3.098450E-01	
441	0	1.528997E-01	3.058545E-01	
442	0	3.734856E-01	2.680383E-01	
443	0	2.540233E-01	3.091208E-01	
444	0	4.145997E-01	3.052299E-01	
445	0	2.969775E-01	3.068411E-01	
446	0	1.784607E-01	2.770419E-01	
447	0	1.369138E-01	2.681264E-01	
448	0	2.892455E-01	2.716983E-01	
449	0	1.862022E-01	3.406713E-01	
450	0	1.638070E-01	2.735646E-01	
451	0	2.287933E-01	3.615737E-01	
452	0	1.210458E-01	3.269738E-01	
453	0	1.204917E-01	3.045164E-01	
454	0	1.237727E-01	3.420351E-01	
455	0	1.448514E-01	2.806654E-01	
456	0	2.621579E-01	2.568677E-01	
457	0	3.580284E-02	3.107919E-01	
458	0	1.334145E-01	2.983956E-01	
459	0	1.911600E-01	2.992618E-01	
460	0	1.142702E-01	3.039829E-01	
461	0	2.141222E-01	3.456157E-01	
462	0	2.050220E-01	3.078583E-01	
463	0	2.534302E-01	3.559156E-01	
464	0	2.141307E-01	2.888811E-01	
465	0	2.355037E-01	3.091231E-01	
466	0	2.566854E-01	3.361210E-01	
467	0	1.673310E-01	3.401660E-01	
468	0	1.228050E-01	3.605433E-01	
469	0	1.703845E-01	2.608834E-01	
470	0	6.484293E-01	2.793717E-01	
471	0	2.497180E-01	3.038964E-01	
472	0	6.438946E-02	3.414881E-01	
473	0	1.588891E-01	2.759465E-01	
474	0	0	3.184796E-01	
475	0	1.444044E-01	3.740736E-01	
476	0	5.843268E-04	3.293331E-01	
477	0	5.832541E-01	3.528444E-01	
478	0	1.514485E-01	3.658742E-01	
479	0	0	2.504623E-01	
480	0	1.445771E-01	3.396105E-01	
481	0	0	4.427818E-01	
482	0	2.532475E-01	3.105561E-01	
483	0	0	3.725190E-01	
484	0	0	5.565218E-01	
485	0	2.626710E-01	3.354891E-01	
486	0	0	3.415890E-01	
487	0	2.604225E-01	2.679815E-01	
488	0	0	3.474701E-01	
489	0	3.546926E-01	2.363442E-01	
490	0	0	4.089163E-01	
491	0	4.861316E-01	5.060793E-01	
492	0	0	2.892782E-01	
493	0	0	1.879209E-01	
494	0	4.357851E-01	3.895367E-01	
495	0	0	2.119108E-01	
496	0	4.698266E-01	3.375355E-01	
497	0	0	6.266305E-01	
498	0	5.085515E-01	3.595594E-01	
499	0	4.565617E-01	5.269328E-01	
500	0	0	0	
501	0	5.261352E-01	4.334112E-01	
502	0	0	0	
503	0	5.015048E-01	4.816860E-01	
504	0	0	0	
505	0	4.965257E-01	4.068013E-01	
506	0	0	0	
507	0	0	0	
508	0	5.865020E-01	5.704005E-01	
509	0	0	0	
510	0	0	5.055495E-01	
511	0	0	0	
512	0	0	5.064719E-01	
513	0	0	0	
514	0	0	0	
515	0	0	7.437979E-01	
516	0	0	0	
517	0	0	6.791436E-01	
518	0	0	0	
519	0	0	0	
520	0	0	0	
521	0	0	0	
522	0	0	0	
523	0	0	0	
524	0	0	0	
525	0	0	0	
526	0	0	0	
527	0	0	0	
528	0	0	0	
529	0	0	0	
530	0	0	0	
531	0	0	0	
532	0	0	0	
533	0	0	0	
534	0	0	0	
535	0	0	0	
536	0	0	0	
537	0	0	0	
538	0	0	0	
539	0	0	0	
540	0	0	0	
541	0	0	0	
542	0	0	0	
543	0	0	0	
544	0	0	0	
545	0	0	0	
546	0	0	0	
547	0	0	0	
548	0	0	0	
549	0	0	0	
550	0	0	0	
551	0	0	0	
552	0	0	0	
553	0	0	0	
554	0	0	0	
555	0	0	0	
556	0	0	0	
557	0	0	0	
558	0	0	0	
559	0	0	0	
560	0	0	0	
561	0	0	0	
562	0	0	0	
563	0	0	0	
564	0	0	0	
565	0	0	0	
566	0	0	0	
567	0	0	0	
568	0	0	0	
569	0	0	0	
570	0	0	0	
571	0	0	0	
572	0	0	0	
573	0	0	0	
574	0	0	0	
575	0	0	0	
576	0	0	0	
577	0	0	0	
578	0	0	0	
579	0	0	0	
580	0	0	0	
581	0	0	0	
582	0	0	0	
583	0	0	0	
584	0	0	0	
585	0	0	0	
586	0	0	0	
587	0	0	0	
588	0	0	0	
589	0	0	0	
590	0	0	0	
591	0	0	0	
592	0	0	0	
593	0	0	0	
594	0	0	0	
595	0	0	0	
596	0	0	0	
597	0	0	0	
598	0	0	0	
599	0	0	0	
#NewRun
