#COM_Bin	Avg_cosine_squared
#Order is chain type
0	0	0	0	
1	0	0	0	
2	0	0	0	
3	0	0	0	
4	3.450491E-01	3.140558E-01	0	
5	3.328371E-01	3.121016E-01	3.652968E-02	
6	3.365912E-01	2.612554E-01	5.171065E-01	
7	0	0	0	
8	3.314852E-01	2.997048E-01	0	
9	3.293041E-01	3.402775E-01	7.129180E-01	
10	0	0	0	
11	3.254079E-01	2.956927E-01	1.674419E-01	
12	3.243169E-01	3.517472E-01	4.870015E-01	
13	3.354004E-01	3.423955E-01	3.026686E-01	
14	3.288205E-01	3.001805E-01	6.107638E-01	
15	0	0	0	
16	3.280308E-01	3.335523E-01	2.941147E-01	
17	3.324873E-01	3.640050E-01	4.233929E-01	
18	3.330322E-01	3.568750E-01	1.252948E-01	
19	3.364358E-01	3.092003E-01	3.554849E-01	
20	3.260597E-01	3.342149E-01	2.663453E-01	
21	3.345837E-01	3.336665E-01	3.209489E-01	
22	3.327463E-01	3.206426E-01	3.833976E-01	
23	3.342178E-01	3.261573E-01	3.921924E-01	
24	3.308997E-01	3.362143E-01	3.619030E-01	
25	3.325862E-01	3.446993E-01	1.842258E-01	
26	3.328483E-01	3.084654E-01	2.665775E-01	
27	3.261020E-01	3.864656E-01	3.147741E-01	
28	3.316868E-01	3.305360E-01	3.617736E-01	
29	3.291847E-01	3.284066E-01	3.531729E-01	
30	3.303636E-01	3.663038E-01	3.048744E-01	
31	3.290268E-01	2.954407E-01	3.058572E-01	
32	3.318599E-01	3.497601E-01	2.884935E-01	
33	3.277555E-01	3.442033E-01	3.817046E-01	
34	3.277747E-01	3.534847E-01	3.501883E-01	
35	3.277347E-01	3.163752E-01	2.792133E-01	
36	3.257994E-01	3.345298E-01	3.566704E-01	
37	3.258846E-01	3.338301E-01	3.333559E-01	
38	3.247253E-01	3.451759E-01	3.491646E-01	
39	3.232035E-01	3.523086E-01	3.315192E-01	
40	3.202323E-01	3.454578E-01	3.085306E-01	
41	3.218035E-01	3.332957E-01	3.582765E-01	
42	3.251999E-01	3.352210E-01	3.805152E-01	
43	3.243090E-01	3.448319E-01	2.823699E-01	
44	3.216272E-01	3.181937E-01	3.751135E-01	
45	3.211979E-01	3.190594E-01	3.626416E-01	
46	3.211158E-01	3.142636E-01	3.240011E-01	
47	3.188793E-01	3.472868E-01	3.150383E-01	
48	3.197344E-01	3.169089E-01	3.378820E-01	
49	3.187502E-01	3.224740E-01	3.462758E-01	
50	3.161148E-01	3.327904E-01	3.603639E-01	
51	3.181424E-01	3.034461E-01	3.684640E-01	
52	3.157897E-01	3.138868E-01	3.061160E-01	
53	3.159089E-01	3.155323E-01	3.463341E-01	
54	3.152143E-01	3.069853E-01	3.182097E-01	
55	3.140548E-01	3.286554E-01	2.787695E-01	
56	3.141896E-01	3.246347E-01	2.871959E-01	
57	3.133681E-01	3.289474E-01	3.541781E-01	
58	3.105676E-01	3.184952E-01	3.651969E-01	
59	3.123322E-01	3.204018E-01	3.507556E-01	
60	3.126494E-01	3.206991E-01	3.158630E-01	
61	3.111909E-01	3.146694E-01	3.501598E-01	
62	3.120871E-01	3.196667E-01	3.388425E-01	
63	3.090503E-01	3.045112E-01	3.090692E-01	
64	3.106416E-01	3.229397E-01	2.980064E-01	
65	3.113992E-01	3.106535E-01	3.352869E-01	
66	3.095667E-01	3.110353E-01	3.202692E-01	
67	3.109455E-01	3.191160E-01	3.092768E-01	
68	3.086890E-01	3.254599E-01	3.472188E-01	
69	3.102155E-01	3.199742E-01	3.523256E-01	
70	3.092266E-01	3.152621E-01	3.166893E-01	
71	3.100312E-01	3.140157E-01	2.969727E-01	
72	3.104606E-01	3.235332E-01	3.268943E-01	
73	3.081906E-01	3.341026E-01	3.034550E-01	
74	3.105443E-01	3.291538E-01	2.870038E-01	
75	3.098951E-01	3.192566E-01	3.076495E-01	
76	3.081976E-01	3.211657E-01	3.417252E-01	
77	3.076207E-01	3.173484E-01	3.119817E-01	
78	3.080587E-01	3.211566E-01	3.290045E-01	
79	3.066087E-01	3.157787E-01	2.857847E-01	
80	3.058296E-01	3.155047E-01	2.951467E-01	
81	3.058526E-01	3.215900E-01	3.081953E-01	
82	3.062575E-01	3.151552E-01	3.218766E-01	
83	3.073198E-01	3.223968E-01	3.219535E-01	
84	3.074571E-01	3.204343E-01	3.225948E-01	
85	3.078808E-01	3.253232E-01	3.023997E-01	
86	3.063480E-01	3.301899E-01	2.922688E-01	
87	3.079769E-01	3.088258E-01	2.855821E-01	
88	3.077722E-01	3.196104E-01	3.112464E-01	
89	3.095670E-01	3.223505E-01	3.001501E-01	
90	3.107597E-01	3.173764E-01	2.661868E-01	
91	3.097414E-01	3.202167E-01	3.051767E-01	
92	3.120876E-01	3.280695E-01	3.150870E-01	
93	3.125553E-01	3.225528E-01	2.977916E-01	
94	3.120116E-01	3.291165E-01	3.249192E-01	
95	3.141334E-01	3.298976E-01	3.254790E-01	
96	3.156498E-01	3.280237E-01	3.140409E-01	
97	3.179481E-01	3.222503E-01	3.135776E-01	
98	3.171586E-01	3.236978E-01	2.900241E-01	
99	3.191983E-01	3.371394E-01	3.077273E-01	
100	3.196311E-01	3.240635E-01	2.928164E-01	
101	3.210494E-01	3.356047E-01	3.005752E-01	
102	3.218625E-01	3.320259E-01	3.016869E-01	
103	3.246076E-01	3.346296E-01	3.091270E-01	
104	3.253439E-01	3.299681E-01	2.965191E-01	
105	3.281592E-01	3.350637E-01	2.997790E-01	
106	3.272656E-01	3.279450E-01	2.933239E-01	
107	3.295826E-01	3.278169E-01	2.944183E-01	
108	3.325335E-01	3.413400E-01	2.740693E-01	
109	3.346629E-01	3.374155E-01	2.826853E-01	
110	3.348200E-01	3.441936E-01	3.174161E-01	
111	3.367851E-01	3.448980E-01	2.822165E-01	
112	3.406723E-01	3.439425E-01	2.951099E-01	
113	3.432753E-01	3.576218E-01	2.861888E-01	
114	3.446873E-01	3.528519E-01	2.961324E-01	
115	3.464881E-01	3.584199E-01	2.992023E-01	
116	3.496866E-01	3.502937E-01	2.937035E-01	
117	3.509788E-01	3.594506E-01	3.025484E-01	
118	3.531544E-01	3.622861E-01	2.981385E-01	
119	3.560153E-01	3.566655E-01	3.233728E-01	
120	3.582872E-01	3.521701E-01	2.888435E-01	
121	3.614547E-01	3.639766E-01	2.909948E-01	
122	3.629214E-01	3.648621E-01	3.079782E-01	
123	3.655135E-01	3.727184E-01	3.112279E-01	
124	3.687147E-01	3.732536E-01	2.936420E-01	
125	3.709028E-01	3.680986E-01	3.015560E-01	
126	3.753987E-01	3.789534E-01	2.878684E-01	
127	3.776245E-01	3.894313E-01	3.171781E-01	
128	3.804401E-01	3.807864E-01	3.261214E-01	
129	3.847598E-01	3.916475E-01	3.168248E-01	
130	3.873777E-01	3.906361E-01	3.135512E-01	
131	3.892919E-01	4.020177E-01	3.198075E-01	
132	3.949016E-01	3.816558E-01	3.181519E-01	
133	3.969545E-01	3.850118E-01	3.178439E-01	
134	4.018613E-01	3.937084E-01	3.175517E-01	
135	4.064194E-01	3.954827E-01	3.404863E-01	
136	4.079952E-01	4.132627E-01	3.304709E-01	
137	4.135333E-01	4.082673E-01	3.381494E-01	
138	4.197357E-01	4.152507E-01	3.363615E-01	
139	4.194009E-01	4.254175E-01	3.189431E-01	
140	4.259746E-01	4.142622E-01	3.472493E-01	
141	4.302395E-01	4.259323E-01	3.231373E-01	
142	4.353193E-01	4.262462E-01	3.425319E-01	
143	4.378891E-01	4.136962E-01	3.354204E-01	
144	4.418196E-01	4.274507E-01	3.388188E-01	
145	4.469353E-01	4.300726E-01	3.351119E-01	
146	4.507493E-01	4.414211E-01	3.350155E-01	
147	4.520834E-01	4.490052E-01	3.419592E-01	
148	4.616514E-01	4.592971E-01	3.355101E-01	
149	4.644367E-01	4.542434E-01	3.443399E-01	
150	4.645760E-01	4.575951E-01	3.525036E-01	
151	4.707361E-01	4.371595E-01	3.624937E-01	
152	4.766985E-01	4.483725E-01	3.513734E-01	
153	4.806005E-01	4.528199E-01	3.386098E-01	
154	4.829427E-01	4.511000E-01	3.527068E-01	
155	4.866629E-01	4.467854E-01	3.632363E-01	
156	4.906111E-01	4.674348E-01	3.399384E-01	
157	4.956529E-01	4.724059E-01	3.508687E-01	
158	4.983350E-01	4.413332E-01	3.669609E-01	
159	5.011491E-01	4.799596E-01	3.513303E-01	
160	5.058483E-01	4.840093E-01	3.655940E-01	
161	5.118189E-01	4.453447E-01	3.548751E-01	
162	5.152140E-01	4.934170E-01	3.874543E-01	
163	5.170285E-01	4.921520E-01	3.653926E-01	
164	5.209503E-01	4.654133E-01	3.689174E-01	
165	5.231512E-01	4.807324E-01	3.661389E-01	
166	5.362785E-01	4.671022E-01	3.648968E-01	
167	5.341754E-01	4.837191E-01	3.451090E-01	
168	5.396345E-01	4.898064E-01	3.731729E-01	
169	5.455398E-01	4.718812E-01	3.762958E-01	
170	5.482442E-01	5.122500E-01	3.685135E-01	
171	5.504144E-01	5.064599E-01	3.725313E-01	
172	5.580653E-01	5.108786E-01	3.648091E-01	
173	5.652876E-01	5.113522E-01	3.824680E-01	
174	5.649966E-01	4.502924E-01	3.745529E-01	
175	5.751830E-01	4.984488E-01	3.459458E-01	
176	5.796160E-01	5.051176E-01	3.682368E-01	
177	5.802171E-01	4.883758E-01	3.680254E-01	
178	5.886831E-01	5.030002E-01	3.661675E-01	
179	5.852496E-01	4.816984E-01	3.606665E-01	
180	5.876415E-01	4.315991E-01	3.647117E-01	
181	5.935236E-01	4.972200E-01	3.966750E-01	
182	5.946121E-01	5.174813E-01	3.616927E-01	
183	6.011625E-01	4.937001E-01	3.875973E-01	
184	5.983895E-01	4.895746E-01	3.800728E-01	
185	6.104719E-01	4.822617E-01	3.336397E-01	
186	6.076487E-01	4.383278E-01	3.694212E-01	
187	6.146968E-01	4.151084E-01	3.490203E-01	
188	6.060140E-01	4.690442E-01	3.594961E-01	
189	6.178177E-01	3.917690E-01	3.558819E-01	
190	6.135230E-01	4.446531E-01	3.641802E-01	
191	6.209251E-01	4.287837E-01	3.677918E-01	
192	6.245858E-01	4.506370E-01	3.613702E-01	
193	6.202262E-01	4.738416E-01	3.617496E-01	
194	6.344063E-01	4.218976E-01	3.643455E-01	
195	6.303829E-01	4.447223E-01	3.636395E-01	
196	6.265099E-01	4.648314E-01	3.695337E-01	
197	6.378218E-01	4.130926E-01	3.678909E-01	
198	6.257706E-01	4.234645E-01	3.623644E-01	
199	6.339904E-01	4.291603E-01	3.811611E-01	
200	6.364798E-01	4.413743E-01	3.454201E-01	
201	6.271660E-01	4.352111E-01	3.364132E-01	
202	6.339411E-01	3.991865E-01	3.514726E-01	
203	6.093004E-01	3.922574E-01	3.669648E-01	
204	6.134415E-01	4.229871E-01	3.496820E-01	
205	6.115410E-01	3.858678E-01	3.554898E-01	
206	6.077070E-01	3.936893E-01	3.574436E-01	
207	6.076580E-01	3.643823E-01	3.535139E-01	
208	6.048620E-01	3.483854E-01	3.661731E-01	
209	5.895343E-01	4.123182E-01	3.542713E-01	
210	5.933891E-01	3.532877E-01	3.526780E-01	
211	5.954818E-01	3.637530E-01	3.428666E-01	
212	5.871055E-01	3.874157E-01	3.153505E-01	
213	5.729148E-01	3.433445E-01	3.268904E-01	
214	5.839129E-01	4.206152E-01	3.561611E-01	
215	5.881498E-01	3.730852E-01	3.532115E-01	
216	5.768932E-01	3.903868E-01	3.484805E-01	
217	5.458449E-01	3.292786E-01	3.426116E-01	
218	5.424319E-01	3.923418E-01	3.429926E-01	
219	5.570571E-01	3.138753E-01	3.410550E-01	
220	5.307826E-01	3.538886E-01	3.530828E-01	
221	5.226347E-01	3.527502E-01	3.174541E-01	
222	5.208958E-01	3.866918E-01	3.513096E-01	
223	4.904302E-01	3.797517E-01	3.737184E-01	
224	5.185173E-01	3.468532E-01	3.374211E-01	
225	4.870571E-01	4.101237E-01	3.452110E-01	
226	4.617839E-01	3.427326E-01	3.246699E-01	
227	4.629252E-01	3.362384E-01	3.303660E-01	
228	4.521123E-01	3.383007E-01	3.410527E-01	
229	4.515614E-01	3.082764E-01	3.302139E-01	
230	4.591417E-01	3.007957E-01	3.519515E-01	
231	4.390625E-01	3.601193E-01	3.356370E-01	
232	4.289416E-01	3.484064E-01	3.424912E-01	
233	3.988713E-01	3.279051E-01	3.560122E-01	
234	4.286004E-01	3.404887E-01	3.251959E-01	
235	3.966524E-01	3.264628E-01	3.494043E-01	
236	4.262066E-01	3.435851E-01	3.384057E-01	
237	3.849872E-01	3.470354E-01	3.319516E-01	
238	3.963982E-01	3.243319E-01	3.183228E-01	
239	4.095347E-01	3.334347E-01	3.287779E-01	
240	4.018816E-01	3.106728E-01	3.325833E-01	
241	4.057409E-01	2.955893E-01	3.179195E-01	
242	4.145598E-01	3.293820E-01	3.200697E-01	
243	4.351247E-01	3.787391E-01	3.231136E-01	
244	4.183846E-01	3.042103E-01	3.284058E-01	
245	4.168813E-01	3.186562E-01	3.081150E-01	
246	4.249357E-01	3.560395E-01	3.278528E-01	
247	4.267830E-01	3.415907E-01	3.467043E-01	
248	3.858189E-01	3.286085E-01	3.315971E-01	
249	4.220544E-01	3.465059E-01	3.186384E-01	
250	4.072986E-01	3.082650E-01	3.379177E-01	
251	3.812258E-01	3.486940E-01	3.091566E-01	
252	3.922728E-01	3.305350E-01	3.121397E-01	
253	4.166708E-01	2.893218E-01	3.363596E-01	
254	4.203912E-01	2.919597E-01	3.245562E-01	
255	3.996010E-01	3.445856E-01	3.385121E-01	
256	4.213747E-01	2.961905E-01	3.253335E-01	
257	3.861599E-01	2.600504E-01	3.223497E-01	
258	3.750942E-01	2.984930E-01	3.183151E-01	
259	3.781241E-01	3.314073E-01	3.225483E-01	
260	3.987014E-01	3.018478E-01	3.223956E-01	
261	3.633941E-01	3.527595E-01	3.274754E-01	
262	3.670442E-01	2.810363E-01	3.275308E-01	
263	3.411934E-01	3.234935E-01	3.047924E-01	
264	3.712098E-01	3.319966E-01	3.346536E-01	
265	3.770525E-01	3.284838E-01	2.927565E-01	
266	3.603781E-01	3.157264E-01	3.114396E-01	
267	3.558627E-01	2.927333E-01	3.111706E-01	
268	3.346039E-01	2.953432E-01	3.234675E-01	
269	3.290488E-01	3.024996E-01	3.172492E-01	
270	3.449980E-01	3.085796E-01	3.051748E-01	
271	3.348277E-01	3.101798E-01	3.299539E-01	
272	3.137383E-01	3.212761E-01	3.079926E-01	
273	3.373172E-01	3.278805E-01	2.971110E-01	
274	3.373573E-01	3.104373E-01	2.817475E-01	
275	3.049542E-01	3.202416E-01	3.073042E-01	
276	2.959032E-01	3.306238E-01	2.845433E-01	
277	3.050351E-01	3.073486E-01	2.886983E-01	
278	3.037597E-01	2.986042E-01	3.049543E-01	
279	2.925942E-01	3.313463E-01	2.933042E-01	
280	2.961113E-01	2.896046E-01	2.939713E-01	
281	3.067881E-01	2.822755E-01	2.985290E-01	
282	3.037254E-01	3.357873E-01	2.881903E-01	
283	2.933666E-01	3.088976E-01	3.014045E-01	
284	3.173228E-01	2.955475E-01	2.944046E-01	
285	3.238309E-01	2.763740E-01	2.957626E-01	
286	3.377699E-01	3.052673E-01	2.981841E-01	
287	3.582330E-01	2.923005E-01	3.017438E-01	
288	3.361395E-01	2.849139E-01	3.079993E-01	
289	3.360465E-01	3.103701E-01	2.907962E-01	
290	3.168657E-01	2.971667E-01	3.012022E-01	
291	3.155686E-01	2.930528E-01	3.004139E-01	
292	3.336782E-01	3.053495E-01	2.937990E-01	
293	3.333536E-01	2.829978E-01	2.956536E-01	
294	3.310635E-01	2.726510E-01	2.875991E-01	
295	3.101268E-01	2.817699E-01	3.107028E-01	
296	3.339358E-01	2.879606E-01	3.017975E-01	
297	3.304475E-01	3.125871E-01	2.817137E-01	
298	3.319055E-01	2.835959E-01	2.873535E-01	
299	3.047191E-01	2.899554E-01	2.850900E-01	
300	3.467737E-01	3.097947E-01	2.821322E-01	
301	3.319116E-01	3.068422E-01	2.608608E-01	
302	3.246793E-01	2.493144E-01	2.780588E-01	
303	3.526505E-01	2.627397E-01	2.893199E-01	
304	3.391439E-01	2.887177E-01	2.847507E-01	
305	3.361097E-01	2.888275E-01	2.834064E-01	
306	3.524689E-01	2.724585E-01	2.992075E-01	
307	3.512139E-01	3.110565E-01	2.781031E-01	
308	3.222580E-01	2.902157E-01	3.203039E-01	
309	3.289343E-01	2.988023E-01	3.016970E-01	
310	3.214536E-01	3.151989E-01	2.812986E-01	
311	3.335108E-01	2.783577E-01	2.866582E-01	
312	3.109558E-01	3.118349E-01	2.813694E-01	
313	3.204736E-01	2.937412E-01	2.725781E-01	
314	3.220629E-01	2.842916E-01	2.864019E-01	
315	2.881657E-01	2.932760E-01	2.873104E-01	
316	2.823968E-01	2.716075E-01	2.883070E-01	
317	2.740060E-01	2.924497E-01	2.903252E-01	
318	2.772062E-01	2.818940E-01	2.967445E-01	
319	2.819616E-01	3.101164E-01	2.938177E-01	
320	2.754446E-01	2.980351E-01	2.940664E-01	
321	2.918468E-01	2.770774E-01	2.904048E-01	
322	2.964790E-01	3.137240E-01	2.869657E-01	
323	2.840449E-01	2.951186E-01	2.921109E-01	
324	3.081295E-01	2.825957E-01	2.853655E-01	
325	2.946285E-01	2.815107E-01	2.903573E-01	
326	2.949138E-01	3.456228E-01	2.944360E-01	
327	2.715542E-01	3.061021E-01	2.950786E-01	
328	2.747645E-01	2.679928E-01	2.867949E-01	
329	2.928848E-01	3.011210E-01	2.962135E-01	
330	2.611649E-01	2.836525E-01	2.844405E-01	
331	2.543479E-01	2.884149E-01	2.880463E-01	
332	2.786548E-01	2.859614E-01	3.012844E-01	
333	2.553672E-01	3.110459E-01	3.063260E-01	
334	2.707081E-01	2.824548E-01	2.960285E-01	
335	2.592493E-01	2.989823E-01	3.000587E-01	
336	2.578424E-01	2.468391E-01	2.837324E-01	
337	2.377301E-01	3.023413E-01	2.995470E-01	
338	2.840800E-01	2.798779E-01	3.143225E-01	
339	2.593858E-01	2.873484E-01	2.839849E-01	
340	2.756472E-01	2.994916E-01	2.869284E-01	
341	2.588407E-01	2.975018E-01	2.821033E-01	
342	2.641023E-01	2.828346E-01	2.885976E-01	
343	2.734215E-01	2.847756E-01	2.900461E-01	
344	2.669572E-01	2.980493E-01	2.904553E-01	
345	2.750555E-01	2.942641E-01	2.918352E-01	
346	2.688135E-01	2.535217E-01	2.731701E-01	
347	2.869950E-01	3.299812E-01	2.889301E-01	
348	2.882832E-01	2.676793E-01	2.906685E-01	
349	2.636485E-01	2.864671E-01	3.037234E-01	
350	2.800346E-01	2.920306E-01	3.014109E-01	
351	2.727573E-01	2.742586E-01	2.856246E-01	
352	2.696394E-01	2.732600E-01	2.784815E-01	
353	2.547026E-01	2.831385E-01	2.733749E-01	
354	2.627435E-01	2.531514E-01	2.922419E-01	
355	2.508260E-01	3.000702E-01	3.125702E-01	
356	2.775045E-01	2.948601E-01	2.914603E-01	
357	2.494021E-01	2.869466E-01	2.713849E-01	
358	2.650062E-01	2.954257E-01	2.851597E-01	
359	2.659498E-01	2.694748E-01	2.953782E-01	
360	2.798070E-01	2.848303E-01	2.735515E-01	
361	2.764916E-01	2.730449E-01	2.866954E-01	
362	2.684294E-01	2.699067E-01	2.823688E-01	
363	2.732187E-01	2.491957E-01	2.754257E-01	
364	2.601947E-01	2.749595E-01	3.019064E-01	
365	2.687179E-01	2.927974E-01	2.747647E-01	
366	2.414199E-01	2.737474E-01	2.699903E-01	
367	2.669000E-01	3.381979E-01	2.877678E-01	
368	2.456928E-01	2.862183E-01	2.768103E-01	
369	2.446458E-01	2.634239E-01	2.965468E-01	
370	2.480401E-01	2.970023E-01	2.781063E-01	
371	2.493961E-01	2.727177E-01	2.777612E-01	
372	2.744448E-01	2.599975E-01	2.944099E-01	
373	2.692775E-01	2.206428E-01	2.858254E-01	
374	2.662686E-01	3.064185E-01	2.852626E-01	
375	2.748186E-01	3.012750E-01	2.862767E-01	
376	2.589331E-01	2.428509E-01	2.722586E-01	
377	3.150771E-01	2.747645E-01	2.855062E-01	
378	2.700346E-01	2.891679E-01	2.846319E-01	
379	3.111795E-01	2.994236E-01	2.750549E-01	
380	3.009397E-01	2.627864E-01	2.974309E-01	
381	3.090199E-01	3.074481E-01	2.840110E-01	
382	2.932615E-01	2.945699E-01	2.977319E-01	
383	3.171900E-01	3.235652E-01	2.704855E-01	
384	3.170470E-01	3.170626E-01	2.765802E-01	
385	2.850535E-01	2.738695E-01	2.679558E-01	
386	3.101344E-01	2.874415E-01	2.683548E-01	
387	3.146308E-01	2.586132E-01	2.935386E-01	
388	2.851703E-01	2.688509E-01	2.899527E-01	
389	2.916691E-01	2.915669E-01	2.744787E-01	
390	2.741823E-01	2.578640E-01	3.003154E-01	
391	2.928718E-01	3.518522E-01	2.908084E-01	
392	2.962639E-01	2.689141E-01	2.789336E-01	
393	2.609106E-01	2.912107E-01	2.725952E-01	
394	2.744769E-01	2.676732E-01	2.997335E-01	
395	3.048888E-01	3.200349E-01	2.711041E-01	
396	2.793000E-01	2.979019E-01	2.737330E-01	
397	2.313005E-01	2.793673E-01	2.863654E-01	
398	2.588008E-01	2.987503E-01	2.871614E-01	
399	2.786602E-01	3.659015E-01	2.849767E-01	
400	2.884069E-01	2.747223E-01	2.911880E-01	
401	2.766862E-01	2.590545E-01	2.788111E-01	
402	2.777850E-01	2.483810E-01	2.922534E-01	
403	2.545868E-01	2.980417E-01	2.840130E-01	
404	2.757579E-01	2.448787E-01	2.798584E-01	
405	2.772667E-01	2.893664E-01	2.871114E-01	
406	2.372161E-01	2.922685E-01	3.039359E-01	
407	2.885514E-01	2.690799E-01	2.977863E-01	
408	2.358660E-01	3.110143E-01	2.723223E-01	
409	2.826719E-01	2.370837E-01	3.140655E-01	
410	2.653754E-01	2.500324E-01	3.019347E-01	
411	2.052729E-01	2.870346E-01	2.961989E-01	
412	2.246347E-01	3.029608E-01	2.712157E-01	
413	1.928680E-01	2.620238E-01	3.102389E-01	
414	2.144281E-01	2.730717E-01	2.920827E-01	
415	2.099196E-01	3.174853E-01	3.008036E-01	
416	2.203523E-01	3.243158E-01	2.940081E-01	
417	1.922166E-01	3.172513E-01	3.101009E-01	
418	1.836733E-01	3.531348E-01	2.954694E-01	
419	1.963127E-01	3.075298E-01	2.880353E-01	
420	1.940835E-01	2.732654E-01	3.183179E-01	
421	2.030036E-01	3.216809E-01	2.962524E-01	
422	1.919878E-01	3.654049E-01	3.402117E-01	
423	2.098723E-01	3.571219E-01	2.856009E-01	
424	1.976740E-01	3.141707E-01	3.037953E-01	
425	2.234988E-01	2.895862E-01	2.833462E-01	
426	2.407637E-01	3.062176E-01	3.097126E-01	
427	2.435088E-01	3.493026E-01	3.002466E-01	
428	2.639257E-01	3.212545E-01	2.998497E-01	
429	2.578637E-01	2.708986E-01	2.677068E-01	
430	2.425929E-01	3.080986E-01	3.025844E-01	
431	2.841812E-01	3.470199E-01	2.638233E-01	
432	2.980927E-01	2.105400E-01	2.634895E-01	
433	3.299985E-01	2.966443E-01	2.714819E-01	
434	2.730409E-01	2.848921E-01	3.039366E-01	
435	2.972084E-01	3.161282E-01	2.849761E-01	
436	2.919257E-01	3.263518E-01	3.083251E-01	
437	2.913625E-01	2.253406E-01	3.116408E-01	
438	2.923512E-01	2.926009E-01	3.016254E-01	
439	2.947029E-01	2.436102E-01	2.967026E-01	
440	3.105263E-01	2.545049E-01	3.319278E-01	
441	2.660784E-01	2.700168E-01	2.678673E-01	
442	2.779845E-01	2.511963E-01	2.697331E-01	
443	2.867201E-01	2.871788E-01	2.930925E-01	
444	3.562689E-01	1.739693E-01	2.947279E-01	
445	2.816653E-01	3.901129E-01	3.276054E-01	
446	3.517565E-01	3.547022E-01	3.200235E-01	
447	3.140369E-01	2.790605E-01	3.068108E-01	
448	3.549807E-01	2.981450E-01	3.030629E-01	
449	3.295397E-01	2.937145E-01	3.256938E-01	
450	3.783713E-01	2.774266E-01	3.204794E-01	
451	3.310957E-01	2.219297E-01	2.880455E-01	
452	3.887509E-01	3.010178E-01	3.003972E-01	
453	3.894905E-01	4.200022E-01	3.101261E-01	
454	3.327678E-01	2.756342E-01	2.936714E-01	
455	3.557611E-01	3.687082E-01	3.156820E-01	
456	3.443583E-01	4.239296E-01	3.053488E-01	
457	3.232679E-01	4.467037E-01	2.829871E-01	
458	4.365983E-01	3.423051E-01	3.165576E-01	
459	3.938420E-01	2.800525E-01	3.038804E-01	
460	4.421341E-01	3.728319E-01	2.876070E-01	
461	3.872474E-01	3.907424E-01	2.879845E-01	
462	4.400615E-01	2.322860E-01	2.871915E-01	
463	4.159961E-01	2.682301E-01	2.813757E-01	
464	3.601769E-01	2.997701E-01	2.678356E-01	
465	5.020846E-01	2.953175E-01	3.079753E-01	
466	3.325641E-01	3.505217E-01	2.663381E-01	
467	3.945396E-01	3.304846E-01	2.805480E-01	
468	4.170835E-01	1.647996E-01	2.997279E-01	
469	4.693829E-01	2.901718E-01	3.080990E-01	
470	4.319781E-01	8.451619E-02	3.209209E-01	
471	4.639796E-01	2.440259E-01	3.328603E-01	
472	4.079139E-01	2.841471E-01	3.125890E-01	
473	3.971238E-01	2.533868E-01	2.813971E-01	
474	6.308103E-01	3.211855E-01	3.244245E-01	
475	5.100050E-01	2.157042E-01	2.984314E-01	
476	5.518246E-01	2.566387E-01	2.759082E-01	
477	3.413124E-01	2.664020E-03	3.971016E-01	
478	6.458428E-01	2.575988E-01	2.324507E-01	
479	8.448943E-01	3.194750E-01	3.281367E-01	
480	4.959135E-01	4.298502E-01	2.541639E-01	
481	0	4.101705E-01	2.678881E-01	
482	4.371959E-01	7.987939E-03	3.632424E-01	
483	7.468859E-01	3.878952E-01	2.592232E-01	
484	0	0	4.404508E-01	
485	4.876374E-01	2.426705E-01	3.409677E-01	
486	0	0	4.611249E-01	
487	5.098841E-01	2.676354E-01	3.379512E-01	
488	0	6.279848E-01	5.175842E-01	
489	5.080242E-01	1.434541E-01	4.194090E-01	
490	0	6.084042E-01	3.377006E-01	
491	4.707534E-01	0	4.135778E-01	
492	5.010449E-01	1.022052E-01	3.506266E-01	
493	0	0	4.836995E-01	
494	4.809355E-01	3.445135E-01	3.856149E-01	
495	0	9.766572E-01	6.542967E-01	
496	5.150542E-01	2.176429E-01	3.084694E-01	
497	0	9.683909E-01	4.275594E-01	
498	5.297952E-01	5.450137E-01	4.697915E-01	
499	6.987843E-01	4.381146E-01	4.997119E-01	
500	0	0	0	
501	5.705326E-01	3.274511E-01	5.036399E-01	
502	0	0	0	
503	5.809522E-01	3.059402E-01	3.963867E-01	
504	0	0	0	
505	5.979637E-01	5.808426E-01	4.346840E-01	
506	0	0	0	
507	0	0	0	
508	0	6.365394E-01	4.766971E-01	
509	0	0	0	
510	0	5.183349E-01	6.814499E-01	
511	0	0	0	
512	0	0	6.391268E-01	
513	0	0	0	
514	0	0	0	
515	0	0	8.486172E-01	
516	0	0	0	
517	0	0	0	
518	0	0	0	
519	0	0	0	
520	0	0	0	
521	0	0	0	
522	0	0	0	
523	0	0	0	
524	0	0	0	
525	0	0	0	
526	0	0	0	
527	0	0	0	
528	0	0	0	
529	0	0	0	
530	0	0	0	
531	0	0	0	
532	0	0	0	
533	0	0	0	
534	0	0	0	
535	0	0	0	
536	0	0	0	
537	0	0	0	
538	0	0	0	
539	0	0	0	
540	0	0	0	
541	0	0	0	
542	0	0	0	
543	0	0	0	
544	0	0	0	
545	0	0	0	
546	0	0	0	
547	0	0	0	
548	0	0	0	
549	0	0	0	
550	0	0	0	
551	0	0	0	
552	0	0	0	
553	0	0	0	
554	0	0	0	
555	0	0	0	
556	0	0	0	
557	0	0	0	
558	0	0	0	
559	0	0	0	
560	0	0	0	
561	0	0	0	
562	0	0	0	
563	0	0	0	
564	0	0	0	
565	0	0	0	
566	0	0	0	
567	0	0	0	
568	0	0	0	
569	0	0	0	
570	0	0	0	
571	0	0	0	
572	0	0	0	
573	0	0	0	
574	0	0	0	
575	0	0	0	
576	0	0	0	
577	0	0	0	
578	0	0	0	
579	0	0	0	
580	0	0	0	
581	0	0	0	
582	0	0	0	
583	0	0	0	
584	0	0	0	
585	0	0	0	
586	0	0	0	
587	0	0	0	
588	0	0	0	
589	0	0	0	
590	0	0	0	
591	0	0	0	
592	0	0	0	
593	0	0	0	
594	0	0	0	
595	0	0	0	
596	0	0	0	
597	0	0	0	
598	0	0	0	
599	0	0	0	
#NewRun
0	0	0	0	
1	0	0	0	
2	0	0	0	
3	0	0	0	
4	3.329197E-01	4.087550E-01	6.870229E-02	
5	3.163840E-01	3.556030E-01	2.890108E-01	
6	3.208501E-01	2.363806E-01	0	
7	0	0	0	
8	3.380906E-01	3.177786E-01	2.855119E-01	
9	3.369563E-01	3.390099E-01	1.372549E-01	
10	0	0	0	
11	3.223964E-01	3.199372E-01	7.356950E-01	
12	3.371585E-01	3.126396E-01	3.547386E-01	
13	3.355533E-01	3.681933E-01	5.709722E-01	
14	3.310680E-01	3.284822E-01	3.212813E-01	
15	0	0	0	
16	3.423732E-01	3.502122E-01	2.362039E-01	
17	3.388880E-01	3.235381E-01	2.704288E-01	
18	3.340900E-01	3.629304E-01	2.533212E-01	
19	3.340821E-01	3.484024E-01	3.377298E-02	
20	3.351703E-01	3.632628E-01	2.126151E-01	
21	3.345264E-01	3.141007E-01	2.823866E-01	
22	3.343842E-01	3.439135E-01	3.606369E-01	
23	3.355007E-01	3.290554E-01	2.563392E-01	
24	3.316093E-01	3.243536E-01	3.450960E-01	
25	3.332664E-01	3.259327E-01	3.915812E-01	
26	3.337769E-01	3.323389E-01	2.457750E-01	
27	3.303143E-01	3.194165E-01	2.354120E-01	
28	3.317374E-01	3.498577E-01	3.143898E-01	
29	3.289268E-01	3.180096E-01	2.633335E-01	
30	3.309487E-01	3.406948E-01	2.759654E-01	
31	3.280136E-01	3.058629E-01	4.409687E-01	
32	3.273617E-01	3.086460E-01	3.045374E-01	
33	3.278877E-01	3.110849E-01	2.811308E-01	
34	3.261581E-01	3.075302E-01	3.483322E-01	
35	3.291045E-01	3.529054E-01	4.496370E-01	
36	3.284286E-01	3.417873E-01	3.844707E-01	
37	3.245364E-01	3.288585E-01	3.468149E-01	
38	3.247571E-01	3.259500E-01	3.050315E-01	
39	3.262849E-01	3.190875E-01	3.794124E-01	
40	3.231071E-01	3.248321E-01	3.735203E-01	
41	3.246080E-01	3.225206E-01	3.331964E-01	
42	3.238678E-01	3.427429E-01	3.357555E-01	
43	3.244485E-01	3.105247E-01	2.778106E-01	
44	3.223219E-01	3.281715E-01	2.668755E-01	
45	3.272991E-01	3.243572E-01	3.189326E-01	
46	3.234073E-01	3.084402E-01	3.720009E-01	
47	3.250379E-01	3.260824E-01	2.867845E-01	
48	3.234005E-01	3.253021E-01	3.233683E-01	
49	3.226190E-01	3.081218E-01	3.203504E-01	
50	3.211969E-01	3.340245E-01	3.535484E-01	
51	3.223713E-01	3.349402E-01	3.612609E-01	
52	3.200445E-01	3.272906E-01	3.357065E-01	
53	3.197927E-01	3.168051E-01	3.577219E-01	
54	3.194483E-01	3.226794E-01	3.896989E-01	
55	3.213997E-01	3.417887E-01	3.117654E-01	
56	3.187773E-01	3.185185E-01	2.895223E-01	
57	3.179914E-01	3.141894E-01	3.248616E-01	
58	3.179123E-01	3.333945E-01	3.689559E-01	
59	3.167791E-01	3.272731E-01	3.599689E-01	
60	3.171215E-01	3.257198E-01	3.438102E-01	
61	3.149743E-01	3.228180E-01	3.199163E-01	
62	3.153076E-01	3.201649E-01	3.479150E-01	
63	3.152698E-01	3.297467E-01	2.829641E-01	
64	3.148019E-01	3.114694E-01	3.741989E-01	
65	3.145640E-01	3.106330E-01	3.235738E-01	
66	3.133489E-01	3.181455E-01	3.244630E-01	
67	3.130365E-01	3.127742E-01	3.622736E-01	
68	3.137053E-01	3.030609E-01	3.436204E-01	
69	3.106966E-01	3.056644E-01	3.570908E-01	
70	3.105384E-01	3.266906E-01	3.488677E-01	
71	3.106112E-01	3.258930E-01	3.014872E-01	
72	3.087251E-01	3.263150E-01	3.254218E-01	
73	3.078268E-01	3.240612E-01	3.095684E-01	
74	3.058815E-01	3.185924E-01	3.477443E-01	
75	3.058471E-01	3.152314E-01	2.995514E-01	
76	3.067220E-01	3.226247E-01	3.167381E-01	
77	3.046974E-01	3.250917E-01	3.505364E-01	
78	3.039296E-01	3.033377E-01	3.364431E-01	
79	3.056686E-01	3.153585E-01	3.108660E-01	
80	3.038097E-01	3.150555E-01	3.070578E-01	
81	3.028616E-01	3.078408E-01	3.289694E-01	
82	3.034440E-01	3.166220E-01	3.168077E-01	
83	3.036159E-01	3.136778E-01	3.245369E-01	
84	3.023894E-01	3.185604E-01	3.113581E-01	
85	3.029192E-01	3.217366E-01	3.106559E-01	
86	3.014467E-01	3.127338E-01	3.108935E-01	
87	3.033910E-01	3.076720E-01	2.935994E-01	
88	3.026439E-01	3.237077E-01	3.268400E-01	
89	3.028820E-01	3.204209E-01	2.882545E-01	
90	3.042852E-01	3.157346E-01	3.015078E-01	
91	3.044044E-01	3.230975E-01	2.834071E-01	
92	3.040780E-01	3.164906E-01	2.883710E-01	
93	3.066427E-01	3.247415E-01	2.994480E-01	
94	3.061963E-01	3.135134E-01	2.905374E-01	
95	3.066779E-01	3.220531E-01	3.191241E-01	
96	3.082370E-01	3.209106E-01	2.963727E-01	
97	3.084879E-01	3.166312E-01	2.942011E-01	
98	3.099069E-01	3.212926E-01	2.961956E-01	
99	3.113078E-01	3.224620E-01	2.927147E-01	
100	3.116256E-01	3.329165E-01	2.843913E-01	
101	3.139793E-01	3.332620E-01	2.969367E-01	
102	3.154740E-01	3.385468E-01	3.104662E-01	
103	3.172352E-01	3.265955E-01	2.869690E-01	
104	3.179538E-01	3.299396E-01	2.916303E-01	
105	3.216493E-01	3.230414E-01	3.156271E-01	
106	3.240011E-01	3.338871E-01	2.914828E-01	
107	3.250511E-01	3.452857E-01	2.901869E-01	
108	3.272350E-01	3.374937E-01	2.945588E-01	
109	3.303759E-01	3.437103E-01	2.849617E-01	
110	3.325593E-01	3.470036E-01	2.680697E-01	
111	3.346238E-01	3.505410E-01	2.792354E-01	
112	3.377996E-01	3.515910E-01	2.788570E-01	
113	3.411346E-01	3.448107E-01	2.929328E-01	
114	3.431973E-01	3.441717E-01	3.008878E-01	
115	3.456975E-01	3.547713E-01	2.789054E-01	
116	3.505740E-01	3.549422E-01	3.036414E-01	
117	3.540027E-01	3.658221E-01	3.027614E-01	
118	3.569448E-01	3.437061E-01	3.084510E-01	
119	3.600668E-01	3.633117E-01	3.065010E-01	
120	3.634932E-01	3.707421E-01	2.946049E-01	
121	3.668422E-01	3.594656E-01	3.139835E-01	
122	3.691816E-01	3.876901E-01	2.949613E-01	
123	3.729498E-01	3.681737E-01	3.127151E-01	
124	3.763431E-01	3.741977E-01	3.064430E-01	
125	3.811961E-01	3.922905E-01	2.984196E-01	
126	3.838973E-01	3.788803E-01	3.251754E-01	
127	3.894066E-01	4.015652E-01	3.115423E-01	
128	3.935860E-01	3.847692E-01	3.136246E-01	
129	3.978796E-01	3.925803E-01	3.073347E-01	
130	4.034676E-01	4.083978E-01	3.191445E-01	
131	4.072190E-01	4.038700E-01	3.138168E-01	
132	4.113015E-01	4.131008E-01	3.194746E-01	
133	4.150698E-01	4.099630E-01	3.140068E-01	
134	4.209952E-01	4.232940E-01	3.057929E-01	
135	4.250712E-01	4.108329E-01	3.052139E-01	
136	4.294101E-01	4.156307E-01	3.401199E-01	
137	4.356549E-01	4.236186E-01	3.223256E-01	
138	4.386207E-01	4.362369E-01	3.111561E-01	
139	4.441153E-01	4.174238E-01	3.315645E-01	
140	4.467371E-01	4.211900E-01	3.413039E-01	
141	4.528702E-01	4.394437E-01	3.183920E-01	
142	4.595930E-01	4.519330E-01	3.555674E-01	
143	4.637744E-01	4.439671E-01	3.650485E-01	
144	4.657079E-01	4.700189E-01	3.424836E-01	
145	4.727007E-01	4.552196E-01	3.320094E-01	
146	4.757261E-01	4.481122E-01	3.532857E-01	
147	4.817716E-01	4.582480E-01	3.404257E-01	
148	4.864884E-01	4.584198E-01	3.576658E-01	
149	4.893604E-01	4.637386E-01	3.438277E-01	
150	4.952398E-01	4.540944E-01	3.593344E-01	
151	4.980353E-01	4.627361E-01	3.563450E-01	
152	5.041051E-01	4.715986E-01	3.634236E-01	
153	5.091979E-01	4.569682E-01	3.335571E-01	
154	5.143527E-01	4.660249E-01	3.685444E-01	
155	5.172196E-01	4.827793E-01	3.431953E-01	
156	5.224296E-01	4.808092E-01	3.535498E-01	
157	5.254442E-01	5.170669E-01	3.597325E-01	
158	5.334792E-01	5.001857E-01	3.659701E-01	
159	5.418120E-01	5.088574E-01	3.587968E-01	
160	5.437791E-01	5.011333E-01	3.761423E-01	
161	5.512670E-01	5.002379E-01	3.588202E-01	
162	5.542738E-01	5.261686E-01	4.047848E-01	
163	5.631553E-01	5.055060E-01	3.590216E-01	
164	5.691618E-01	5.159450E-01	3.712264E-01	
165	5.724670E-01	4.824128E-01	3.814160E-01	
166	5.736936E-01	5.047281E-01	3.860975E-01	
167	5.888655E-01	4.915053E-01	3.860379E-01	
168	5.900570E-01	5.009769E-01	3.875861E-01	
169	5.906083E-01	4.800649E-01	3.751203E-01	
170	6.030306E-01	5.097356E-01	3.737891E-01	
171	6.080931E-01	5.511354E-01	3.837572E-01	
172	6.146445E-01	5.132022E-01	3.540833E-01	
173	6.130204E-01	5.188864E-01	3.607222E-01	
174	6.195574E-01	5.153493E-01	3.740137E-01	
175	6.220254E-01	4.829133E-01	3.549727E-01	
176	6.216122E-01	5.111462E-01	3.819744E-01	
177	6.263761E-01	5.103537E-01	3.730717E-01	
178	6.325057E-01	5.114142E-01	3.697779E-01	
179	6.337571E-01	5.063067E-01	3.861415E-01	
180	6.429081E-01	4.880625E-01	4.002692E-01	
181	6.548175E-01	4.948055E-01	3.725057E-01	
182	6.578074E-01	4.661277E-01	3.629103E-01	
183	6.551309E-01	4.717992E-01	3.617564E-01	
184	6.601101E-01	5.185351E-01	3.583546E-01	
185	6.574936E-01	4.711843E-01	3.933296E-01	
186	6.594142E-01	4.689549E-01	3.780073E-01	
187	6.697387E-01	4.808880E-01	3.574165E-01	
188	6.599107E-01	4.625587E-01	3.742227E-01	
189	6.699141E-01	4.989828E-01	3.705831E-01	
190	6.675780E-01	4.734484E-01	3.907163E-01	
191	6.711504E-01	4.752482E-01	3.596672E-01	
192	6.826303E-01	4.829800E-01	3.614532E-01	
193	6.897324E-01	5.034666E-01	3.799260E-01	
194	6.866359E-01	3.801783E-01	3.751128E-01	
195	6.832817E-01	4.059411E-01	3.730409E-01	
196	6.922002E-01	4.805813E-01	3.625869E-01	
197	6.908884E-01	4.446430E-01	3.607052E-01	
198	6.944311E-01	4.357348E-01	3.675539E-01	
199	6.842180E-01	3.993726E-01	3.528673E-01	
200	6.784075E-01	4.052666E-01	3.498106E-01	
201	6.747940E-01	4.426913E-01	3.443388E-01	
202	6.836186E-01	3.393533E-01	3.402116E-01	
203	6.713170E-01	4.101001E-01	3.867116E-01	
204	6.866458E-01	4.183869E-01	3.626233E-01	
205	6.636037E-01	3.936713E-01	3.526614E-01	
206	6.681290E-01	4.145868E-01	3.501100E-01	
207	6.861217E-01	4.020500E-01	3.587132E-01	
208	6.541666E-01	4.091672E-01	3.699424E-01	
209	6.458230E-01	3.812659E-01	3.579818E-01	
210	6.368059E-01	3.924567E-01	3.305656E-01	
211	6.602972E-01	3.579960E-01	3.322148E-01	
212	6.436544E-01	3.897545E-01	3.319860E-01	
213	6.279769E-01	3.571588E-01	3.361938E-01	
214	6.126894E-01	3.406738E-01	3.658103E-01	
215	5.735460E-01	4.025667E-01	3.509652E-01	
216	6.061165E-01	2.874832E-01	3.323918E-01	
217	6.189842E-01	4.065564E-01	3.279405E-01	
218	5.671919E-01	3.559031E-01	3.387605E-01	
219	5.932481E-01	3.401036E-01	3.356040E-01	
220	5.603039E-01	3.630383E-01	3.381814E-01	
221	5.575014E-01	3.657614E-01	3.249241E-01	
222	5.563464E-01	3.757688E-01	3.588789E-01	
223	5.108779E-01	3.119398E-01	3.417939E-01	
224	5.238089E-01	3.445799E-01	3.533052E-01	
225	5.219171E-01	3.167534E-01	3.354854E-01	
226	4.948673E-01	3.563598E-01	3.185793E-01	
227	4.627290E-01	3.316487E-01	3.513351E-01	
228	4.885609E-01	3.902512E-01	3.299633E-01	
229	4.228470E-01	3.659245E-01	3.521517E-01	
230	4.623659E-01	3.406938E-01	3.351282E-01	
231	4.285465E-01	4.024180E-01	3.255958E-01	
232	4.682514E-01	3.749651E-01	3.602455E-01	
233	4.036085E-01	3.285998E-01	3.195537E-01	
234	4.265119E-01	3.198838E-01	3.649907E-01	
235	3.453634E-01	3.414907E-01	3.367663E-01	
236	4.136220E-01	3.927906E-01	3.315648E-01	
237	3.632762E-01	3.411792E-01	3.231431E-01	
238	4.259611E-01	3.604081E-01	3.173734E-01	
239	3.502694E-01	3.237779E-01	3.299960E-01	
240	3.579299E-01	3.405311E-01	3.477108E-01	
241	3.448125E-01	2.818559E-01	3.338634E-01	
242	3.608300E-01	3.244428E-01	3.256707E-01	
243	3.412625E-01	2.814673E-01	3.415000E-01	
244	3.306910E-01	2.980282E-01	3.085346E-01	
245	3.179597E-01	3.306813E-01	3.168283E-01	
246	3.836785E-01	3.313525E-01	3.318990E-01	
247	3.626164E-01	3.533646E-01	3.268587E-01	
248	3.551635E-01	2.932424E-01	3.187712E-01	
249	3.475263E-01	3.231656E-01	3.380324E-01	
250	3.823548E-01	2.945625E-01	3.270941E-01	
251	3.446362E-01	3.304844E-01	3.205376E-01	
252	3.534877E-01	3.127397E-01	3.359863E-01	
253	3.689340E-01	3.451064E-01	3.192602E-01	
254	3.380830E-01	3.038680E-01	3.242008E-01	
255	3.591508E-01	3.571036E-01	3.169575E-01	
256	3.249906E-01	3.215109E-01	3.239825E-01	
257	3.359949E-01	2.694404E-01	3.246887E-01	
258	3.663539E-01	3.738891E-01	3.431055E-01	
259	3.367938E-01	3.275536E-01	3.318404E-01	
260	3.436238E-01	2.758381E-01	3.103950E-01	
261	3.752008E-01	3.081092E-01	3.375283E-01	
262	3.361854E-01	3.517346E-01	3.334630E-01	
263	3.529541E-01	3.005698E-01	3.150363E-01	
264	3.786423E-01	3.527890E-01	3.266390E-01	
265	3.644503E-01	2.906670E-01	3.102801E-01	
266	3.488274E-01	3.269896E-01	3.079558E-01	
267	3.512695E-01	3.008482E-01	3.072360E-01	
268	3.688994E-01	3.518621E-01	3.024488E-01	
269	3.353704E-01	3.375232E-01	3.078834E-01	
270	3.410413E-01	2.968487E-01	3.094605E-01	
271	4.052032E-01	2.983978E-01	2.976619E-01	
272	3.302179E-01	3.220674E-01	3.243680E-01	
273	3.165771E-01	2.868582E-01	3.004778E-01	
274	3.432844E-01	2.852326E-01	3.094120E-01	
275	3.315422E-01	2.977873E-01	3.051301E-01	
276	3.459832E-01	3.167234E-01	3.074771E-01	
277	3.321622E-01	2.873631E-01	2.955444E-01	
278	3.328845E-01	3.023542E-01	2.931309E-01	
279	3.251179E-01	2.939285E-01	3.122370E-01	
280	2.698228E-01	3.077071E-01	3.031591E-01	
281	2.648844E-01	3.051077E-01	2.975610E-01	
282	2.687129E-01	3.213839E-01	3.031710E-01	
283	3.218692E-01	2.807225E-01	2.854121E-01	
284	3.164588E-01	3.021601E-01	2.966321E-01	
285	2.462680E-01	3.353372E-01	2.906193E-01	
286	2.699557E-01	3.014890E-01	2.904515E-01	
287	2.502857E-01	2.930222E-01	2.781069E-01	
288	2.786309E-01	2.792053E-01	2.929361E-01	
289	2.759746E-01	3.008412E-01	3.058800E-01	
290	2.449306E-01	2.909266E-01	3.120725E-01	
291	2.900939E-01	3.101053E-01	2.894190E-01	
292	2.743411E-01	2.790372E-01	2.777882E-01	
293	2.533717E-01	3.080976E-01	3.013337E-01	
294	2.622946E-01	2.723521E-01	2.917641E-01	
295	2.586757E-01	3.312460E-01	3.239355E-01	
296	2.643419E-01	2.765861E-01	2.888174E-01	
297	2.802192E-01	2.768732E-01	3.014821E-01	
298	2.761403E-01	2.691251E-01	2.838928E-01	
299	2.715331E-01	2.924928E-01	2.811914E-01	
300	2.952641E-01	2.964341E-01	2.979609E-01	
301	2.919228E-01	2.652808E-01	2.962970E-01	
302	3.390787E-01	2.753478E-01	2.861686E-01	
303	3.193978E-01	2.741950E-01	2.991354E-01	
304	3.343671E-01	2.738623E-01	2.936440E-01	
305	3.425017E-01	2.886926E-01	2.908106E-01	
306	3.339380E-01	3.050432E-01	3.015920E-01	
307	3.599347E-01	3.167054E-01	2.862037E-01	
308	3.725426E-01	2.989721E-01	2.938823E-01	
309	3.273613E-01	2.915152E-01	2.783635E-01	
310	3.389367E-01	2.869585E-01	2.986955E-01	
311	3.438936E-01	2.932132E-01	2.874880E-01	
312	3.650497E-01	3.025815E-01	2.896784E-01	
313	3.277287E-01	2.685692E-01	2.968380E-01	
314	3.525001E-01	2.896023E-01	3.088150E-01	
315	3.277485E-01	3.030164E-01	2.854603E-01	
316	3.418338E-01	2.964267E-01	2.975915E-01	
317	3.121429E-01	2.595102E-01	2.970349E-01	
318	3.149713E-01	3.051305E-01	2.824404E-01	
319	3.372032E-01	2.920277E-01	2.819656E-01	
320	3.397542E-01	2.641927E-01	3.051804E-01	
321	3.510218E-01	2.695634E-01	2.936119E-01	
322	3.027074E-01	2.636449E-01	3.019772E-01	
323	3.406150E-01	3.189535E-01	2.870384E-01	
324	3.242741E-01	2.980834E-01	2.853521E-01	
325	3.555053E-01	2.527744E-01	2.924838E-01	
326	3.200758E-01	3.200914E-01	2.856351E-01	
327	3.150826E-01	2.842042E-01	2.740800E-01	
328	3.537340E-01	3.099567E-01	2.923858E-01	
329	3.100454E-01	2.870564E-01	2.916330E-01	
330	3.326461E-01	2.866592E-01	2.886392E-01	
331	2.953983E-01	2.705585E-01	2.938734E-01	
332	3.053341E-01	3.488618E-01	2.797446E-01	
333	2.855653E-01	2.795870E-01	2.828811E-01	
334	2.764574E-01	2.673296E-01	2.805663E-01	
335	3.108216E-01	3.026505E-01	3.036547E-01	
336	2.414853E-01	2.777883E-01	2.800243E-01	
337	2.665877E-01	3.039710E-01	2.890109E-01	
338	2.569678E-01	2.772964E-01	2.862170E-01	
339	2.290119E-01	2.917310E-01	2.781738E-01	
340	2.392592E-01	3.020373E-01	2.746945E-01	
341	2.451783E-01	3.227474E-01	2.867767E-01	
342	2.241138E-01	2.865499E-01	2.940654E-01	
343	2.531173E-01	3.080816E-01	2.839322E-01	
344	2.384816E-01	3.264486E-01	2.831309E-01	
345	2.379020E-01	2.610374E-01	2.832368E-01	
346	2.452001E-01	2.461794E-01	2.875313E-01	
347	2.579314E-01	3.208537E-01	2.921453E-01	
348	2.549996E-01	2.641887E-01	2.704168E-01	
349	2.360107E-01	2.753090E-01	2.898832E-01	
350	2.310081E-01	2.680446E-01	2.904165E-01	
351	2.612971E-01	2.620931E-01	2.796164E-01	
352	2.637276E-01	2.537415E-01	2.853806E-01	
353	2.567376E-01	3.174107E-01	2.912364E-01	
354	2.365668E-01	3.106618E-01	2.773101E-01	
355	2.244943E-01	2.660769E-01	2.828867E-01	
356	2.397950E-01	2.991631E-01	2.909388E-01	
357	2.419451E-01	2.485845E-01	2.834509E-01	
358	2.338743E-01	2.992393E-01	2.846798E-01	
359	2.578029E-01	2.508097E-01	2.875868E-01	
360	2.244009E-01	2.742820E-01	2.785490E-01	
361	2.255721E-01	2.833027E-01	2.699989E-01	
362	2.216827E-01	2.660845E-01	3.029171E-01	
363	2.327723E-01	2.895478E-01	2.969575E-01	
364	2.077785E-01	2.658530E-01	2.912067E-01	
365	2.066378E-01	2.574622E-01	2.885753E-01	
366	2.227956E-01	2.998791E-01	2.873466E-01	
367	1.990186E-01	2.593024E-01	2.675527E-01	
368	2.385195E-01	2.742701E-01	2.816493E-01	
369	2.344028E-01	2.663050E-01	2.997897E-01	
370	2.391145E-01	3.051858E-01	2.794760E-01	
371	2.314971E-01	2.860351E-01	2.705993E-01	
372	2.513231E-01	3.018052E-01	2.994798E-01	
373	2.289408E-01	2.646817E-01	2.990793E-01	
374	2.293376E-01	2.814312E-01	2.705402E-01	
375	2.435131E-01	3.089995E-01	2.869112E-01	
376	2.223108E-01	3.239673E-01	2.760269E-01	
377	2.488631E-01	2.456965E-01	2.812285E-01	
378	2.525206E-01	2.808200E-01	2.753510E-01	
379	2.320807E-01	2.752891E-01	2.731315E-01	
380	2.675501E-01	2.415667E-01	2.727082E-01	
381	2.617819E-01	2.459564E-01	2.758651E-01	
382	2.540425E-01	2.736941E-01	2.859884E-01	
383	2.823279E-01	2.808567E-01	3.005659E-01	
384	2.639732E-01	2.950216E-01	2.862139E-01	
385	2.809738E-01	2.568411E-01	2.881281E-01	
386	2.802408E-01	2.837209E-01	2.761647E-01	
387	2.438766E-01	2.908219E-01	2.920870E-01	
388	2.695011E-01	2.607701E-01	2.843883E-01	
389	2.938143E-01	2.948698E-01	2.717565E-01	
390	2.822922E-01	2.975775E-01	2.456234E-01	
391	3.323248E-01	3.230769E-01	2.725516E-01	
392	2.979331E-01	3.000061E-01	2.718052E-01	
393	2.691325E-01	2.836530E-01	2.755615E-01	
394	2.883058E-01	2.935470E-01	3.069773E-01	
395	3.161856E-01	3.038588E-01	2.723125E-01	
396	3.013857E-01	2.595031E-01	2.742273E-01	
397	3.139201E-01	3.065708E-01	2.681329E-01	
398	3.239065E-01	3.138420E-01	2.735562E-01	
399	3.050861E-01	2.768805E-01	2.975869E-01	
400	3.076440E-01	3.115318E-01	2.800332E-01	
401	2.839032E-01	3.615770E-01	2.614571E-01	
402	3.077890E-01	2.872726E-01	2.852476E-01	
403	3.008638E-01	3.419299E-01	2.708789E-01	
404	2.486844E-01	2.693587E-01	2.974064E-01	
405	2.709034E-01	2.392790E-01	2.714687E-01	
406	2.518688E-01	2.657916E-01	2.684059E-01	
407	2.412796E-01	2.964504E-01	2.910840E-01	
408	2.031610E-01	3.405880E-01	2.934915E-01	
409	2.614726E-01	3.069035E-01	2.786321E-01	
410	2.454485E-01	2.703854E-01	2.909964E-01	
411	2.439478E-01	3.059433E-01	3.054677E-01	
412	2.535825E-01	2.416443E-01	2.761403E-01	
413	2.358647E-01	2.987410E-01	2.869746E-01	
414	2.427160E-01	3.656085E-01	2.985087E-01	
415	2.158366E-01	2.205692E-01	2.833448E-01	
416	1.946380E-01	2.717497E-01	3.112820E-01	
417	1.735908E-01	2.489458E-01	2.973625E-01	
418	2.167451E-01	3.184526E-01	3.013951E-01	
419	1.962269E-01	3.430857E-01	3.040277E-01	
420	2.449047E-01	2.816811E-01	2.979781E-01	
421	2.127376E-01	3.031899E-01	2.941615E-01	
422	2.271674E-01	2.490358E-01	3.109943E-01	
423	2.746206E-01	2.775769E-01	2.849245E-01	
424	2.171679E-01	3.538503E-01	2.973938E-01	
425	2.608275E-01	2.147890E-01	2.739131E-01	
426	3.234347E-01	2.960178E-01	2.866204E-01	
427	3.493901E-01	2.500734E-01	3.061763E-01	
428	3.366425E-01	2.630216E-01	3.092867E-01	
429	3.150886E-01	3.171247E-01	2.989286E-01	
430	3.857337E-01	2.385657E-01	2.824462E-01	
431	3.301721E-01	2.362452E-01	3.016556E-01	
432	3.585704E-01	4.041373E-01	3.057513E-01	
433	3.954726E-01	3.059134E-01	3.120976E-01	
434	4.234990E-01	2.509003E-01	2.941992E-01	
435	4.787928E-01	2.941815E-01	3.112216E-01	
436	3.728482E-01	3.232172E-01	2.928284E-01	
437	4.209103E-01	3.150714E-01	2.787303E-01	
438	3.930382E-01	2.026824E-01	3.198486E-01	
439	3.479572E-01	2.409405E-01	2.833862E-01	
440	4.590775E-01	3.111814E-01	2.827795E-01	
441	3.306163E-01	2.504202E-01	2.879866E-01	
442	4.760218E-01	2.010058E-01	2.787990E-01	
443	3.169826E-01	2.453490E-01	2.936689E-01	
444	5.360161E-01	3.000036E-01	2.513158E-01	
445	3.150048E-01	2.832832E-01	3.351932E-01	
446	4.769670E-01	2.568794E-01	2.783701E-01	
447	2.640715E-01	3.173893E-01	3.163308E-01	
448	2.810781E-01	3.275951E-01	3.139564E-01	
449	3.630013E-01	3.257102E-01	2.860733E-01	
450	3.786277E-01	2.761214E-01	3.534708E-01	
451	2.659025E-01	3.068477E-01	2.904898E-01	
452	2.624428E-01	3.006752E-01	2.619279E-01	
453	9.741652E-02	3.453201E-01	2.766673E-01	
454	1.549947E-01	2.590590E-01	2.741599E-01	
455	2.331469E-01	2.848790E-01	2.290232E-01	
456	5.911011E-02	2.261883E-01	3.044992E-01	
457	2.185074E-01	3.948003E-01	2.865656E-01	
458	1.271693E-01	3.818423E-01	3.404885E-01	
459	1.700234E-01	2.563161E-01	2.514049E-01	
460	7.290860E-02	4.242456E-01	3.268166E-01	
461	8.638547E-02	3.291424E-01	3.313833E-01	
462	1.137116E-01	3.401109E-01	2.905082E-01	
463	1.038526E-01	5.026243E-01	3.376238E-01	
464	1.628348E-01	4.216974E-01	2.639022E-01	
465	2.012351E-01	5.433210E-01	2.517582E-01	
466	1.326550E-01	1.391598E-01	3.226923E-01	
467	5.119775E-02	4.246499E-01	2.855905E-01	
468	1.505233E-01	3.478228E-01	3.632047E-01	
469	7.755543E-02	2.487256E-01	2.301540E-01	
470	0	2.176888E-01	2.808891E-01	
471	1.326767E-01	2.910073E-01	3.136597E-01	
472	1.145473E-01	2.606596E-01	3.367250E-01	
473	9.838048E-02	4.790250E-01	3.918453E-01	
474	1.082558E-01	2.762138E-01	2.760569E-01	
475	0	2.038091E-01	3.128805E-01	
476	1.632837E-01	3.874994E-01	3.523298E-01	
477	0	5.567740E-01	4.009777E-01	
478	0	3.737290E-01	3.087614E-01	
479	0	4.967601E-01	3.209440E-01	
480	0	2.589750E-01	3.208743E-01	
481	0	3.372253E-01	3.476641E-01	
482	0	2.163296E-01	3.549705E-01	
483	0	4.099104E-01	3.019718E-01	
484	0	1.841717E-01	5.056574E-01	
485	0	2.699167E-01	3.336537E-01	
486	0	5.883825E-01	4.955617E-01	
487	0	3.745621E-01	3.242359E-01	
488	0	6.487894E-01	2.307025E-01	
489	0	2.359868E-01	3.512378E-01	
490	0	4.750491E-01	3.410878E-01	
491	0	2.269364E-01	3.639627E-01	
492	0	2.430918E-01	3.316977E-01	
493	0	0	2.212681E-01	
494	0	4.184948E-01	3.803243E-01	
495	0	0	9.983935E-01	
496	0	7.484673E-01	3.773588E-01	
497	0	4.274521E-01	4.461504E-01	
498	0	4.856898E-01	3.087177E-01	
499	0	0	6.359765E-01	
500	0	0	0	
501	0	5.642561E-01	4.544925E-01	
502	0	0	0	
503	0	1.256007E-01	5.050482E-01	
504	0	0	0	
505	0	0	6.227561E-01	
506	0	0	4.229757E-01	
507	0	0	0	
508	0	0	4.896111E-01	
509	0	0	0	
510	0	6.899303E-01	5.580503E-01	
511	0	0	0	
512	0	0	5.721147E-01	
513	0	0	0	
514	0	0	0	
515	0	0	0	
516	0	0	0	
517	0	0	0	
518	0	0	0	
519	0	0	0	
520	0	0	0	
521	0	0	0	
522	0	0	0	
523	0	0	0	
524	0	0	0	
525	0	0	0	
526	0	0	0	
527	0	0	0	
528	0	0	0	
529	0	0	0	
530	0	0	0	
531	0	0	0	
532	0	0	0	
533	0	0	0	
534	0	0	0	
535	0	0	0	
536	0	0	0	
537	0	0	0	
538	0	0	0	
539	0	0	0	
540	0	0	0	
541	0	0	0	
542	0	0	0	
543	0	0	0	
544	0	0	0	
545	0	0	0	
546	0	0	0	
547	0	0	0	
548	0	0	0	
549	0	0	0	
550	0	0	0	
551	0	0	0	
552	0	0	0	
553	0	0	0	
554	0	0	0	
555	0	0	0	
556	0	0	0	
557	0	0	0	
558	0	0	0	
559	0	0	0	
560	0	0	0	
561	0	0	0	
562	0	0	0	
563	0	0	0	
564	0	0	0	
565	0	0	0	
566	0	0	0	
567	0	0	0	
568	0	0	0	
569	0	0	0	
570	0	0	0	
571	0	0	0	
572	0	0	0	
573	0	0	0	
574	0	0	0	
575	0	0	0	
576	0	0	0	
577	0	0	0	
578	0	0	0	
579	0	0	0	
580	0	0	0	
581	0	0	0	
582	0	0	0	
583	0	0	0	
584	0	0	0	
585	0	0	0	
586	0	0	0	
587	0	0	0	
588	0	0	0	
589	0	0	0	
590	0	0	0	
591	0	0	0	
592	0	0	0	
593	0	0	0	
594	0	0	0	
595	0	0	0	
596	0	0	0	
597	0	0	0	
598	0	0	0	
599	0	0	0	
#NewRun
0	0	0	0	
1	0	0	0	
2	0	0	0	
3	0	0	0	
4	3.231612E-01	1.879027E-01	0	
5	3.132980E-01	2.695391E-01	3.766933E-01	
6	3.231722E-01	2.383776E-01	2.481667E-01	
7	0	0	0	
8	3.415227E-01	3.479667E-01	3.082699E-01	
9	3.406139E-01	2.483432E-01	3.009075E-01	
10	0	0	0	
11	3.552906E-01	3.228422E-01	5.372280E-01	
12	3.389096E-01	3.292681E-01	3.400801E-01	
13	3.428564E-01	3.496014E-01	5.033941E-01	
14	3.394873E-01	3.552383E-01	5.037848E-01	
15	0	0	0	
16	3.366633E-01	3.138213E-01	3.713129E-01	
17	3.353357E-01	3.275086E-01	1.604028E-01	
18	3.357903E-01	2.836990E-01	3.753622E-01	
19	3.346462E-01	3.587897E-01	3.716463E-01	
20	3.324806E-01	3.210615E-01	3.401022E-01	
21	3.331444E-01	3.363393E-01	2.947710E-01	
22	3.332271E-01	3.305024E-01	5.512694E-01	
23	3.335048E-01	3.181724E-01	3.699365E-01	
24	3.369398E-01	3.434117E-01	1.753870E-01	
25	3.330786E-01	3.305990E-01	2.025198E-01	
26	3.339337E-01	3.181513E-01	2.278413E-01	
27	3.373190E-01	2.952178E-01	2.292503E-01	
28	3.323362E-01	3.140439E-01	3.516033E-01	
29	3.333463E-01	3.239116E-01	3.123689E-01	
30	3.366846E-01	3.516022E-01	2.804822E-01	
31	3.276184E-01	3.598198E-01	2.672372E-01	
32	3.313924E-01	3.296868E-01	4.264914E-01	
33	3.327647E-01	3.239089E-01	3.067369E-01	
34	3.293087E-01	3.323586E-01	3.196784E-01	
35	3.296553E-01	3.351715E-01	3.461757E-01	
36	3.302472E-01	3.015332E-01	3.413540E-01	
37	3.303418E-01	3.423918E-01	4.247271E-01	
38	3.295811E-01	3.332549E-01	3.469734E-01	
39	3.317645E-01	3.070016E-01	3.104577E-01	
40	3.274492E-01	3.262782E-01	3.153544E-01	
41	3.257542E-01	3.421953E-01	3.726088E-01	
42	3.263432E-01	3.145181E-01	3.903737E-01	
43	3.245800E-01	3.283455E-01	3.658836E-01	
44	3.261755E-01	3.156865E-01	3.185172E-01	
45	3.260462E-01	3.357158E-01	2.933861E-01	
46	3.246529E-01	3.289794E-01	3.772103E-01	
47	3.262003E-01	3.034226E-01	2.519047E-01	
48	3.237222E-01	3.268707E-01	3.648027E-01	
49	3.211236E-01	3.320138E-01	3.424206E-01	
50	3.220599E-01	3.106476E-01	2.719045E-01	
51	3.181840E-01	3.209873E-01	3.399971E-01	
52	3.191589E-01	3.194909E-01	3.053201E-01	
53	3.167350E-01	3.365390E-01	3.911819E-01	
54	3.178722E-01	3.169612E-01	3.743821E-01	
55	3.156223E-01	3.241836E-01	4.066441E-01	
56	3.156908E-01	3.271981E-01	3.184614E-01	
57	3.143560E-01	3.170662E-01	3.669702E-01	
58	3.135795E-01	3.213355E-01	3.239371E-01	
59	3.157446E-01	3.292904E-01	3.598619E-01	
60	3.136418E-01	3.178650E-01	2.647308E-01	
61	3.132555E-01	3.217900E-01	3.574298E-01	
62	3.129307E-01	3.114365E-01	3.551220E-01	
63	3.125764E-01	3.159713E-01	3.385449E-01	
64	3.112701E-01	3.105857E-01	3.514038E-01	
65	3.092309E-01	3.214721E-01	3.069838E-01	
66	3.097043E-01	3.202057E-01	3.249808E-01	
67	3.093664E-01	3.168533E-01	3.243049E-01	
68	3.095579E-01	3.231266E-01	3.518458E-01	
69	3.071682E-01	3.238564E-01	2.998265E-01	
70	3.086017E-01	3.185385E-01	3.124778E-01	
71	3.079845E-01	3.232005E-01	3.256090E-01	
72	3.068537E-01	3.333348E-01	2.839697E-01	
73	3.068128E-01	3.165609E-01	3.337215E-01	
74	3.039028E-01	3.144491E-01	2.919041E-01	
75	3.056385E-01	3.064227E-01	3.012451E-01	
76	3.042344E-01	3.168011E-01	3.490552E-01	
77	3.046136E-01	3.245292E-01	3.167342E-01	
78	3.025865E-01	3.147516E-01	3.101424E-01	
79	3.052991E-01	3.230922E-01	3.075723E-01	
80	3.039821E-01	3.193397E-01	3.302401E-01	
81	3.034297E-01	3.117205E-01	2.885893E-01	
82	3.040872E-01	3.158479E-01	3.086561E-01	
83	3.036818E-01	3.188146E-01	2.494109E-01	
84	3.056733E-01	3.159302E-01	3.008440E-01	
85	3.031508E-01	3.124586E-01	3.192461E-01	
86	3.040801E-01	3.080024E-01	3.004255E-01	
87	3.061685E-01	3.085051E-01	2.900769E-01	
88	3.053153E-01	3.200389E-01	3.343271E-01	
89	3.049271E-01	3.245804E-01	3.208436E-01	
90	3.049342E-01	3.200885E-01	2.876229E-01	
91	3.055420E-01	3.091707E-01	2.748748E-01	
92	3.065166E-01	3.185616E-01	3.046207E-01	
93	3.068418E-01	3.266161E-01	3.006342E-01	
94	3.083861E-01	3.214363E-01	3.020858E-01	
95	3.080296E-01	3.234490E-01	3.096499E-01	
96	3.102476E-01	3.221272E-01	3.028616E-01	
97	3.117933E-01	3.259740E-01	2.941963E-01	
98	3.131925E-01	3.333191E-01	2.832736E-01	
99	3.137109E-01	3.333445E-01	2.985174E-01	
100	3.164225E-01	3.325003E-01	2.831070E-01	
101	3.170857E-01	3.175746E-01	3.006614E-01	
102	3.194521E-01	3.305308E-01	3.039949E-01	
103	3.195006E-01	3.331604E-01	2.843390E-01	
104	3.230055E-01	3.288642E-01	2.861695E-01	
105	3.252030E-01	3.345649E-01	2.774514E-01	
106	3.265681E-01	3.348380E-01	2.848916E-01	
107	3.274793E-01	3.345931E-01	3.143254E-01	
108	3.298320E-01	3.306808E-01	2.992081E-01	
109	3.327689E-01	3.408371E-01	2.956591E-01	
110	3.347355E-01	3.478732E-01	2.943045E-01	
111	3.351249E-01	3.407069E-01	2.858223E-01	
112	3.394993E-01	3.481205E-01	2.996834E-01	
113	3.408447E-01	3.488892E-01	3.085831E-01	
114	3.438172E-01	3.593994E-01	2.833386E-01	
115	3.463887E-01	3.598418E-01	3.021708E-01	
116	3.484482E-01	3.516159E-01	2.847287E-01	
117	3.507443E-01	3.457599E-01	3.060318E-01	
118	3.549870E-01	3.541311E-01	3.163700E-01	
119	3.569733E-01	3.786761E-01	2.984162E-01	
120	3.607164E-01	3.567393E-01	2.914366E-01	
121	3.643128E-01	3.618508E-01	3.138045E-01	
122	3.683790E-01	3.690201E-01	3.135000E-01	
123	3.718463E-01	3.629948E-01	3.362184E-01	
124	3.737000E-01	3.842642E-01	3.036693E-01	
125	3.798138E-01	3.731644E-01	2.960384E-01	
126	3.816588E-01	3.901292E-01	3.127023E-01	
127	3.862812E-01	3.885046E-01	3.265000E-01	
128	3.897963E-01	3.866268E-01	3.146481E-01	
129	3.925041E-01	3.905326E-01	2.898548E-01	
130	3.971985E-01	4.097860E-01	3.060542E-01	
131	4.011099E-01	3.990465E-01	3.220051E-01	
132	4.051028E-01	3.943620E-01	3.265400E-01	
133	4.102779E-01	3.851997E-01	3.046731E-01	
134	4.145052E-01	4.205255E-01	3.380770E-01	
135	4.174915E-01	4.061321E-01	3.260513E-01	
136	4.224248E-01	4.094166E-01	3.484307E-01	
137	4.253985E-01	4.259098E-01	3.276853E-01	
138	4.322559E-01	4.049741E-01	3.183006E-01	
139	4.375999E-01	4.141566E-01	3.217546E-01	
140	4.396664E-01	4.265377E-01	3.388402E-01	
141	4.458007E-01	4.253749E-01	3.227683E-01	
142	4.496040E-01	4.375313E-01	3.571083E-01	
143	4.545560E-01	4.386869E-01	3.316850E-01	
144	4.620223E-01	4.404088E-01	3.419291E-01	
145	4.623076E-01	4.461311E-01	3.435453E-01	
146	4.685902E-01	4.353599E-01	3.428330E-01	
147	4.699524E-01	4.253645E-01	3.407123E-01	
148	4.771991E-01	4.493681E-01	3.528708E-01	
149	4.806060E-01	4.625533E-01	3.602143E-01	
150	4.865277E-01	4.605255E-01	3.649821E-01	
151	4.921716E-01	4.632996E-01	3.742043E-01	
152	4.975276E-01	4.612236E-01	3.371489E-01	
153	5.028303E-01	4.690897E-01	3.687659E-01	
154	5.046773E-01	4.787126E-01	3.505935E-01	
155	5.152215E-01	4.815958E-01	3.557092E-01	
156	5.187576E-01	4.747676E-01	3.410427E-01	
157	5.202947E-01	4.852206E-01	3.709508E-01	
158	5.251238E-01	4.803552E-01	3.537445E-01	
159	5.294403E-01	4.771375E-01	3.728011E-01	
160	5.350392E-01	5.047029E-01	3.517910E-01	
161	5.423007E-01	4.862894E-01	3.652112E-01	
162	5.443603E-01	4.985054E-01	3.976157E-01	
163	5.482344E-01	4.838896E-01	3.723144E-01	
164	5.559359E-01	4.934818E-01	3.584390E-01	
165	5.617548E-01	4.995991E-01	3.852647E-01	
166	5.639426E-01	4.780322E-01	3.676275E-01	
167	5.640950E-01	4.884478E-01	3.735888E-01	
168	5.764154E-01	5.030038E-01	3.711571E-01	
169	5.777442E-01	4.870270E-01	3.688302E-01	
170	5.867532E-01	4.731949E-01	3.553291E-01	
171	5.876996E-01	4.969972E-01	3.647086E-01	
172	5.888881E-01	5.114375E-01	3.509800E-01	
173	5.955598E-01	4.862234E-01	3.718629E-01	
174	6.012585E-01	5.154088E-01	3.818736E-01	
175	6.052886E-01	4.740689E-01	3.802613E-01	
176	6.092994E-01	5.075817E-01	3.720699E-01	
177	6.169726E-01	5.040111E-01	3.541176E-01	
178	6.167405E-01	5.038583E-01	3.795406E-01	
179	6.294441E-01	4.685558E-01	3.671468E-01	
180	6.311653E-01	4.791618E-01	3.786828E-01	
181	6.327892E-01	4.967529E-01	3.659924E-01	
182	6.318079E-01	5.336009E-01	3.403934E-01	
183	6.350753E-01	5.200609E-01	3.750170E-01	
184	6.557578E-01	4.713593E-01	3.666357E-01	
185	6.459836E-01	4.827314E-01	3.902811E-01	
186	6.439410E-01	4.639645E-01	3.468998E-01	
187	6.542838E-01	4.257539E-01	3.819441E-01	
188	6.589983E-01	5.162009E-01	3.778832E-01	
189	6.686630E-01	4.923174E-01	3.802713E-01	
190	6.624439E-01	4.487198E-01	3.570819E-01	
191	6.533312E-01	4.316818E-01	3.673317E-01	
192	6.700217E-01	4.331647E-01	3.901634E-01	
193	6.713652E-01	4.515468E-01	3.718119E-01	
194	6.678128E-01	4.227271E-01	3.630837E-01	
195	6.811207E-01	4.601576E-01	3.626655E-01	
196	6.749198E-01	3.834732E-01	3.738562E-01	
197	6.686561E-01	4.189954E-01	3.796157E-01	
198	6.856312E-01	4.113729E-01	3.272839E-01	
199	6.712554E-01	3.685817E-01	3.408061E-01	
200	6.773583E-01	4.088523E-01	3.719692E-01	
201	6.817112E-01	4.401648E-01	3.650520E-01	
202	6.853464E-01	3.785359E-01	3.363796E-01	
203	6.567586E-01	4.720802E-01	3.377742E-01	
204	6.755865E-01	3.952202E-01	3.741901E-01	
205	6.684142E-01	3.845424E-01	3.619685E-01	
206	6.540087E-01	3.519356E-01	3.497689E-01	
207	6.466718E-01	4.094251E-01	3.584322E-01	
208	6.521662E-01	3.868818E-01	3.493385E-01	
209	6.729830E-01	3.872539E-01	3.402483E-01	
210	6.614290E-01	4.287151E-01	3.597130E-01	
211	6.419419E-01	3.606213E-01	3.356389E-01	
212	6.834527E-01	3.315502E-01	3.547884E-01	
213	6.531022E-01	3.924749E-01	3.392866E-01	
214	6.371283E-01	3.606795E-01	3.278172E-01	
215	6.420106E-01	3.599339E-01	3.433687E-01	
216	6.597075E-01	3.166868E-01	3.626901E-01	
217	6.234041E-01	2.981395E-01	3.421090E-01	
218	6.191972E-01	3.875122E-01	3.409365E-01	
219	5.955045E-01	3.051204E-01	3.343051E-01	
220	6.109062E-01	3.789304E-01	3.389841E-01	
221	6.088040E-01	3.726841E-01	3.250643E-01	
222	5.958948E-01	3.853604E-01	3.225956E-01	
223	6.048687E-01	3.037957E-01	3.439489E-01	
224	6.126696E-01	3.745350E-01	3.400297E-01	
225	5.913400E-01	3.428629E-01	3.324557E-01	
226	5.764760E-01	3.188387E-01	3.542684E-01	
227	5.944722E-01	3.597985E-01	3.455131E-01	
228	5.546017E-01	2.917629E-01	3.144712E-01	
229	5.580256E-01	3.452618E-01	3.268924E-01	
230	5.493305E-01	3.285187E-01	3.383063E-01	
231	5.279633E-01	3.411828E-01	3.296856E-01	
232	5.554282E-01	2.955089E-01	3.199985E-01	
233	5.222454E-01	3.237406E-01	3.256822E-01	
234	5.543141E-01	3.520479E-01	3.281777E-01	
235	5.385569E-01	3.216763E-01	3.265995E-01	
236	5.297983E-01	3.844401E-01	3.354543E-01	
237	5.125100E-01	3.396061E-01	3.359513E-01	
238	5.402024E-01	3.463122E-01	3.331099E-01	
239	5.252322E-01	3.071289E-01	3.388481E-01	
240	5.158260E-01	2.998828E-01	3.251817E-01	
241	4.986666E-01	3.549995E-01	3.237108E-01	
242	4.791222E-01	2.972439E-01	3.219210E-01	
243	4.524976E-01	3.370177E-01	3.352453E-01	
244	4.763301E-01	3.520204E-01	3.479599E-01	
245	4.675243E-01	3.055953E-01	3.276068E-01	
246	4.403430E-01	3.550297E-01	3.211890E-01	
247	4.512559E-01	2.724370E-01	3.244240E-01	
248	4.245833E-01	3.129832E-01	3.134337E-01	
249	4.161345E-01	2.932445E-01	3.596020E-01	
250	3.714826E-01	3.239819E-01	3.270640E-01	
251	4.187722E-01	4.023339E-01	3.227487E-01	
252	4.089651E-01	3.105441E-01	3.157424E-01	
253	4.044750E-01	3.414078E-01	3.234423E-01	
254	4.125800E-01	3.076271E-01	3.281126E-01	
255	3.955199E-01	2.892568E-01	3.272866E-01	
256	4.095665E-01	3.493110E-01	3.343061E-01	
257	4.011877E-01	3.784035E-01	3.235467E-01	
258	4.319325E-01	3.080053E-01	3.160284E-01	
259	3.965510E-01	3.405149E-01	3.123728E-01	
260	4.020775E-01	3.225584E-01	3.192042E-01	
261	3.931103E-01	3.345695E-01	3.266492E-01	
262	4.058551E-01	3.357523E-01	3.191023E-01	
263	3.501948E-01	2.953807E-01	3.259325E-01	
264	3.885829E-01	3.098722E-01	3.161199E-01	
265	3.511587E-01	2.740182E-01	3.106104E-01	
266	3.733967E-01	3.277189E-01	3.046874E-01	
267	3.314693E-01	3.073952E-01	3.375195E-01	
268	3.333967E-01	3.045256E-01	3.040791E-01	
269	3.434332E-01	3.098141E-01	3.145838E-01	
270	3.472776E-01	3.536573E-01	3.218897E-01	
271	3.609442E-01	2.970439E-01	3.121190E-01	
272	3.530181E-01	3.138393E-01	3.053643E-01	
273	3.462188E-01	3.529910E-01	3.187672E-01	
274	3.431055E-01	2.891304E-01	3.146434E-01	
275	3.235954E-01	3.336033E-01	3.177148E-01	
276	3.396135E-01	3.161529E-01	3.023957E-01	
277	3.710193E-01	2.837839E-01	2.934319E-01	
278	3.585727E-01	2.952603E-01	3.084329E-01	
279	3.208658E-01	2.826652E-01	3.038473E-01	
280	3.554992E-01	2.705574E-01	2.889532E-01	
281	3.364365E-01	2.779069E-01	2.865202E-01	
282	3.698661E-01	3.015048E-01	3.050309E-01	
283	3.782100E-01	2.716757E-01	3.029460E-01	
284	3.479122E-01	2.607995E-01	3.065401E-01	
285	3.264635E-01	2.814702E-01	3.031549E-01	
286	3.497746E-01	2.647715E-01	2.827013E-01	
287	3.862962E-01	2.684662E-01	2.894246E-01	
288	3.148773E-01	2.710947E-01	2.988565E-01	
289	3.474078E-01	2.670988E-01	2.728841E-01	
290	3.283826E-01	2.706041E-01	2.889491E-01	
291	3.271152E-01	2.806015E-01	3.045483E-01	
292	2.972735E-01	2.598498E-01	2.963541E-01	
293	3.394025E-01	2.890386E-01	2.959244E-01	
294	3.243274E-01	2.783546E-01	3.113920E-01	
295	2.772779E-01	2.617209E-01	2.980538E-01	
296	2.750082E-01	2.790734E-01	2.934406E-01	
297	2.780760E-01	2.560943E-01	2.908501E-01	
298	3.057891E-01	2.874735E-01	3.027829E-01	
299	2.729497E-01	2.619682E-01	2.827179E-01	
300	2.835984E-01	2.753901E-01	2.880341E-01	
301	2.659994E-01	2.982886E-01	2.907687E-01	
302	2.364452E-01	2.613281E-01	3.038549E-01	
303	2.590236E-01	3.027710E-01	2.903990E-01	
304	2.496304E-01	2.913208E-01	2.988170E-01	
305	2.660807E-01	3.045720E-01	2.980949E-01	
306	2.507731E-01	2.823500E-01	2.799535E-01	
307	2.379756E-01	3.244785E-01	2.841269E-01	
308	2.640947E-01	2.984393E-01	2.911063E-01	
309	2.711133E-01	3.056916E-01	3.014115E-01	
310	2.790152E-01	3.174562E-01	3.095934E-01	
311	2.625440E-01	2.921868E-01	3.008981E-01	
312	2.711020E-01	2.552135E-01	3.023828E-01	
313	2.662018E-01	2.768854E-01	3.028310E-01	
314	3.026840E-01	2.968850E-01	2.955906E-01	
315	2.870187E-01	3.455442E-01	2.920248E-01	
316	2.960138E-01	2.819957E-01	2.877722E-01	
317	2.775045E-01	2.955324E-01	2.975696E-01	
318	2.959852E-01	2.843568E-01	2.997705E-01	
319	2.696500E-01	2.707359E-01	2.957282E-01	
320	2.876901E-01	3.215849E-01	2.968835E-01	
321	2.932951E-01	3.070721E-01	3.114063E-01	
322	3.059754E-01	2.820023E-01	2.681006E-01	
323	2.776738E-01	2.667179E-01	2.866870E-01	
324	3.035397E-01	2.773445E-01	2.980224E-01	
325	2.725617E-01	2.912321E-01	2.810863E-01	
326	2.888420E-01	2.651546E-01	2.823365E-01	
327	2.574054E-01	3.365581E-01	3.116947E-01	
328	3.128031E-01	2.923488E-01	2.868046E-01	
329	2.725512E-01	2.820976E-01	2.949423E-01	
330	3.119936E-01	3.006573E-01	2.880216E-01	
331	2.966101E-01	2.993123E-01	2.860872E-01	
332	3.010123E-01	2.805257E-01	2.971815E-01	
333	3.063605E-01	2.990902E-01	2.844950E-01	
334	2.864651E-01	3.104831E-01	2.720555E-01	
335	3.257713E-01	2.767470E-01	2.916565E-01	
336	3.246572E-01	2.834812E-01	2.937116E-01	
337	3.090578E-01	3.173484E-01	2.898543E-01	
338	3.506579E-01	3.297408E-01	2.971697E-01	
339	3.440292E-01	3.020727E-01	2.757317E-01	
340	3.396025E-01	2.793617E-01	2.898955E-01	
341	2.961063E-01	2.840621E-01	2.877070E-01	
342	3.469517E-01	2.833135E-01	2.771569E-01	
343	3.040618E-01	2.721382E-01	3.085555E-01	
344	3.061066E-01	2.886262E-01	2.861149E-01	
345	3.042745E-01	2.916470E-01	3.074791E-01	
346	2.884881E-01	2.618776E-01	2.861931E-01	
347	3.075535E-01	3.102473E-01	2.852519E-01	
348	3.270100E-01	2.700894E-01	2.769362E-01	
349	3.045746E-01	3.029551E-01	2.945023E-01	
350	3.048483E-01	2.403152E-01	3.190320E-01	
351	2.917578E-01	3.082206E-01	2.971246E-01	
352	3.103113E-01	2.797115E-01	2.748330E-01	
353	3.142122E-01	3.207297E-01	2.915610E-01	
354	2.697738E-01	2.508556E-01	2.859900E-01	
355	2.918666E-01	2.889253E-01	2.782578E-01	
356	2.853293E-01	2.444492E-01	2.858031E-01	
357	2.799071E-01	3.147568E-01	3.092409E-01	
358	2.595276E-01	2.948422E-01	3.024310E-01	
359	2.386372E-01	2.620313E-01	2.970829E-01	
360	2.746656E-01	2.506501E-01	2.810841E-01	
361	2.574640E-01	3.116466E-01	2.662937E-01	
362	2.855597E-01	2.822214E-01	2.974354E-01	
363	2.549400E-01	3.210685E-01	2.956741E-01	
364	2.381292E-01	2.771273E-01	2.676776E-01	
365	2.408794E-01	2.883443E-01	2.903164E-01	
366	2.712677E-01	2.384366E-01	3.060492E-01	
367	2.569118E-01	2.837498E-01	2.827842E-01	
368	2.677091E-01	2.581195E-01	3.032899E-01	
369	2.593153E-01	2.675817E-01	2.880326E-01	
370	2.527802E-01	2.715378E-01	2.941313E-01	
371	2.753030E-01	2.772752E-01	2.839907E-01	
372	2.703792E-01	3.120822E-01	2.764759E-01	
373	2.756086E-01	3.007293E-01	2.979653E-01	
374	2.572546E-01	3.042537E-01	2.779135E-01	
375	2.649859E-01	2.759122E-01	2.674787E-01	
376	3.086907E-01	3.420990E-01	2.782172E-01	
377	3.234397E-01	2.842503E-01	2.873784E-01	
378	2.993256E-01	2.912921E-01	2.884592E-01	
379	2.659965E-01	2.568942E-01	2.836860E-01	
380	3.014820E-01	2.529495E-01	2.846616E-01	
381	2.675302E-01	2.808997E-01	2.765144E-01	
382	2.916013E-01	2.950838E-01	2.705454E-01	
383	2.796429E-01	2.964954E-01	2.795973E-01	
384	2.863474E-01	2.901107E-01	2.986577E-01	
385	2.582882E-01	2.693810E-01	2.729060E-01	
386	2.817474E-01	2.995147E-01	2.923526E-01	
387	2.722385E-01	2.649605E-01	2.803696E-01	
388	2.889755E-01	2.693784E-01	2.850797E-01	
389	2.815966E-01	2.904213E-01	2.664461E-01	
390	2.943727E-01	2.728014E-01	2.886277E-01	
391	2.773821E-01	2.715181E-01	2.749684E-01	
392	2.787632E-01	2.696896E-01	2.902449E-01	
393	2.831033E-01	1.995931E-01	2.864269E-01	
394	2.604352E-01	2.898682E-01	3.073786E-01	
395	2.826811E-01	2.553917E-01	2.840921E-01	
396	2.867975E-01	2.904636E-01	2.847465E-01	
397	2.880833E-01	2.495856E-01	2.816739E-01	
398	2.543614E-01	2.881678E-01	2.733294E-01	
399	2.341783E-01	2.840265E-01	2.675421E-01	
400	3.223117E-01	2.638843E-01	2.799184E-01	
401	2.608560E-01	2.460674E-01	2.922540E-01	
402	3.077025E-01	3.382045E-01	2.834639E-01	
403	2.893137E-01	3.113787E-01	2.909919E-01	
404	3.255934E-01	2.735380E-01	2.671411E-01	
405	3.445233E-01	2.554927E-01	2.722936E-01	
406	3.184259E-01	2.771592E-01	2.609401E-01	
407	2.626566E-01	2.770817E-01	2.809789E-01	
408	2.524273E-01	3.225272E-01	3.082740E-01	
409	2.731476E-01	2.889008E-01	2.945670E-01	
410	2.961900E-01	2.840201E-01	2.935489E-01	
411	2.961858E-01	2.409623E-01	2.799648E-01	
412	2.982240E-01	2.455507E-01	2.765554E-01	
413	2.416872E-01	3.107245E-01	2.833403E-01	
414	3.328682E-01	2.448119E-01	2.886796E-01	
415	3.234667E-01	2.969663E-01	2.841481E-01	
416	3.188538E-01	2.498943E-01	3.125115E-01	
417	3.770312E-01	2.851494E-01	3.099326E-01	
418	3.770510E-01	2.695246E-01	3.050528E-01	
419	3.626856E-01	4.325565E-01	3.237734E-01	
420	3.595608E-01	2.422485E-01	2.973665E-01	
421	3.928305E-01	3.031388E-01	3.008427E-01	
422	4.062797E-01	3.051375E-01	3.068335E-01	
423	3.542138E-01	3.273884E-01	3.188499E-01	
424	4.631537E-01	2.957005E-01	3.111555E-01	
425	3.115629E-01	3.261988E-01	2.703047E-01	
426	4.260445E-01	3.388851E-01	3.278135E-01	
427	3.245501E-01	3.057431E-01	3.109245E-01	
428	3.306641E-01	2.525233E-01	2.785039E-01	
429	2.749939E-01	2.202083E-01	3.211079E-01	
430	3.230685E-01	2.820154E-01	2.877916E-01	
431	3.579315E-01	4.006855E-01	2.674458E-01	
432	3.299009E-01	2.634039E-01	2.902508E-01	
433	2.860263E-01	3.190080E-01	3.028020E-01	
434	3.651092E-01	3.447066E-01	2.775660E-01	
435	3.724779E-01	1.806153E-01	3.172318E-01	
436	3.467670E-01	3.833634E-01	3.316062E-01	
437	3.337465E-01	3.576911E-01	2.820169E-01	
438	3.336610E-01	3.118120E-01	2.830019E-01	
439	3.166396E-01	2.265611E-01	3.039876E-01	
440	2.483143E-01	2.892239E-01	2.780296E-01	
441	3.435769E-01	3.659304E-01	2.813438E-01	
442	3.430284E-01	3.131453E-01	2.745950E-01	
443	3.218976E-01	2.082644E-01	2.647958E-01	
444	2.689425E-01	2.488853E-01	2.921967E-01	
445	3.020752E-01	2.434649E-01	3.066540E-01	
446	3.415543E-01	2.962728E-01	3.179084E-01	
447	1.832235E-01	3.477722E-01	3.229886E-01	
448	3.795035E-01	2.517757E-01	2.873303E-01	
449	2.355912E-01	3.779233E-01	3.545908E-01	
450	3.364089E-01	2.855870E-01	2.870776E-01	
451	3.003518E-01	2.455051E-01	2.826211E-01	
452	1.636682E-01	3.464606E-01	2.392652E-01	
453	3.785880E-01	2.964571E-01	2.528594E-01	
454	3.200988E-01	2.550748E-01	2.964215E-01	
455	3.237500E-01	3.465340E-01	2.711398E-01	
456	3.644275E-01	3.820443E-01	2.581825E-01	
457	3.803472E-01	2.221589E-01	3.006567E-01	
458	3.314379E-01	2.091189E-01	3.511047E-01	
459	3.772060E-01	2.197828E-01	2.576775E-01	
460	3.742407E-01	3.424342E-01	2.645473E-01	
461	3.627779E-01	3.427705E-01	2.996888E-01	
462	2.857405E-01	2.955672E-01	3.523741E-01	
463	2.910427E-01	1.606004E-01	3.140359E-01	
464	3.302740E-01	3.646089E-01	3.437349E-01	
465	2.471314E-01	3.451594E-01	3.489122E-01	
466	2.534284E-01	2.746022E-01	3.859793E-01	
467	2.626040E-01	3.934944E-01	3.323699E-01	
468	3.998194E-01	3.924989E-01	2.975558E-01	
469	4.050342E-01	1.314269E-01	3.188339E-01	
470	2.405786E-01	2.843974E-01	3.850262E-01	
471	3.326928E-01	3.075608E-01	2.753133E-01	
472	1.920014E-01	2.950827E-01	3.553862E-01	
473	3.350109E-01	2.280496E-01	3.477641E-01	
474	1.955015E-01	1.897253E-01	3.422311E-01	
475	3.842855E-01	3.072795E-01	2.100945E-01	
476	3.147564E-01	2.602166E-01	2.964715E-01	
477	2.361087E-01	1.580619E-01	3.282297E-01	
478	3.709468E-01	5.500227E-02	2.954003E-01	
479	3.195710E-01	3.082802E-01	3.148597E-01	
480	5.644329E-01	2.538394E-01	2.996789E-01	
481	3.081000E-01	4.133219E-01	3.115342E-01	
482	6.025151E-01	2.750323E-01	4.230581E-01	
483	3.624824E-01	3.092413E-01	2.393005E-01	
484	4.677874E-01	1.696744E-01	3.836215E-01	
485	3.751044E-01	3.347154E-01	3.271720E-01	
486	3.241200E-01	0	4.515906E-01	
487	5.390640E-01	2.442801E-01	4.012683E-01	
488	3.269927E-01	3.917487E-01	4.354091E-01	
489	8.095477E-02	4.614314E-01	3.010547E-01	
490	3.624177E-01	2.363017E-01	4.667445E-01	
491	3.049183E-01	3.410316E-01	4.951340E-01	
492	1.439425E-01	6.927240E-01	3.179435E-01	
493	3.722546E-01	0	7.762670E-01	
494	1.431514E-01	4.688025E-01	3.911164E-01	
495	0	0	5.444565E-01	
496	2.560036E-02	4.204894E-01	3.757372E-01	
497	0	2.908945E-01	5.247104E-01	
498	0	3.898808E-01	3.973404E-01	
499	3.272111E-01	1.587621E-01	4.217077E-01	
500	0	0	0	
501	6.460890E-02	9.486119E-01	4.675476E-01	
502	0	0	0	
503	9.745582E-02	6.248432E-01	3.529010E-01	
504	0	0	0	
505	9.486446E-02	0	4.204023E-01	
506	0	0	5.982925E-01	
507	0	0	0	
508	0	0	4.650957E-01	
509	0	0	0	
510	1.545247E-01	4.795284E-01	7.521032E-01	
511	0	0	0	
512	0	0	7.710595E-01	
513	0	0	0	
514	0	0	0	
515	0	0	0	
516	0	0	0	
517	0	5.033673E-01	0	
518	0	0	0	
519	0	0	0	
520	0	0	0	
521	0	0	0	
522	0	0	0	
523	0	0	0	
524	0	0	0	
525	0	0	0	
526	0	0	0	
527	0	0	0	
528	0	0	0	
529	0	0	0	
530	0	0	0	
531	0	0	0	
532	0	0	0	
533	0	0	0	
534	0	0	0	
535	0	0	0	
536	0	0	0	
537	0	0	0	
538	0	0	0	
539	0	0	0	
540	0	0	0	
541	0	0	0	
542	0	0	0	
543	0	0	0	
544	0	0	0	
545	0	0	0	
546	0	0	0	
547	0	0	0	
548	0	0	0	
549	0	0	0	
550	0	0	0	
551	0	0	0	
552	0	0	0	
553	0	0	0	
554	0	0	0	
555	0	0	0	
556	0	0	0	
557	0	0	0	
558	0	0	0	
559	0	0	0	
560	0	0	0	
561	0	0	0	
562	0	0	0	
563	0	0	0	
564	0	0	0	
565	0	0	0	
566	0	0	0	
567	0	0	0	
568	0	0	0	
569	0	0	0	
570	0	0	0	
571	0	0	0	
572	0	0	0	
573	0	0	0	
574	0	0	0	
575	0	0	0	
576	0	0	0	
577	0	0	0	
578	0	0	0	
579	0	0	0	
580	0	0	0	
581	0	0	0	
582	0	0	0	
583	0	0	0	
584	0	0	0	
585	0	0	0	
586	0	0	0	
587	0	0	0	
588	0	0	0	
589	0	0	0	
590	0	0	0	
591	0	0	0	
592	0	0	0	
593	0	0	0	
594	0	0	0	
595	0	0	0	
596	0	0	0	
597	0	0	0	
598	0	0	0	
599	0	0	0	
#NewRun
