#COM_Bin	Avg_cosine_squared
#Order is chain type
0	0	0	0	
1	0	0	0	
2	0	0	0	
3	0	0	0	
4	3.340869E-01	3.828798E-01	3.272914E-01	
5	3.325900E-01	3.014062E-01	3.393850E-01	
6	3.136908E-01	1.761892E-01	3.041199E-01	
7	0	0	0	
8	3.337305E-01	3.185616E-01	3.401759E-01	
9	3.328166E-01	2.713858E-01	3.418293E-01	
10	0	0	0	
11	3.334562E-01	3.375417E-01	3.146007E-01	
12	3.371075E-01	3.434049E-01	3.192581E-01	
13	3.254591E-01	2.705727E-01	3.129850E-01	
14	3.335316E-01	3.119832E-01	3.120599E-01	
15	0	0	0	
16	3.315125E-01	3.193004E-01	3.235079E-01	
17	3.281026E-01	2.904564E-01	3.223866E-01	
18	3.364959E-01	3.237566E-01	3.183973E-01	
19	3.299441E-01	3.429840E-01	3.322323E-01	
20	3.343158E-01	3.508793E-01	3.267500E-01	
21	3.313578E-01	3.505291E-01	3.252200E-01	
22	3.403950E-01	3.407282E-01	3.233240E-01	
23	3.330845E-01	3.557600E-01	3.188517E-01	
24	3.321622E-01	3.435410E-01	3.282028E-01	
25	3.347536E-01	3.878896E-01	3.332914E-01	
26	3.331285E-01	3.314472E-01	3.319199E-01	
27	3.303745E-01	3.448404E-01	3.402811E-01	
28	3.326155E-01	3.697579E-01	3.301786E-01	
29	3.309372E-01	3.907305E-01	3.311598E-01	
30	3.307367E-01	3.711221E-01	3.352970E-01	
31	3.328377E-01	3.773029E-01	3.293434E-01	
32	3.299723E-01	3.736355E-01	3.369157E-01	
33	3.292697E-01	3.848353E-01	3.373565E-01	
34	3.273176E-01	4.002875E-01	3.313618E-01	
35	3.284312E-01	3.818013E-01	3.334006E-01	
36	3.279362E-01	4.047615E-01	3.376419E-01	
37	3.263004E-01	3.732914E-01	3.323305E-01	
38	3.282132E-01	4.132813E-01	3.323596E-01	
39	3.239448E-01	3.775889E-01	3.340910E-01	
40	3.234292E-01	3.746067E-01	3.330018E-01	
41	3.266393E-01	3.672045E-01	3.286055E-01	
42	3.226912E-01	3.595329E-01	3.247271E-01	
43	3.261861E-01	3.683555E-01	3.248605E-01	
44	3.241757E-01	3.587343E-01	3.279409E-01	
45	3.230120E-01	3.579799E-01	3.277294E-01	
46	3.263466E-01	3.466747E-01	3.222306E-01	
47	3.226948E-01	3.718782E-01	3.179318E-01	
48	3.248243E-01	3.481102E-01	3.234842E-01	
49	3.239344E-01	3.518636E-01	3.228351E-01	
50	3.241140E-01	3.433065E-01	3.227525E-01	
51	3.260587E-01	3.432418E-01	3.200435E-01	
52	3.258688E-01	3.427022E-01	3.237270E-01	
53	3.242163E-01	3.337265E-01	3.244270E-01	
54	3.239618E-01	3.364890E-01	3.238901E-01	
55	3.232317E-01	3.253136E-01	3.211294E-01	
56	3.257808E-01	3.408947E-01	3.248914E-01	
57	3.226707E-01	3.241562E-01	3.242899E-01	
58	3.240617E-01	3.260352E-01	3.260549E-01	
59	3.215976E-01	3.170157E-01	3.226392E-01	
60	3.209801E-01	3.289675E-01	3.237925E-01	
61	3.215242E-01	3.121425E-01	3.260997E-01	
62	3.201812E-01	3.215215E-01	3.241590E-01	
63	3.196856E-01	3.241567E-01	3.240394E-01	
64	3.194938E-01	3.263894E-01	3.247787E-01	
65	3.164292E-01	3.219482E-01	3.259949E-01	
66	3.174512E-01	3.263137E-01	3.249946E-01	
67	3.158395E-01	3.204955E-01	3.257376E-01	
68	3.151482E-01	3.232299E-01	3.269159E-01	
69	3.142414E-01	3.185193E-01	3.249779E-01	
70	3.122116E-01	3.229065E-01	3.213079E-01	
71	3.132299E-01	3.115630E-01	3.204704E-01	
72	3.120732E-01	3.263009E-01	3.266428E-01	
73	3.111282E-01	3.234057E-01	3.203868E-01	
74	3.097457E-01	3.208294E-01	3.224876E-01	
75	3.077508E-01	3.332024E-01	3.190738E-01	
76	3.080309E-01	3.284612E-01	3.214376E-01	
77	3.079536E-01	3.360039E-01	3.183547E-01	
78	3.064707E-01	3.168844E-01	3.153840E-01	
79	3.073858E-01	3.248572E-01	3.145066E-01	
80	3.069310E-01	3.214172E-01	3.143817E-01	
81	3.042733E-01	3.201964E-01	3.132587E-01	
82	3.050374E-01	3.252741E-01	3.108495E-01	
83	3.056632E-01	3.311600E-01	3.099954E-01	
84	3.060386E-01	3.149934E-01	3.096714E-01	
85	3.040785E-01	3.187306E-01	3.075789E-01	
86	3.055238E-01	3.171562E-01	3.067742E-01	
87	3.064844E-01	3.161889E-01	3.032057E-01	
88	3.054835E-01	3.123379E-01	3.046122E-01	
89	3.059700E-01	3.095105E-01	3.016752E-01	
90	3.063633E-01	3.050172E-01	3.012380E-01	
91	3.058942E-01	3.109657E-01	3.005577E-01	
92	3.059519E-01	3.152227E-01	3.006162E-01	
93	3.071833E-01	3.015053E-01	2.985142E-01	
94	3.066511E-01	3.032099E-01	2.964280E-01	
95	3.088288E-01	3.005416E-01	2.960040E-01	
96	3.083748E-01	3.111425E-01	2.975647E-01	
97	3.093530E-01	3.061791E-01	2.931004E-01	
98	3.114384E-01	3.021870E-01	2.922590E-01	
99	3.103365E-01	3.051945E-01	2.922880E-01	
100	3.122837E-01	3.036407E-01	2.937933E-01	
101	3.129091E-01	3.034036E-01	2.919191E-01	
102	3.137578E-01	3.053798E-01	2.917901E-01	
103	3.150203E-01	3.039521E-01	2.908426E-01	
104	3.166776E-01	2.969071E-01	2.936611E-01	
105	3.180526E-01	2.962868E-01	2.913756E-01	
106	3.184208E-01	3.126825E-01	2.928980E-01	
107	3.211386E-01	3.083182E-01	2.919149E-01	
108	3.222705E-01	3.099104E-01	2.945710E-01	
109	3.239978E-01	3.047439E-01	2.941923E-01	
110	3.261756E-01	3.033203E-01	2.947661E-01	
111	3.264091E-01	3.143935E-01	2.939888E-01	
112	3.290135E-01	3.021393E-01	2.955137E-01	
113	3.307432E-01	3.140986E-01	2.962949E-01	
114	3.331490E-01	3.121548E-01	2.959814E-01	
115	3.325818E-01	3.071420E-01	2.979344E-01	
116	3.374625E-01	3.113293E-01	2.993221E-01	
117	3.402835E-01	3.187004E-01	2.992733E-01	
118	3.419863E-01	3.167145E-01	2.995968E-01	
119	3.424736E-01	3.220197E-01	3.016124E-01	
120	3.458240E-01	3.183629E-01	3.015342E-01	
121	3.501280E-01	3.175057E-01	3.032627E-01	
122	3.512015E-01	3.168599E-01	3.050754E-01	
123	3.539409E-01	3.236507E-01	3.055239E-01	
124	3.576746E-01	3.197819E-01	3.063285E-01	
125	3.604673E-01	3.237199E-01	3.080909E-01	
126	3.624647E-01	3.298869E-01	3.085527E-01	
127	3.655098E-01	3.298843E-01	3.102759E-01	
128	3.699265E-01	3.292671E-01	3.101440E-01	
129	3.711380E-01	3.251283E-01	3.131541E-01	
130	3.744662E-01	3.230348E-01	3.172977E-01	
131	3.769697E-01	3.293084E-01	3.184769E-01	
132	3.818030E-01	3.300215E-01	3.172266E-01	
133	3.836452E-01	3.343811E-01	3.203678E-01	
134	3.881336E-01	3.305154E-01	3.219830E-01	
135	3.915976E-01	3.417966E-01	3.248364E-01	
136	3.952235E-01	3.353748E-01	3.256457E-01	
137	4.003487E-01	3.371477E-01	3.282289E-01	
138	4.017960E-01	3.356965E-01	3.289807E-01	
139	4.045977E-01	3.339981E-01	3.317996E-01	
140	4.066311E-01	3.426030E-01	3.328078E-01	
141	4.117091E-01	3.404320E-01	3.350360E-01	
142	4.143701E-01	3.454302E-01	3.360055E-01	
143	4.189171E-01	3.405719E-01	3.383240E-01	
144	4.209414E-01	3.521439E-01	3.407525E-01	
145	4.246856E-01	3.559954E-01	3.399121E-01	
146	4.276140E-01	3.425239E-01	3.439502E-01	
147	4.323742E-01	3.534574E-01	3.428847E-01	
148	4.340903E-01	3.645592E-01	3.454192E-01	
149	4.381523E-01	3.453370E-01	3.489058E-01	
150	4.432053E-01	3.640287E-01	3.492260E-01	
151	4.469628E-01	3.614252E-01	3.534715E-01	
152	4.521660E-01	3.681785E-01	3.543827E-01	
153	4.559898E-01	3.704931E-01	3.568151E-01	
154	4.640511E-01	3.723894E-01	3.594679E-01	
155	4.616612E-01	3.853650E-01	3.597925E-01	
156	4.702827E-01	3.892772E-01	3.623881E-01	
157	4.743884E-01	3.941445E-01	3.653918E-01	
158	4.793161E-01	3.891829E-01	3.683708E-01	
159	4.820718E-01	4.043329E-01	3.685828E-01	
160	4.877732E-01	4.051470E-01	3.738391E-01	
161	4.904675E-01	3.957355E-01	3.759799E-01	
162	4.936954E-01	4.024138E-01	3.781803E-01	
163	5.001253E-01	3.929386E-01	3.796646E-01	
164	5.012822E-01	4.095456E-01	3.835505E-01	
165	5.085933E-01	4.191894E-01	3.861576E-01	
166	5.110782E-01	4.284265E-01	3.904135E-01	
167	5.126447E-01	4.146579E-01	3.905491E-01	
168	5.164696E-01	4.312640E-01	3.938411E-01	
169	5.200317E-01	4.185815E-01	3.963466E-01	
170	5.248607E-01	4.341347E-01	3.976261E-01	
171	5.303880E-01	4.421078E-01	4.001738E-01	
172	5.278721E-01	4.298517E-01	4.032657E-01	
173	5.347067E-01	4.293206E-01	4.053708E-01	
174	5.353966E-01	4.247622E-01	4.073515E-01	
175	5.352828E-01	4.314809E-01	4.105612E-01	
176	5.384921E-01	4.349152E-01	4.120493E-01	
177	5.431043E-01	4.178321E-01	4.143672E-01	
178	5.456213E-01	4.216615E-01	4.158425E-01	
179	5.482848E-01	4.046383E-01	4.157239E-01	
180	5.463258E-01	4.252548E-01	4.182126E-01	
181	5.505446E-01	4.280269E-01	4.186468E-01	
182	5.549383E-01	4.222820E-01	4.214010E-01	
183	5.572596E-01	4.124545E-01	4.183521E-01	
184	5.655961E-01	4.240029E-01	4.227500E-01	
185	5.608587E-01	4.421093E-01	4.210983E-01	
186	5.693824E-01	4.126581E-01	4.242644E-01	
187	5.649958E-01	4.329505E-01	4.218549E-01	
188	5.670894E-01	4.402860E-01	4.254564E-01	
189	5.813490E-01	4.360070E-01	4.233764E-01	
190	5.754711E-01	4.402413E-01	4.259676E-01	
191	5.749473E-01	4.302550E-01	4.250894E-01	
192	5.782557E-01	4.305805E-01	4.245089E-01	
193	5.848093E-01	4.437415E-01	4.274840E-01	
194	5.904794E-01	4.327760E-01	4.236438E-01	
195	5.941317E-01	4.137031E-01	4.261116E-01	
196	5.916227E-01	4.227613E-01	4.293116E-01	
197	5.972849E-01	4.187715E-01	4.291793E-01	
198	6.084577E-01	4.291353E-01	4.230363E-01	
199	6.083003E-01	4.143186E-01	4.241603E-01	
200	5.902845E-01	4.259335E-01	4.258484E-01	
201	6.154229E-01	4.201950E-01	4.198628E-01	
202	6.123290E-01	4.104003E-01	4.207446E-01	
203	6.000274E-01	4.218345E-01	4.186441E-01	
204	6.120650E-01	3.958487E-01	4.192832E-01	
205	6.235957E-01	4.032506E-01	4.170880E-01	
206	6.126248E-01	4.088568E-01	4.184897E-01	
207	6.243843E-01	3.873648E-01	4.135547E-01	
208	6.037505E-01	4.124120E-01	4.172018E-01	
209	6.300854E-01	4.003009E-01	4.177888E-01	
210	6.043153E-01	3.855231E-01	4.102862E-01	
211	5.963195E-01	3.963566E-01	4.124177E-01	
212	5.934320E-01	4.022164E-01	4.110936E-01	
213	6.165903E-01	3.935427E-01	4.124260E-01	
214	6.267437E-01	4.119953E-01	4.093413E-01	
215	6.231792E-01	3.970556E-01	4.064245E-01	
216	6.142480E-01	4.050898E-01	4.083117E-01	
217	6.208007E-01	4.115283E-01	4.063958E-01	
218	6.115280E-01	4.046560E-01	4.047545E-01	
219	6.131519E-01	3.887085E-01	4.041476E-01	
220	5.833823E-01	3.791101E-01	4.003737E-01	
221	5.996014E-01	4.162262E-01	3.997394E-01	
222	6.014104E-01	3.658215E-01	3.990956E-01	
223	5.870567E-01	3.827221E-01	3.911518E-01	
224	6.133489E-01	3.733899E-01	3.943718E-01	
225	5.878327E-01	3.576193E-01	3.936419E-01	
226	5.988424E-01	3.742247E-01	3.929992E-01	
227	6.084978E-01	3.544275E-01	3.903222E-01	
228	6.215669E-01	3.848084E-01	3.893238E-01	
229	5.995220E-01	3.862662E-01	3.862916E-01	
230	5.921335E-01	3.953621E-01	3.841818E-01	
231	5.926035E-01	3.750459E-01	3.841311E-01	
232	5.956127E-01	3.706522E-01	3.860656E-01	
233	6.169391E-01	3.783317E-01	3.834341E-01	
234	6.079982E-01	3.653509E-01	3.807922E-01	
235	6.184104E-01	3.631176E-01	3.758422E-01	
236	6.013746E-01	3.725290E-01	3.818710E-01	
237	6.390659E-01	3.683268E-01	3.761034E-01	
238	6.026812E-01	3.644433E-01	3.762658E-01	
239	6.377702E-01	3.772769E-01	3.725800E-01	
240	6.203774E-01	3.716199E-01	3.704383E-01	
241	5.910371E-01	3.642911E-01	3.712889E-01	
242	6.497794E-01	3.921300E-01	3.701557E-01	
243	5.815674E-01	3.740661E-01	3.714610E-01	
244	6.183566E-01	3.601308E-01	3.632765E-01	
245	5.933242E-01	3.763384E-01	3.654271E-01	
246	6.153393E-01	3.718042E-01	3.621084E-01	
247	6.123667E-01	3.787568E-01	3.584916E-01	
248	6.087348E-01	3.633717E-01	3.604695E-01	
249	5.436163E-01	3.800310E-01	3.582590E-01	
250	5.605201E-01	3.594155E-01	3.598099E-01	
251	5.845477E-01	3.584614E-01	3.580885E-01	
252	5.574030E-01	3.578551E-01	3.513523E-01	
253	5.351612E-01	3.273994E-01	3.554298E-01	
254	4.854275E-01	3.358342E-01	3.510685E-01	
255	5.102104E-01	3.086645E-01	3.502607E-01	
256	5.499463E-01	3.310672E-01	3.448826E-01	
257	4.819570E-01	3.307848E-01	3.473617E-01	
258	4.524028E-01	2.965172E-01	3.456835E-01	
259	4.743982E-01	3.217629E-01	3.422898E-01	
260	4.564138E-01	3.191547E-01	3.445239E-01	
261	4.721896E-01	3.161020E-01	3.411994E-01	
262	4.014256E-01	2.990130E-01	3.399468E-01	
263	3.904708E-01	2.990628E-01	3.403125E-01	
264	4.499309E-01	2.992484E-01	3.389150E-01	
265	3.678164E-01	3.009120E-01	3.370039E-01	
266	3.658412E-01	3.099906E-01	3.332267E-01	
267	3.565635E-01	3.080865E-01	3.372937E-01	
268	3.453563E-01	2.853136E-01	3.335923E-01	
269	3.890043E-01	2.847555E-01	3.324845E-01	
270	3.177769E-01	2.895847E-01	3.318844E-01	
271	3.260740E-01	3.033645E-01	3.321985E-01	
272	2.736154E-01	2.909491E-01	3.286712E-01	
273	2.931931E-01	3.004927E-01	3.295741E-01	
274	2.794593E-01	2.965264E-01	3.263523E-01	
275	2.515166E-01	2.932966E-01	3.254919E-01	
276	2.751964E-01	2.922413E-01	3.240183E-01	
277	2.855877E-01	2.875065E-01	3.263398E-01	
278	2.853451E-01	2.897992E-01	3.225228E-01	
279	2.244646E-01	2.913251E-01	3.220500E-01	
280	2.964325E-01	2.743110E-01	3.198448E-01	
281	2.713704E-01	2.753784E-01	3.188119E-01	
282	2.679450E-01	2.646655E-01	3.184353E-01	
283	2.082700E-01	2.786970E-01	3.150893E-01	
284	2.801730E-01	2.864465E-01	3.124123E-01	
285	2.674015E-01	2.778841E-01	3.093415E-01	
286	3.098499E-01	2.760985E-01	3.093926E-01	
287	2.898113E-01	2.761068E-01	3.081015E-01	
288	2.844808E-01	2.738616E-01	3.042312E-01	
289	3.523572E-01	2.773122E-01	3.047209E-01	
290	3.162996E-01	2.735063E-01	3.003708E-01	
291	2.103845E-01	2.760748E-01	3.061720E-01	
292	3.009527E-01	2.789090E-01	2.986310E-01	
293	3.201763E-01	2.689551E-01	2.982966E-01	
294	2.699778E-01	2.622565E-01	3.034552E-01	
295	2.774889E-01	2.659224E-01	2.965027E-01	
296	2.767233E-01	2.666949E-01	2.980438E-01	
297	2.378086E-01	2.697201E-01	2.977779E-01	
298	2.418111E-01	2.506910E-01	2.974540E-01	
299	2.891639E-01	2.668273E-01	2.980378E-01	
300	2.907484E-01	2.676192E-01	2.994132E-01	
301	2.986427E-01	2.609682E-01	2.946517E-01	
302	2.753632E-01	2.729710E-01	2.995521E-01	
303	2.853009E-01	2.557728E-01	2.997830E-01	
304	3.431660E-01	2.707653E-01	2.942662E-01	
305	3.268210E-01	2.864895E-01	2.979600E-01	
306	2.894246E-01	2.833889E-01	2.939626E-01	
307	3.107086E-01	2.823464E-01	2.949730E-01	
308	3.562439E-01	2.767876E-01	2.950010E-01	
309	3.344785E-01	2.920022E-01	2.945699E-01	
310	3.901572E-01	2.955243E-01	2.948637E-01	
311	3.234722E-01	2.853089E-01	2.950924E-01	
312	3.422019E-01	2.766497E-01	2.974279E-01	
313	3.754693E-01	3.084049E-01	2.946352E-01	
314	3.648412E-01	3.179203E-01	2.994540E-01	
315	3.535798E-01	3.090695E-01	2.968502E-01	
316	2.574748E-01	3.091963E-01	2.980664E-01	
317	2.890720E-01	3.080670E-01	2.995385E-01	
318	3.517814E-01	3.071709E-01	2.955542E-01	
319	2.845333E-01	3.203417E-01	2.975608E-01	
320	3.762304E-01	3.202586E-01	2.973064E-01	
321	3.718705E-01	3.272895E-01	2.977232E-01	
322	2.588565E-01	3.194082E-01	2.964093E-01	
323	4.067485E-01	3.116851E-01	2.987017E-01	
324	3.386006E-01	3.136147E-01	2.959153E-01	
325	3.564850E-01	3.239927E-01	2.938558E-01	
326	3.592301E-01	3.085261E-01	2.960381E-01	
327	3.346318E-01	3.142612E-01	2.922727E-01	
328	3.254509E-01	3.241234E-01	2.939900E-01	
329	2.969018E-01	3.307874E-01	2.932125E-01	
330	2.802503E-01	3.163893E-01	2.921005E-01	
331	2.698400E-01	3.250584E-01	2.896559E-01	
332	2.921059E-01	3.135110E-01	2.937161E-01	
333	2.578434E-01	3.129960E-01	2.906134E-01	
334	2.740982E-01	2.960618E-01	2.919031E-01	
335	2.398686E-01	3.100570E-01	2.926411E-01	
336	2.861157E-01	3.044182E-01	2.858383E-01	
337	2.022396E-01	3.103984E-01	2.904223E-01	
338	2.747343E-01	3.156408E-01	2.864016E-01	
339	2.327909E-01	2.777230E-01	2.864885E-01	
340	2.441911E-01	3.144015E-01	2.881157E-01	
341	2.486481E-01	2.931008E-01	2.823723E-01	
342	2.495035E-01	3.076571E-01	2.867536E-01	
343	2.642525E-01	3.039721E-01	2.866061E-01	
344	2.772645E-01	3.066679E-01	2.878891E-01	
345	2.738958E-01	2.827319E-01	2.863688E-01	
346	2.820325E-01	2.958433E-01	2.866026E-01	
347	2.630709E-01	2.905697E-01	2.853509E-01	
348	2.604946E-01	2.814333E-01	2.870897E-01	
349	2.444704E-01	2.886082E-01	2.867629E-01	
350	2.395859E-01	2.928716E-01	2.856477E-01	
351	2.475124E-01	2.796834E-01	2.856635E-01	
352	2.223349E-01	3.022375E-01	2.853559E-01	
353	2.124641E-01	2.944901E-01	2.870111E-01	
354	1.978794E-01	2.926070E-01	2.842580E-01	
355	2.115108E-01	2.789567E-01	2.873931E-01	
356	2.522976E-01	2.896150E-01	2.861487E-01	
357	2.462780E-01	3.012047E-01	2.834247E-01	
358	2.669658E-01	2.912408E-01	2.850802E-01	
359	2.630021E-01	2.931092E-01	2.809119E-01	
360	2.678456E-01	2.932690E-01	2.847862E-01	
361	2.839954E-01	2.984158E-01	2.833622E-01	
362	3.060123E-01	2.917454E-01	2.831692E-01	
363	2.950230E-01	2.902966E-01	2.842215E-01	
364	3.375082E-01	2.945182E-01	2.827749E-01	
365	2.750280E-01	2.946214E-01	2.795378E-01	
366	3.491292E-01	2.855999E-01	2.821191E-01	
367	3.257995E-01	2.880190E-01	2.841785E-01	
368	3.890301E-01	2.905726E-01	2.811554E-01	
369	2.901709E-01	2.913380E-01	2.833423E-01	
370	3.726190E-01	2.892510E-01	2.787075E-01	
371	3.397859E-01	2.906443E-01	2.810061E-01	
372	3.804549E-01	2.772785E-01	2.820699E-01	
373	3.963989E-01	2.702673E-01	2.819637E-01	
374	3.878149E-01	2.847471E-01	2.756517E-01	
375	4.125027E-01	2.800446E-01	2.797958E-01	
376	3.613543E-01	2.847673E-01	2.770959E-01	
377	3.575299E-01	2.806158E-01	2.791032E-01	
378	4.811237E-01	2.715045E-01	2.847930E-01	
379	3.543098E-01	2.643744E-01	2.784353E-01	
380	4.571877E-01	2.510724E-01	2.871233E-01	
381	4.489961E-01	2.510049E-01	2.837581E-01	
382	3.830477E-01	2.574979E-01	2.795044E-01	
383	2.964595E-01	2.461604E-01	2.836556E-01	
384	3.398376E-01	2.666647E-01	2.880783E-01	
385	3.800853E-01	2.771666E-01	2.835628E-01	
386	3.220884E-01	2.632183E-01	2.860843E-01	
387	2.925145E-01	2.731092E-01	2.790781E-01	
388	2.586005E-01	2.719565E-01	2.890248E-01	
389	3.363746E-01	2.589345E-01	2.888783E-01	
390	1.861833E-01	2.433166E-01	2.840131E-01	
391	3.304122E-01	2.679221E-01	2.821317E-01	
392	4.457108E-01	2.507066E-01	2.794970E-01	
393	2.148722E-01	2.530728E-01	2.824088E-01	
394	3.705785E-01	2.574758E-01	2.832784E-01	
395	4.897587E-01	2.596701E-01	2.831876E-01	
396	2.408483E-01	2.469062E-01	2.784489E-01	
397	4.225805E-01	2.393535E-01	2.848884E-01	
398	3.572139E-01	2.515748E-01	2.803925E-01	
399	2.912583E-01	2.598919E-01	2.843213E-01	
400	4.252531E-01	2.368229E-01	2.837827E-01	
401	3.914106E-01	2.450818E-01	2.781497E-01	
402	3.075694E-01	2.658044E-01	2.828332E-01	
403	5.469983E-01	2.495834E-01	2.825259E-01	
404	2.663913E-01	2.534343E-01	2.805691E-01	
405	3.556720E-01	2.535227E-01	2.807482E-01	
406	3.941269E-01	2.619864E-01	2.785820E-01	
407	2.769552E-01	2.632294E-01	2.861994E-01	
408	3.083342E-01	2.712418E-01	2.761469E-01	
409	4.548517E-01	2.603128E-01	2.788346E-01	
410	3.405270E-01	2.650884E-01	2.805336E-01	
411	4.086726E-01	2.624848E-01	2.778402E-01	
412	3.663336E-01	2.693726E-01	2.730443E-01	
413	3.038190E-01	2.519972E-01	2.862569E-01	
414	0	2.693352E-01	2.813835E-01	
415	3.049215E-01	2.832431E-01	2.865029E-01	
416	5.242163E-01	2.731699E-01	2.832681E-01	
417	5.109969E-01	2.729087E-01	2.856952E-01	
418	2.092802E-01	2.662500E-01	2.933826E-01	
419	2.835379E-01	2.807418E-01	2.979884E-01	
420	4.216841E-01	2.742874E-01	2.883019E-01	
421	3.483987E-01	2.883933E-01	2.914968E-01	
422	0	3.082534E-01	3.012788E-01	
423	0	2.861668E-01	2.923868E-01	
424	0	3.142328E-01	3.003370E-01	
425	0	2.747405E-01	2.953486E-01	
426	0	2.931961E-01	2.976560E-01	
427	0	2.969815E-01	2.940919E-01	
428	0	2.781332E-01	2.892736E-01	
429	0	2.761888E-01	3.004162E-01	
430	0	2.895479E-01	2.888823E-01	
431	0	2.766162E-01	2.925588E-01	
432	0	2.881268E-01	2.922656E-01	
433	0	3.059629E-01	2.990158E-01	
434	0	2.667852E-01	2.891106E-01	
435	0	3.003328E-01	2.960357E-01	
436	0	3.563356E-01	2.969373E-01	
437	0	2.961271E-01	2.943125E-01	
438	0	3.165102E-01	3.050770E-01	
439	0	2.770626E-01	2.859534E-01	
440	0	2.922729E-01	3.021669E-01	
441	0	3.149422E-01	2.989989E-01	
442	0	3.081618E-01	2.880978E-01	
443	0	2.852415E-01	2.906911E-01	
444	0	3.107896E-01	2.942595E-01	
445	0	3.179297E-01	3.074306E-01	
446	0	2.803693E-01	2.896637E-01	
447	0	2.806663E-01	2.923619E-01	
448	0	2.789978E-01	3.014343E-01	
449	0	2.660963E-01	2.928669E-01	
450	0	2.751787E-01	2.961283E-01	
451	0	2.774109E-01	2.866934E-01	
452	0	2.667057E-01	3.077074E-01	
453	0	2.890255E-01	2.958388E-01	
454	0	2.719997E-01	3.049209E-01	
455	0	2.863124E-01	3.006171E-01	
456	0	2.830186E-01	2.935831E-01	
457	0	2.168455E-01	3.012141E-01	
458	0	2.151808E-01	2.979706E-01	
459	0	2.080249E-01	3.071931E-01	
460	0	2.750165E-01	2.878780E-01	
461	0	2.646552E-01	3.050865E-01	
462	0	2.116240E-01	2.809470E-01	
463	0	2.814521E-01	2.956004E-01	
464	0	2.379782E-01	2.867567E-01	
465	0	2.272922E-01	2.890481E-01	
466	0	2.934150E-01	2.943496E-01	
467	0	2.727125E-01	2.864507E-01	
468	0	2.261058E-01	2.996330E-01	
469	0	3.110125E-01	2.864771E-01	
470	0	3.786285E-01	2.998845E-01	
471	0	2.972178E-01	2.884229E-01	
472	0	3.753162E-01	2.854130E-01	
473	0	2.932665E-01	2.806443E-01	
474	0	4.060886E-01	2.868644E-01	
475	0	3.605240E-01	2.770875E-01	
476	0	3.311511E-01	2.837076E-01	
477	0	3.826922E-01	3.306569E-01	
478	0	3.569374E-01	2.813782E-01	
479	0	4.148296E-01	3.270819E-01	
480	0	3.379296E-01	2.831280E-01	
481	0	4.698014E-01	3.215443E-01	
482	0	3.986576E-01	3.048158E-01	
483	0	3.894927E-01	3.153576E-01	
484	0	4.818768E-01	3.668217E-01	
485	0	3.829587E-01	3.147149E-01	
486	0	4.922793E-01	3.978626E-01	
487	0	3.284028E-01	3.193285E-01	
488	0	4.883746E-01	3.911052E-01	
489	0	4.433208E-01	3.095236E-01	
490	0	6.438948E-01	3.819262E-01	
491	0	5.314751E-01	3.556214E-01	
492	0	3.478684E-01	3.844141E-01	
493	0	6.775634E-01	4.308428E-01	
494	0	3.759164E-01	3.944672E-01	
495	0	6.947243E-01	4.908370E-01	
496	0	3.526298E-01	4.045685E-01	
497	0	7.195962E-01	4.700624E-01	
498	0	4.864363E-01	3.796992E-01	
499	0	2.958646E-01	4.258811E-01	
500	0	0	0	
501	0	4.341766E-01	4.371347E-01	
502	0	0	0	
503	0	3.616989E-01	4.611858E-01	
504	0	0	0	
505	0	6.134148E-01	5.094327E-01	
506	0	0	4.971452E-01	
507	0	0	0	
508	0	3.571274E-01	5.203934E-01	
509	0	0	0	
510	0	3.332666E-01	5.482824E-01	
511	0	0	0	
512	0	0	5.905845E-01	
513	0	0	0	
514	0	0	0	
515	0	7.883509E-01	6.752128E-01	
516	0	0	0	
517	0	0	7.311938E-01	
518	0	0	0	
519	0	0	7.727081E-01	
520	0	0	0	
521	0	0	0	
522	0	0	0	
523	0	0	0	
524	0	0	0	
525	0	0	0	
526	0	0	0	
527	0	0	0	
528	0	0	0	
529	0	0	0	
530	0	0	0	
531	0	0	0	
532	0	0	0	
533	0	0	0	
534	0	0	0	
535	0	0	0	
536	0	0	0	
537	0	0	0	
538	0	0	0	
539	0	0	0	
540	0	0	0	
541	0	0	0	
542	0	0	0	
543	0	0	0	
544	0	0	0	
545	0	0	0	
546	0	0	0	
547	0	0	0	
548	0	0	0	
549	0	0	0	
550	0	0	0	
551	0	0	0	
552	0	0	0	
553	0	0	0	
554	0	0	0	
555	0	0	0	
556	0	0	0	
557	0	0	0	
558	0	0	0	
559	0	0	0	
560	0	0	0	
561	0	0	0	
562	0	0	0	
563	0	0	0	
564	0	0	0	
565	0	0	0	
566	0	0	0	
567	0	0	0	
568	0	0	0	
569	0	0	0	
570	0	0	0	
571	0	0	0	
572	0	0	0	
573	0	0	0	
574	0	0	0	
575	0	0	0	
576	0	0	0	
577	0	0	0	
578	0	0	0	
579	0	0	0	
580	0	0	0	
581	0	0	0	
582	0	0	0	
583	0	0	0	
584	0	0	0	
585	0	0	0	
586	0	0	0	
587	0	0	0	
588	0	0	0	
589	0	0	0	
590	0	0	0	
591	0	0	0	
592	0	0	0	
593	0	0	0	
594	0	0	0	
595	0	0	0	
596	0	0	0	
597	0	0	0	
598	0	0	0	
599	0	0	0	
#NewRun
0	0	0	0	
1	0	0	0	
2	0	0	0	
3	0	0	0	
4	3.514575E-01	3.881736E-01	3.306340E-01	
5	3.230234E-01	4.320555E-01	3.505963E-01	
6	3.288509E-01	3.537723E-01	3.478949E-01	
7	0	0	0	
8	3.368946E-01	3.905193E-01	3.358431E-01	
9	3.266977E-01	2.903613E-01	3.775287E-01	
10	0	0	0	
11	3.161165E-01	2.355986E-01	3.908172E-01	
12	3.305774E-01	3.213103E-01	3.501326E-01	
13	3.359776E-01	4.246636E-01	3.386844E-01	
14	3.372266E-01	3.292642E-01	3.856799E-01	
15	0	0	0	
16	3.324532E-01	3.586428E-01	3.827365E-01	
17	3.317216E-01	3.129734E-01	3.841053E-01	
18	3.395407E-01	3.911600E-01	3.877440E-01	
19	3.364505E-01	2.849821E-01	3.740104E-01	
20	3.373932E-01	2.994938E-01	3.619166E-01	
21	3.389553E-01	3.303943E-01	3.669196E-01	
22	3.359265E-01	3.266113E-01	3.682945E-01	
23	3.330955E-01	3.677501E-01	3.569017E-01	
24	3.378651E-01	3.109845E-01	3.425378E-01	
25	3.352408E-01	3.428045E-01	3.487691E-01	
26	3.352412E-01	2.928640E-01	3.518861E-01	
27	3.319228E-01	2.812882E-01	3.482767E-01	
28	3.361130E-01	3.582514E-01	3.460057E-01	
29	3.392281E-01	3.094030E-01	3.322422E-01	
30	3.365806E-01	3.292696E-01	3.341634E-01	
31	3.424099E-01	3.218405E-01	3.369996E-01	
32	3.359620E-01	3.128781E-01	3.311055E-01	
33	3.394107E-01	3.134573E-01	3.248078E-01	
34	3.362251E-01	2.948878E-01	3.264994E-01	
35	3.317910E-01	3.044353E-01	3.279978E-01	
36	3.329642E-01	3.094209E-01	3.268886E-01	
37	3.368793E-01	3.224442E-01	3.257951E-01	
38	3.341029E-01	3.039766E-01	3.175497E-01	
39	3.322991E-01	3.058155E-01	3.232370E-01	
40	3.333945E-01	3.347301E-01	3.084704E-01	
41	3.304404E-01	2.990305E-01	3.171992E-01	
42	3.319076E-01	2.965321E-01	3.096507E-01	
43	3.323937E-01	3.010634E-01	3.146401E-01	
44	3.312303E-01	3.267044E-01	3.060911E-01	
45	3.258884E-01	3.141278E-01	3.084960E-01	
46	3.295355E-01	3.156312E-01	3.031135E-01	
47	3.278093E-01	3.031239E-01	3.003844E-01	
48	3.264477E-01	3.366133E-01	3.027178E-01	
49	3.253018E-01	3.259497E-01	3.000543E-01	
50	3.242768E-01	3.141547E-01	3.045291E-01	
51	3.270458E-01	3.197700E-01	2.924568E-01	
52	3.251400E-01	3.273276E-01	3.018719E-01	
53	3.213686E-01	3.023911E-01	3.002912E-01	
54	3.238356E-01	3.143757E-01	2.981769E-01	
55	3.224690E-01	3.255318E-01	3.029111E-01	
56	3.227141E-01	3.024553E-01	2.974899E-01	
57	3.224826E-01	3.109590E-01	3.014664E-01	
58	3.219818E-01	3.149778E-01	2.982669E-01	
59	3.215499E-01	3.235210E-01	2.948456E-01	
60	3.205202E-01	3.167198E-01	2.978686E-01	
61	3.200136E-01	3.162450E-01	2.962859E-01	
62	3.189880E-01	3.337794E-01	2.939434E-01	
63	3.181742E-01	3.201043E-01	2.961903E-01	
64	3.173364E-01	3.277002E-01	2.962854E-01	
65	3.186892E-01	3.250298E-01	2.916418E-01	
66	3.168287E-01	3.214192E-01	2.954444E-01	
67	3.181096E-01	3.297170E-01	2.899417E-01	
68	3.147430E-01	3.358805E-01	2.953216E-01	
69	3.163609E-01	3.230830E-01	2.932986E-01	
70	3.155538E-01	3.229222E-01	2.902135E-01	
71	3.150449E-01	3.195540E-01	2.925233E-01	
72	3.135752E-01	3.269713E-01	2.913115E-01	
73	3.124588E-01	3.224594E-01	2.911248E-01	
74	3.139443E-01	3.104100E-01	2.943039E-01	
75	3.129225E-01	3.206176E-01	2.889238E-01	
76	3.113389E-01	3.138055E-01	2.916024E-01	
77	3.127670E-01	3.212945E-01	2.881079E-01	
78	3.112663E-01	3.168672E-01	2.914743E-01	
79	3.113537E-01	3.104683E-01	2.875559E-01	
80	3.104901E-01	3.094209E-01	2.867641E-01	
81	3.102311E-01	3.126363E-01	2.880335E-01	
82	3.096679E-01	3.243978E-01	2.850193E-01	
83	3.107963E-01	3.034973E-01	2.871328E-01	
84	3.107038E-01	3.119651E-01	2.840713E-01	
85	3.109824E-01	3.085927E-01	2.819514E-01	
86	3.089761E-01	3.034503E-01	2.812957E-01	
87	3.098945E-01	3.084628E-01	2.825060E-01	
88	3.090562E-01	3.059033E-01	2.782125E-01	
89	3.101157E-01	3.024882E-01	2.781969E-01	
90	3.099417E-01	3.004402E-01	2.772871E-01	
91	3.111086E-01	3.008611E-01	2.746400E-01	
92	3.109084E-01	2.951383E-01	2.745975E-01	
93	3.106745E-01	2.902219E-01	2.757363E-01	
94	3.104774E-01	2.974114E-01	2.736431E-01	
95	3.118554E-01	3.016225E-01	2.743554E-01	
96	3.104668E-01	2.913138E-01	2.730320E-01	
97	3.125616E-01	2.904880E-01	2.734530E-01	
98	3.128458E-01	2.990094E-01	2.739525E-01	
99	3.133730E-01	3.004304E-01	2.758014E-01	
100	3.148793E-01	2.973354E-01	2.738046E-01	
101	3.152488E-01	2.983842E-01	2.739795E-01	
102	3.173052E-01	2.883203E-01	2.755938E-01	
103	3.187448E-01	2.914478E-01	2.756808E-01	
104	3.187535E-01	2.953041E-01	2.727394E-01	
105	3.203747E-01	2.879267E-01	2.764042E-01	
106	3.207878E-01	3.026951E-01	2.752133E-01	
107	3.247820E-01	2.945815E-01	2.768754E-01	
108	3.248704E-01	2.925829E-01	2.767525E-01	
109	3.276828E-01	3.011709E-01	2.769331E-01	
110	3.294838E-01	2.926589E-01	2.788413E-01	
111	3.302592E-01	3.003010E-01	2.778635E-01	
112	3.329253E-01	3.060936E-01	2.791681E-01	
113	3.341590E-01	2.958205E-01	2.800249E-01	
114	3.371553E-01	3.084535E-01	2.806950E-01	
115	3.376952E-01	3.062564E-01	2.802418E-01	
116	3.414356E-01	3.116735E-01	2.815015E-01	
117	3.424586E-01	3.117442E-01	2.830741E-01	
118	3.447075E-01	3.096317E-01	2.839678E-01	
119	3.458433E-01	3.182606E-01	2.851553E-01	
120	3.492587E-01	3.222206E-01	2.860542E-01	
121	3.512585E-01	3.137473E-01	2.884205E-01	
122	3.512061E-01	3.199101E-01	2.881215E-01	
123	3.554573E-01	3.290531E-01	2.896222E-01	
124	3.571900E-01	3.241368E-01	2.920923E-01	
125	3.595375E-01	3.297841E-01	2.925288E-01	
126	3.648560E-01	3.292860E-01	2.952834E-01	
127	3.638472E-01	3.319433E-01	2.971871E-01	
128	3.673200E-01	3.239551E-01	2.978298E-01	
129	3.713374E-01	3.219481E-01	2.996035E-01	
130	3.739065E-01	3.245000E-01	3.007236E-01	
131	3.781856E-01	3.330699E-01	3.027714E-01	
132	3.823380E-01	3.262416E-01	3.054003E-01	
133	3.861969E-01	3.248472E-01	3.063212E-01	
134	3.883267E-01	3.233977E-01	3.078685E-01	
135	3.927862E-01	3.179460E-01	3.107233E-01	
136	3.957906E-01	3.298891E-01	3.126081E-01	
137	3.996916E-01	3.294654E-01	3.138043E-01	
138	4.045606E-01	3.289260E-01	3.168242E-01	
139	4.088229E-01	3.307634E-01	3.185091E-01	
140	4.118065E-01	3.280550E-01	3.221453E-01	
141	4.141288E-01	3.220409E-01	3.225274E-01	
142	4.174449E-01	3.293765E-01	3.257496E-01	
143	4.244319E-01	3.298290E-01	3.263906E-01	
144	4.269251E-01	3.258657E-01	3.294509E-01	
145	4.314287E-01	3.296232E-01	3.338533E-01	
146	4.375227E-01	3.335579E-01	3.346988E-01	
147	4.404223E-01	3.427147E-01	3.406190E-01	
148	4.445769E-01	3.344533E-01	3.401878E-01	
149	4.506675E-01	3.385750E-01	3.437621E-01	
150	4.525310E-01	3.385651E-01	3.456793E-01	
151	4.592404E-01	3.408022E-01	3.477507E-01	
152	4.608736E-01	3.361599E-01	3.505898E-01	
153	4.688752E-01	3.505203E-01	3.563171E-01	
154	4.753717E-01	3.458587E-01	3.571257E-01	
155	4.769465E-01	3.460538E-01	3.600887E-01	
156	4.807858E-01	3.548025E-01	3.617092E-01	
157	4.889346E-01	3.578758E-01	3.648487E-01	
158	4.919170E-01	3.596912E-01	3.674812E-01	
159	4.950643E-01	3.672781E-01	3.718916E-01	
160	5.018646E-01	3.615783E-01	3.753499E-01	
161	5.043746E-01	3.622580E-01	3.765374E-01	
162	5.151446E-01	3.636856E-01	3.811553E-01	
163	5.123990E-01	3.606535E-01	3.841736E-01	
164	5.192839E-01	3.740123E-01	3.886887E-01	
165	5.265216E-01	3.747624E-01	3.905896E-01	
166	5.326539E-01	3.775342E-01	3.928254E-01	
167	5.329561E-01	3.721099E-01	3.958798E-01	
168	5.374092E-01	3.836136E-01	3.986515E-01	
169	5.442780E-01	3.841699E-01	4.007516E-01	
170	5.465430E-01	3.874434E-01	4.048169E-01	
171	5.524554E-01	3.776733E-01	4.048131E-01	
172	5.562996E-01	3.822666E-01	4.079552E-01	
173	5.598926E-01	3.985387E-01	4.109354E-01	
174	5.637307E-01	3.799545E-01	4.151737E-01	
175	5.674253E-01	3.918977E-01	4.150636E-01	
176	5.712568E-01	3.931657E-01	4.192002E-01	
177	5.771045E-01	3.948618E-01	4.204759E-01	
178	5.825899E-01	3.967328E-01	4.231392E-01	
179	5.826883E-01	4.012866E-01	4.274883E-01	
180	5.977867E-01	3.988003E-01	4.287339E-01	
181	5.900003E-01	3.985854E-01	4.293621E-01	
182	6.035603E-01	4.014895E-01	4.322151E-01	
183	6.023545E-01	4.057842E-01	4.324432E-01	
184	6.002010E-01	3.907638E-01	4.336246E-01	
185	6.124649E-01	4.072482E-01	4.353678E-01	
186	6.153094E-01	4.067442E-01	4.385772E-01	
187	6.174183E-01	4.024877E-01	4.385674E-01	
188	6.222625E-01	4.265487E-01	4.406921E-01	
189	6.248275E-01	3.912281E-01	4.384869E-01	
190	6.172742E-01	4.139248E-01	4.431423E-01	
191	6.271305E-01	4.284056E-01	4.418360E-01	
192	6.307302E-01	4.229491E-01	4.423847E-01	
193	6.355086E-01	4.328722E-01	4.419099E-01	
194	6.328034E-01	4.295850E-01	4.401369E-01	
195	6.269346E-01	4.213643E-01	4.405145E-01	
196	6.384508E-01	4.323679E-01	4.386052E-01	
197	6.496159E-01	4.345268E-01	4.396699E-01	
198	6.505378E-01	4.297952E-01	4.415631E-01	
199	6.615208E-01	4.539882E-01	4.343897E-01	
200	6.546445E-01	4.313438E-01	4.374516E-01	
201	6.592768E-01	3.899884E-01	4.333024E-01	
202	6.562929E-01	4.125492E-01	4.320293E-01	
203	6.515524E-01	4.133403E-01	4.330006E-01	
204	6.524478E-01	4.199427E-01	4.299791E-01	
205	6.505619E-01	4.033517E-01	4.306853E-01	
206	6.644619E-01	4.006492E-01	4.283642E-01	
207	6.536764E-01	4.238438E-01	4.263302E-01	
208	6.745109E-01	4.125888E-01	4.280083E-01	
209	6.568131E-01	4.001396E-01	4.247218E-01	
210	6.538400E-01	4.074626E-01	4.264489E-01	
211	6.698196E-01	4.439442E-01	4.222995E-01	
212	6.636921E-01	4.248943E-01	4.189275E-01	
213	6.503228E-01	4.376921E-01	4.221302E-01	
214	6.534990E-01	4.354675E-01	4.177712E-01	
215	6.566918E-01	4.405821E-01	4.171403E-01	
216	6.302028E-01	4.241853E-01	4.141280E-01	
217	6.335272E-01	4.299018E-01	4.092514E-01	
218	6.236432E-01	4.293202E-01	4.110749E-01	
219	6.202485E-01	4.075605E-01	4.081944E-01	
220	6.206561E-01	4.181409E-01	4.039088E-01	
221	5.903255E-01	4.199784E-01	4.050773E-01	
222	6.097640E-01	4.112752E-01	4.051410E-01	
223	6.140716E-01	4.152079E-01	3.962521E-01	
224	6.111737E-01	4.167795E-01	3.987777E-01	
225	6.204121E-01	4.198502E-01	3.949104E-01	
226	5.777309E-01	4.167798E-01	3.965272E-01	
227	5.936929E-01	4.113208E-01	3.927709E-01	
228	6.089745E-01	4.139452E-01	3.856163E-01	
229	6.142839E-01	4.037383E-01	3.923476E-01	
230	5.903643E-01	3.815769E-01	3.899611E-01	
231	5.919767E-01	3.898272E-01	3.851906E-01	
232	6.314672E-01	3.784381E-01	3.815753E-01	
233	5.523381E-01	3.796757E-01	3.859641E-01	
234	5.692429E-01	3.707506E-01	3.844077E-01	
235	5.734745E-01	3.805911E-01	3.812843E-01	
236	5.890418E-01	3.566395E-01	3.776587E-01	
237	5.515995E-01	3.845874E-01	3.784375E-01	
238	5.200952E-01	3.723406E-01	3.742446E-01	
239	5.765683E-01	4.017496E-01	3.719157E-01	
240	5.304668E-01	3.783239E-01	3.699540E-01	
241	5.312363E-01	4.036679E-01	3.706605E-01	
242	4.732927E-01	3.737637E-01	3.696530E-01	
243	5.013522E-01	3.693761E-01	3.688601E-01	
244	4.810945E-01	3.934482E-01	3.645682E-01	
245	5.019173E-01	3.790926E-01	3.602960E-01	
246	4.993695E-01	3.897892E-01	3.628302E-01	
247	4.771866E-01	3.747426E-01	3.627207E-01	
248	4.919034E-01	3.726215E-01	3.564214E-01	
249	4.658777E-01	3.616238E-01	3.567884E-01	
250	4.889695E-01	3.804572E-01	3.559379E-01	
251	4.470042E-01	3.773387E-01	3.547808E-01	
252	4.330909E-01	3.741537E-01	3.488279E-01	
253	4.217362E-01	3.915564E-01	3.502437E-01	
254	3.831775E-01	3.622626E-01	3.469706E-01	
255	3.844131E-01	3.701405E-01	3.472683E-01	
256	3.361282E-01	3.642965E-01	3.439791E-01	
257	3.975278E-01	3.811362E-01	3.446452E-01	
258	3.647091E-01	3.708179E-01	3.433493E-01	
259	3.585730E-01	3.592088E-01	3.414397E-01	
260	3.221299E-01	3.563184E-01	3.388657E-01	
261	3.328423E-01	3.472361E-01	3.374420E-01	
262	3.137003E-01	3.448328E-01	3.362482E-01	
263	3.145737E-01	3.538331E-01	3.360499E-01	
264	3.371850E-01	3.384032E-01	3.322653E-01	
265	3.479788E-01	3.412543E-01	3.294594E-01	
266	2.938642E-01	3.029597E-01	3.322455E-01	
267	2.929266E-01	3.269345E-01	3.283809E-01	
268	3.012803E-01	3.223707E-01	3.237347E-01	
269	3.162146E-01	3.227181E-01	3.236676E-01	
270	2.991683E-01	3.102896E-01	3.234787E-01	
271	2.616742E-01	3.118421E-01	3.241230E-01	
272	2.819617E-01	2.998521E-01	3.181564E-01	
273	2.592577E-01	2.814884E-01	3.186086E-01	
274	2.475948E-01	2.942949E-01	3.198518E-01	
275	2.631841E-01	2.992834E-01	3.190207E-01	
276	2.666776E-01	2.885866E-01	3.121052E-01	
277	2.014470E-01	2.897130E-01	3.110863E-01	
278	2.854857E-01	2.811276E-01	3.105118E-01	
279	2.614488E-01	2.864818E-01	3.095300E-01	
280	2.595093E-01	2.786104E-01	3.102542E-01	
281	2.548911E-01	2.734281E-01	3.083860E-01	
282	2.652535E-01	2.724576E-01	3.055376E-01	
283	2.278730E-01	2.812061E-01	3.060384E-01	
284	2.754285E-01	2.734708E-01	3.051433E-01	
285	2.164331E-01	2.745877E-01	3.053338E-01	
286	2.420926E-01	2.712382E-01	3.049654E-01	
287	2.631144E-01	2.762704E-01	3.006491E-01	
288	2.446362E-01	2.776647E-01	2.984118E-01	
289	2.706753E-01	2.708925E-01	3.018297E-01	
290	3.123932E-01	2.870598E-01	2.986050E-01	
291	2.965632E-01	2.968398E-01	3.014316E-01	
292	2.471096E-01	2.816885E-01	2.956313E-01	
293	2.746482E-01	2.901131E-01	2.981596E-01	
294	2.546626E-01	2.812205E-01	2.943823E-01	
295	2.733801E-01	2.801835E-01	2.932037E-01	
296	2.728127E-01	3.039783E-01	2.960836E-01	
297	2.604291E-01	2.882404E-01	2.953668E-01	
298	2.466778E-01	2.820608E-01	2.930011E-01	
299	2.280513E-01	2.839652E-01	2.940361E-01	
300	2.375619E-01	2.821236E-01	2.986285E-01	
301	2.743208E-01	2.892576E-01	2.941085E-01	
302	2.477125E-01	2.912645E-01	2.950026E-01	
303	2.789528E-01	3.015088E-01	2.968105E-01	
304	2.737725E-01	2.907419E-01	2.970589E-01	
305	2.659837E-01	2.783466E-01	2.960016E-01	
306	2.652762E-01	3.022547E-01	2.956824E-01	
307	2.733706E-01	2.952143E-01	2.950929E-01	
308	2.582527E-01	2.945405E-01	2.975410E-01	
309	2.319865E-01	2.967267E-01	2.950858E-01	
310	3.369143E-01	2.883909E-01	2.948138E-01	
311	2.242137E-01	3.114834E-01	2.957756E-01	
312	2.854026E-01	2.817903E-01	2.968031E-01	
313	2.744148E-01	2.874933E-01	2.925709E-01	
314	2.528572E-01	2.832979E-01	2.963286E-01	
315	2.593457E-01	2.859624E-01	2.947258E-01	
316	2.469477E-01	2.836284E-01	2.930254E-01	
317	2.778832E-01	2.960634E-01	2.939408E-01	
318	2.844446E-01	2.697009E-01	2.925368E-01	
319	2.172211E-01	2.938197E-01	2.951970E-01	
320	2.933624E-01	2.834283E-01	2.944116E-01	
321	2.503191E-01	2.900924E-01	2.923186E-01	
322	3.049997E-01	2.765233E-01	2.886694E-01	
323	2.810578E-01	2.859266E-01	2.893308E-01	
324	2.739095E-01	2.748935E-01	2.877560E-01	
325	3.886615E-01	2.768546E-01	2.903006E-01	
326	3.400786E-01	2.865838E-01	2.904641E-01	
327	2.179195E-01	2.860762E-01	2.868535E-01	
328	3.171623E-01	2.897335E-01	2.897401E-01	
329	2.682210E-01	2.831464E-01	2.893151E-01	
330	3.363984E-01	3.061456E-01	2.871817E-01	
331	3.515118E-01	2.674879E-01	2.891055E-01	
332	3.764156E-01	2.804089E-01	2.900139E-01	
333	3.852278E-01	2.790326E-01	2.887757E-01	
334	4.261794E-01	2.613363E-01	2.889325E-01	
335	3.953811E-01	2.659302E-01	2.932390E-01	
336	3.025281E-01	2.735655E-01	2.900879E-01	
337	3.356120E-01	2.602921E-01	2.955138E-01	
338	3.022256E-01	2.800323E-01	2.906501E-01	
339	2.904354E-01	2.661742E-01	2.898171E-01	
340	3.421780E-01	2.493291E-01	2.899035E-01	
341	2.465612E-01	2.646193E-01	2.921232E-01	
342	2.604218E-01	2.669261E-01	2.912060E-01	
343	2.572795E-01	2.684515E-01	2.884728E-01	
344	2.685956E-01	2.608172E-01	2.876504E-01	
345	2.485633E-01	2.730261E-01	2.869361E-01	
346	2.852951E-01	2.707276E-01	2.886440E-01	
347	2.550905E-01	2.751686E-01	2.913274E-01	
348	3.021401E-01	2.682272E-01	2.912957E-01	
349	2.768829E-01	2.789156E-01	2.894364E-01	
350	2.068030E-01	2.885177E-01	2.910467E-01	
351	3.451172E-01	2.537671E-01	2.882036E-01	
352	2.919922E-01	2.721635E-01	2.888370E-01	
353	2.927036E-01	2.734883E-01	2.864403E-01	
354	2.464405E-01	2.674372E-01	2.852184E-01	
355	3.100205E-01	2.668814E-01	2.880994E-01	
356	2.663681E-01	2.735903E-01	2.897299E-01	
357	2.818887E-01	2.566872E-01	2.890212E-01	
358	2.702743E-01	2.690679E-01	2.859799E-01	
359	3.003058E-01	2.657804E-01	2.908409E-01	
360	3.849562E-01	2.718973E-01	2.869902E-01	
361	2.579668E-01	2.712841E-01	2.924441E-01	
362	3.820719E-01	2.604029E-01	2.886175E-01	
363	4.892478E-01	2.547544E-01	2.880381E-01	
364	2.991936E-01	2.745679E-01	2.929137E-01	
365	2.835643E-01	2.680540E-01	2.895659E-01	
366	3.012038E-01	2.759402E-01	2.887383E-01	
367	2.592501E-01	2.836648E-01	2.898088E-01	
368	2.764862E-01	2.920997E-01	2.879331E-01	
369	1.785920E-01	2.663632E-01	2.886488E-01	
370	1.480543E-01	2.786347E-01	2.886206E-01	
371	1.520727E-01	2.736881E-01	2.860216E-01	
372	1.693414E-01	2.803036E-01	2.890661E-01	
373	1.573201E-01	2.565354E-01	2.814486E-01	
374	1.300095E-01	2.626113E-01	2.853978E-01	
375	1.243743E-01	2.682331E-01	2.863170E-01	
376	1.096423E-01	2.583791E-01	2.828933E-01	
377	5.534149E-02	2.682860E-01	2.877911E-01	
378	1.677147E-01	2.701312E-01	2.865437E-01	
379	1.440611E-01	2.451292E-01	2.808144E-01	
380	1.382710E-01	2.592432E-01	2.864366E-01	
381	1.562927E-01	2.545243E-01	2.901586E-01	
382	2.361119E-01	2.734570E-01	2.860007E-01	
383	2.572935E-01	2.550560E-01	2.866000E-01	
384	2.399463E-01	2.666722E-01	2.869682E-01	
385	1.652142E-01	2.827406E-01	2.800281E-01	
386	1.488045E-01	2.725007E-01	2.859527E-01	
387	2.447549E-01	2.748846E-01	2.768403E-01	
388	1.997379E-01	2.557494E-01	2.834205E-01	
389	2.637587E-01	2.722810E-01	2.856569E-01	
390	2.287315E-01	2.783601E-01	2.786708E-01	
391	2.334549E-01	2.632585E-01	2.828155E-01	
392	1.822347E-01	2.913822E-01	2.842485E-01	
393	2.057945E-01	2.661123E-01	2.777610E-01	
394	1.646774E-01	2.903540E-01	2.768403E-01	
395	2.284804E-01	3.058446E-01	2.810485E-01	
396	1.970788E-01	2.910873E-01	2.853665E-01	
397	1.352180E-01	2.712523E-01	2.824763E-01	
398	2.373896E-01	2.966464E-01	2.794843E-01	
399	1.854156E-01	2.922872E-01	2.819992E-01	
400	2.283471E-01	2.813246E-01	2.845347E-01	
401	2.708456E-01	2.694550E-01	2.828422E-01	
402	2.167047E-01	3.133818E-01	2.838309E-01	
403	2.323308E-01	2.886187E-01	2.845942E-01	
404	1.705291E-01	2.973451E-01	2.869606E-01	
405	2.933661E-01	3.120937E-01	2.857309E-01	
406	1.677407E-01	3.077462E-01	2.839929E-01	
407	1.469512E-01	3.240906E-01	2.892423E-01	
408	1.444022E-01	3.059229E-01	2.849976E-01	
409	1.870447E-01	3.101210E-01	2.858646E-01	
410	1.959732E-01	3.042971E-01	2.935412E-01	
411	1.414863E-01	3.076428E-01	2.892163E-01	
412	2.124506E-01	3.182183E-01	2.873822E-01	
413	1.098856E-01	3.132963E-01	2.931303E-01	
414	1.109648E-01	3.023601E-01	2.873441E-01	
415	1.629123E-01	3.362016E-01	2.929856E-01	
416	9.277811E-02	3.143123E-01	2.884926E-01	
417	1.805483E-01	3.103907E-01	2.907741E-01	
418	2.474765E-01	3.085159E-01	2.870577E-01	
419	1.775059E-01	3.095950E-01	2.941706E-01	
420	2.542272E-01	3.087924E-01	2.874429E-01	
421	3.058762E-01	3.206122E-01	2.919001E-01	
422	2.516301E-01	3.095439E-01	2.961248E-01	
423	2.793684E-01	3.032261E-01	2.878437E-01	
424	3.024646E-01	2.868686E-01	2.922457E-01	
425	3.281458E-01	3.015228E-01	2.918396E-01	
426	3.388187E-01	3.316560E-01	2.867107E-01	
427	4.374011E-01	3.314313E-01	2.890947E-01	
428	2.008827E-01	3.170087E-01	2.844288E-01	
429	3.908017E-01	3.192896E-01	2.845510E-01	
430	2.508366E-01	3.253858E-01	2.895824E-01	
431	3.438758E-01	3.140876E-01	2.877805E-01	
432	1.339874E-01	3.166126E-01	2.907762E-01	
433	3.540181E-01	2.897109E-01	2.884510E-01	
434	8.469593E-01	3.137361E-01	2.894839E-01	
435	3.615358E-01	3.206986E-01	2.908923E-01	
436	3.399345E-01	3.012884E-01	2.884765E-01	
437	0	3.348102E-01	2.933318E-01	
438	0	2.987878E-01	2.863407E-01	
439	0	3.248745E-01	2.852993E-01	
440	0	3.159365E-01	2.939733E-01	
441	0	3.250128E-01	2.928468E-01	
442	0	3.620482E-01	2.933227E-01	
443	0	3.259162E-01	2.835416E-01	
444	0	3.170944E-01	3.012231E-01	
445	0	3.258922E-01	2.936393E-01	
446	0	3.316100E-01	2.935973E-01	
447	0	3.378282E-01	2.988588E-01	
448	0	3.232701E-01	2.996335E-01	
449	0	3.709549E-01	3.032658E-01	
450	0	2.922814E-01	3.007428E-01	
451	0	3.207645E-01	3.023850E-01	
452	0	2.840920E-01	3.088426E-01	
453	0	2.660802E-01	3.028069E-01	
454	0	2.945674E-01	3.124078E-01	
455	0	2.663782E-01	3.047122E-01	
456	0	3.148447E-01	2.979329E-01	
457	0	2.820204E-01	3.097718E-01	
458	0	3.051281E-01	3.126496E-01	
459	0	3.241499E-01	3.226173E-01	
460	0	2.922880E-01	3.019952E-01	
461	0	3.252568E-01	3.221138E-01	
462	0	3.483655E-01	3.016120E-01	
463	0	3.345821E-01	3.252269E-01	
464	0	2.882886E-01	3.027660E-01	
465	0	3.461221E-01	3.035739E-01	
466	0	3.908949E-01	3.200297E-01	
467	0	3.642613E-01	2.820018E-01	
468	0	4.011058E-01	3.276985E-01	
469	0	4.078259E-01	3.169341E-01	
470	0	4.651225E-01	3.480872E-01	
471	0	3.601297E-01	3.156180E-01	
472	0	3.980425E-01	3.347711E-01	
473	0	3.546911E-01	3.400404E-01	
474	0	3.714369E-01	3.254742E-01	
475	0	4.225884E-01	3.607649E-01	
476	0	4.000837E-01	3.150299E-01	
477	0	3.917454E-01	3.886105E-01	
478	0	3.754371E-01	3.181287E-01	
479	0	3.342861E-01	3.724598E-01	
480	0	4.733761E-01	3.253101E-01	
481	0	4.426961E-01	3.546303E-01	
482	0	4.927389E-01	3.407507E-01	
483	0	3.389483E-01	3.471349E-01	
484	0	5.968020E-01	3.964532E-01	
485	0	3.869106E-01	3.360156E-01	
486	0	4.747807E-01	4.500587E-01	
487	0	4.112416E-01	3.463874E-01	
488	0	1.516811E-01	3.783965E-01	
489	0	3.658659E-01	3.475983E-01	
490	0	6.204125E-01	3.971173E-01	
491	0	7.209214E-01	3.671025E-01	
492	0	4.266455E-01	3.812792E-01	
493	0	0	4.328007E-01	
494	0	4.794025E-01	3.835372E-01	
495	0	9.921919E-01	4.206528E-01	
496	0	4.120589E-01	3.933777E-01	
497	0	7.251489E-01	4.667783E-01	
498	0	5.649529E-01	4.267792E-01	
499	0	4.867337E-01	4.742574E-01	
500	0	0	0	
501	0	5.223730E-01	4.507367E-01	
502	0	0	0	
503	0	4.791205E-01	4.836499E-01	
504	0	0	0	
505	0	5.277903E-01	4.853965E-01	
506	0	9.350588E-01	3.765939E-01	
507	0	0	0	
508	0	4.794106E-01	5.040915E-01	
509	0	0	0	
510	0	6.034860E-01	4.750778E-01	
511	0	0	0	
512	0	4.878417E-01	5.390873E-01	
513	0	0	0	
514	0	0	0	
515	0	7.707113E-01	6.095288E-01	
516	0	0	0	
517	0	0	6.910727E-01	
518	0	0	0	
519	0	0	0	
520	0	0	0	
521	0	0	0	
522	0	0	0	
523	0	0	0	
524	0	0	0	
525	0	0	0	
526	0	0	0	
527	0	0	0	
528	0	0	0	
529	0	0	0	
530	0	0	0	
531	0	0	0	
532	0	0	0	
533	0	0	0	
534	0	0	0	
535	0	0	0	
536	0	0	0	
537	0	0	0	
538	0	0	0	
539	0	0	0	
540	0	0	0	
541	0	0	0	
542	0	0	0	
543	0	0	0	
544	0	0	0	
545	0	0	0	
546	0	0	0	
547	0	0	0	
548	0	0	0	
549	0	0	0	
550	0	0	0	
551	0	0	0	
552	0	0	0	
553	0	0	0	
554	0	0	0	
555	0	0	0	
556	0	0	0	
557	0	0	0	
558	0	0	0	
559	0	0	0	
560	0	0	0	
561	0	0	0	
562	0	0	0	
563	0	0	0	
564	0	0	0	
565	0	0	0	
566	0	0	0	
567	0	0	0	
568	0	0	0	
569	0	0	0	
570	0	0	0	
571	0	0	0	
572	0	0	0	
573	0	0	0	
574	0	0	0	
575	0	0	0	
576	0	0	0	
577	0	0	0	
578	0	0	0	
579	0	0	0	
580	0	0	0	
581	0	0	0	
582	0	0	0	
583	0	0	0	
584	0	0	0	
585	0	0	0	
586	0	0	0	
587	0	0	0	
588	0	0	0	
589	0	0	0	
590	0	0	0	
591	0	0	0	
592	0	0	0	
593	0	0	0	
594	0	0	0	
595	0	0	0	
596	0	0	0	
597	0	0	0	
598	0	0	0	
599	0	0	0	
#NewRun
0	0	0	0	
1	0	0	0	
2	0	0	0	
3	0	0	0	
4	3.164486E-01	4.381735E-01	3.378926E-01	
5	3.454661E-01	4.106551E-01	3.315884E-01	
6	3.417092E-01	4.676385E-01	3.510466E-01	
7	0	0	0	
8	3.411465E-01	2.554739E-01	3.202045E-01	
9	3.348369E-01	3.437503E-01	3.319041E-01	
10	0	0	0	
11	3.441834E-01	2.911158E-01	3.463856E-01	
12	3.374648E-01	3.435121E-01	3.314134E-01	
13	3.360710E-01	3.030778E-01	3.290361E-01	
14	3.387198E-01	3.344137E-01	3.339227E-01	
15	0	0	0	
16	3.326219E-01	3.471457E-01	3.306296E-01	
17	3.371778E-01	2.802152E-01	3.421682E-01	
18	3.303948E-01	3.189865E-01	3.366134E-01	
19	3.314008E-01	3.330166E-01	3.367107E-01	
20	3.215764E-01	3.498576E-01	3.314553E-01	
21	3.260813E-01	3.386095E-01	3.306922E-01	
22	3.231157E-01	3.036553E-01	3.313701E-01	
23	3.243361E-01	3.110460E-01	3.339454E-01	
24	3.214818E-01	3.008581E-01	3.297627E-01	
25	3.228561E-01	3.302828E-01	3.268050E-01	
26	3.240950E-01	3.115637E-01	3.290546E-01	
27	3.266823E-01	3.346988E-01	3.312092E-01	
28	3.248304E-01	3.643628E-01	3.274407E-01	
29	3.264035E-01	3.258989E-01	3.303251E-01	
30	3.296708E-01	3.211853E-01	3.221163E-01	
31	3.226009E-01	3.492541E-01	3.282128E-01	
32	3.250017E-01	3.267575E-01	3.312449E-01	
33	3.291500E-01	3.261231E-01	3.307893E-01	
34	3.277009E-01	3.079129E-01	3.278701E-01	
35	3.300916E-01	3.215864E-01	3.362366E-01	
36	3.261299E-01	2.985678E-01	3.344629E-01	
37	3.276523E-01	3.354230E-01	3.296933E-01	
38	3.267464E-01	3.127983E-01	3.263548E-01	
39	3.250183E-01	3.128618E-01	3.299469E-01	
40	3.265758E-01	3.145085E-01	3.290813E-01	
41	3.271148E-01	3.127849E-01	3.263391E-01	
42	3.256871E-01	3.315513E-01	3.204229E-01	
43	3.272900E-01	3.052705E-01	3.238987E-01	
44	3.279886E-01	3.010960E-01	3.284859E-01	
45	3.265665E-01	3.176486E-01	3.262467E-01	
46	3.269824E-01	3.139682E-01	3.303163E-01	
47	3.293652E-01	3.257523E-01	3.280306E-01	
48	3.270889E-01	3.191599E-01	3.279338E-01	
49	3.248568E-01	3.218131E-01	3.294242E-01	
50	3.277199E-01	3.029660E-01	3.269169E-01	
51	3.279223E-01	3.184530E-01	3.231218E-01	
52	3.262750E-01	3.108923E-01	3.250783E-01	
53	3.258773E-01	3.095285E-01	3.276347E-01	
54	3.275538E-01	3.085491E-01	3.229754E-01	
55	3.216012E-01	3.338652E-01	3.255488E-01	
56	3.220171E-01	3.117471E-01	3.259319E-01	
57	3.224267E-01	3.268018E-01	3.263049E-01	
58	3.195715E-01	3.119707E-01	3.255709E-01	
59	3.189218E-01	3.094362E-01	3.200800E-01	
60	3.191342E-01	3.151838E-01	3.239255E-01	
61	3.184886E-01	3.191150E-01	3.222686E-01	
62	3.200851E-01	3.258565E-01	3.200471E-01	
63	3.168779E-01	3.255787E-01	3.207825E-01	
64	3.154613E-01	3.317415E-01	3.239168E-01	
65	3.147282E-01	3.292934E-01	3.176142E-01	
66	3.145571E-01	3.282376E-01	3.173285E-01	
67	3.140645E-01	3.231660E-01	3.204502E-01	
68	3.121722E-01	3.287979E-01	3.136879E-01	
69	3.133539E-01	3.266486E-01	3.170475E-01	
70	3.125087E-01	3.198731E-01	3.150975E-01	
71	3.119884E-01	3.201271E-01	3.136454E-01	
72	3.105960E-01	3.214682E-01	3.113815E-01	
73	3.088285E-01	3.193191E-01	3.126046E-01	
74	3.096719E-01	3.324987E-01	3.127822E-01	
75	3.080659E-01	3.327784E-01	3.112061E-01	
76	3.067535E-01	3.171810E-01	3.121152E-01	
77	3.070767E-01	3.150794E-01	3.116423E-01	
78	3.073496E-01	3.251687E-01	3.081759E-01	
79	3.052737E-01	3.071901E-01	3.098771E-01	
80	3.058981E-01	3.182598E-01	3.078784E-01	
81	3.055582E-01	3.255279E-01	3.062350E-01	
82	3.053889E-01	3.118641E-01	3.088499E-01	
83	3.065532E-01	3.177595E-01	3.073635E-01	
84	3.046652E-01	3.125105E-01	3.083368E-01	
85	3.054106E-01	3.131557E-01	3.060148E-01	
86	3.047206E-01	3.110268E-01	3.043211E-01	
87	3.055998E-01	3.142085E-01	3.049464E-01	
88	3.030153E-01	3.149364E-01	3.041593E-01	
89	3.050528E-01	3.088647E-01	3.024141E-01	
90	3.049968E-01	3.151881E-01	3.009366E-01	
91	3.053341E-01	3.068556E-01	3.013994E-01	
92	3.034187E-01	3.035328E-01	3.030865E-01	
93	3.047636E-01	3.105965E-01	2.976459E-01	
94	3.055577E-01	3.020030E-01	2.984855E-01	
95	3.068321E-01	3.114305E-01	2.979794E-01	
96	3.063609E-01	3.115757E-01	2.970434E-01	
97	3.065150E-01	3.061087E-01	2.976242E-01	
98	3.075700E-01	3.087452E-01	2.944866E-01	
99	3.100215E-01	3.168167E-01	2.941406E-01	
100	3.105497E-01	3.118587E-01	2.954973E-01	
101	3.110214E-01	3.086819E-01	2.937659E-01	
102	3.122265E-01	3.041533E-01	2.922310E-01	
103	3.149767E-01	3.151197E-01	2.924848E-01	
104	3.149127E-01	3.142695E-01	2.910876E-01	
105	3.167933E-01	3.133297E-01	2.908052E-01	
106	3.190127E-01	3.177080E-01	2.892213E-01	
107	3.198297E-01	3.170083E-01	2.904973E-01	
108	3.210180E-01	3.183205E-01	2.910838E-01	
109	3.228491E-01	3.151738E-01	2.894101E-01	
110	3.249781E-01	3.184570E-01	2.882534E-01	
111	3.275311E-01	3.130828E-01	2.902221E-01	
112	3.299902E-01	3.139853E-01	2.920329E-01	
113	3.299394E-01	3.161456E-01	2.912812E-01	
114	3.331649E-01	3.157766E-01	2.924784E-01	
115	3.356650E-01	3.226464E-01	2.918485E-01	
116	3.368358E-01	3.216207E-01	2.941599E-01	
117	3.397245E-01	3.202195E-01	2.945646E-01	
118	3.428489E-01	3.219074E-01	2.956871E-01	
119	3.443439E-01	3.195735E-01	2.956330E-01	
120	3.482882E-01	3.310698E-01	2.998738E-01	
121	3.497487E-01	3.172817E-01	2.978390E-01	
122	3.537186E-01	3.219097E-01	2.993793E-01	
123	3.563507E-01	3.275978E-01	3.016858E-01	
124	3.573050E-01	3.242199E-01	3.041199E-01	
125	3.622744E-01	3.228822E-01	3.066221E-01	
126	3.654172E-01	3.291366E-01	3.050235E-01	
127	3.662482E-01	3.369174E-01	3.082795E-01	
128	3.689713E-01	3.297017E-01	3.108883E-01	
129	3.739235E-01	3.328092E-01	3.128072E-01	
130	3.756247E-01	3.331956E-01	3.130542E-01	
131	3.788809E-01	3.300944E-01	3.154913E-01	
132	3.823715E-01	3.251526E-01	3.178645E-01	
133	3.857978E-01	3.378122E-01	3.193955E-01	
134	3.898173E-01	3.350274E-01	3.208518E-01	
135	3.929751E-01	3.336807E-01	3.244679E-01	
136	3.947968E-01	3.300305E-01	3.270710E-01	
137	3.988624E-01	3.408039E-01	3.282051E-01	
138	4.028667E-01	3.408668E-01	3.299905E-01	
139	4.071543E-01	3.461696E-01	3.328680E-01	
140	4.090205E-01	3.410727E-01	3.369801E-01	
141	4.156646E-01	3.574104E-01	3.372172E-01	
142	4.195429E-01	3.551703E-01	3.404447E-01	
143	4.220200E-01	3.589328E-01	3.443879E-01	
144	4.278022E-01	3.567712E-01	3.460235E-01	
145	4.301834E-01	3.623958E-01	3.484156E-01	
146	4.379885E-01	3.610735E-01	3.517620E-01	
147	4.377870E-01	3.565199E-01	3.519031E-01	
148	4.428226E-01	3.655746E-01	3.568205E-01	
149	4.490527E-01	3.755935E-01	3.600209E-01	
150	4.491321E-01	3.717082E-01	3.609933E-01	
151	4.569580E-01	3.777441E-01	3.656763E-01	
152	4.602458E-01	3.729798E-01	3.674789E-01	
153	4.652376E-01	3.719218E-01	3.703035E-01	
154	4.664600E-01	3.785008E-01	3.746195E-01	
155	4.725328E-01	3.856983E-01	3.764212E-01	
156	4.783514E-01	3.856275E-01	3.789879E-01	
157	4.844098E-01	3.824191E-01	3.831923E-01	
158	4.895715E-01	3.833290E-01	3.843179E-01	
159	4.911046E-01	3.892070E-01	3.868283E-01	
160	4.965694E-01	3.924081E-01	3.916933E-01	
161	4.994193E-01	3.911050E-01	3.918727E-01	
162	5.050316E-01	3.933986E-01	3.943099E-01	
163	5.094993E-01	3.906654E-01	3.973579E-01	
164	5.139804E-01	4.030628E-01	3.982616E-01	
165	5.201492E-01	4.037030E-01	4.014831E-01	
166	5.232646E-01	4.021711E-01	4.040990E-01	
167	5.297759E-01	3.895126E-01	4.045909E-01	
168	5.313048E-01	4.054550E-01	4.071432E-01	
169	5.405442E-01	3.904390E-01	4.085059E-01	
170	5.401745E-01	3.871509E-01	4.095666E-01	
171	5.473871E-01	4.144501E-01	4.115220E-01	
172	5.502213E-01	4.019424E-01	4.151498E-01	
173	5.462456E-01	4.193762E-01	4.158793E-01	
174	5.556234E-01	3.969182E-01	4.166414E-01	
175	5.569962E-01	4.184035E-01	4.193147E-01	
176	5.647799E-01	4.133274E-01	4.204774E-01	
177	5.675368E-01	4.116442E-01	4.217936E-01	
178	5.719090E-01	4.239436E-01	4.257264E-01	
179	5.685217E-01	3.988613E-01	4.245028E-01	
180	5.735920E-01	4.275312E-01	4.274084E-01	
181	5.771168E-01	4.140243E-01	4.279621E-01	
182	5.764212E-01	4.135089E-01	4.309260E-01	
183	5.848328E-01	4.161549E-01	4.312016E-01	
184	5.792966E-01	4.171700E-01	4.331080E-01	
185	5.855534E-01	4.140549E-01	4.333147E-01	
186	5.749461E-01	4.098153E-01	4.344997E-01	
187	5.792640E-01	4.105223E-01	4.365533E-01	
188	5.867631E-01	4.251805E-01	4.355415E-01	
189	5.876311E-01	4.090459E-01	4.392158E-01	
190	5.872045E-01	4.001021E-01	4.365212E-01	
191	5.777493E-01	3.938718E-01	4.372740E-01	
192	5.862560E-01	4.084753E-01	4.416640E-01	
193	5.871481E-01	4.099610E-01	4.422697E-01	
194	5.849360E-01	3.970574E-01	4.370720E-01	
195	5.765493E-01	4.021390E-01	4.385269E-01	
196	5.853127E-01	4.042110E-01	4.374399E-01	
197	5.788825E-01	4.061728E-01	4.339667E-01	
198	5.766488E-01	4.000759E-01	4.363832E-01	
199	5.822496E-01	3.871672E-01	4.293594E-01	
200	5.902414E-01	3.960701E-01	4.352565E-01	
201	5.853093E-01	4.141706E-01	4.348215E-01	
202	5.847860E-01	4.101284E-01	4.290596E-01	
203	5.827916E-01	3.900256E-01	4.289754E-01	
204	5.969760E-01	4.076112E-01	4.310958E-01	
205	5.909026E-01	3.867760E-01	4.251725E-01	
206	5.837204E-01	3.978785E-01	4.219120E-01	
207	5.913738E-01	3.988781E-01	4.243069E-01	
208	5.943792E-01	3.937183E-01	4.183467E-01	
209	5.907848E-01	3.764966E-01	4.143822E-01	
210	5.981704E-01	3.912985E-01	4.152833E-01	
211	5.736819E-01	3.898405E-01	4.161937E-01	
212	5.773598E-01	3.755194E-01	4.098871E-01	
213	5.546925E-01	3.841770E-01	4.093508E-01	
214	5.482082E-01	3.804540E-01	4.068298E-01	
215	5.743917E-01	4.093957E-01	4.052250E-01	
216	5.562933E-01	3.826269E-01	4.016767E-01	
217	5.410471E-01	4.073755E-01	4.008277E-01	
218	5.311178E-01	3.874803E-01	4.039435E-01	
219	5.120435E-01	3.703349E-01	3.979767E-01	
220	5.239859E-01	3.945887E-01	3.928284E-01	
221	5.348032E-01	3.861768E-01	3.937833E-01	
222	4.855183E-01	3.919535E-01	3.937635E-01	
223	4.705634E-01	3.907367E-01	3.899333E-01	
224	4.753848E-01	3.821981E-01	3.885226E-01	
225	4.822278E-01	3.883315E-01	3.835702E-01	
226	4.518044E-01	3.733442E-01	3.889315E-01	
227	4.504933E-01	3.887984E-01	3.840382E-01	
228	4.352913E-01	3.824138E-01	3.809263E-01	
229	4.753913E-01	3.803659E-01	3.792663E-01	
230	4.485257E-01	3.760279E-01	3.782303E-01	
231	4.192360E-01	3.661182E-01	3.775501E-01	
232	4.203963E-01	3.720514E-01	3.709930E-01	
233	4.416186E-01	3.798714E-01	3.733388E-01	
234	4.379623E-01	3.852557E-01	3.717854E-01	
235	4.270578E-01	3.641871E-01	3.722745E-01	
236	4.374520E-01	3.573603E-01	3.742737E-01	
237	4.207515E-01	3.637439E-01	3.688563E-01	
238	4.435933E-01	3.289267E-01	3.698163E-01	
239	4.094011E-01	3.385906E-01	3.690459E-01	
240	4.360698E-01	3.373743E-01	3.648990E-01	
241	4.302235E-01	3.325722E-01	3.716384E-01	
242	4.428729E-01	3.388108E-01	3.665985E-01	
243	4.345102E-01	3.415649E-01	3.681699E-01	
244	4.299806E-01	3.358653E-01	3.663404E-01	
245	4.202802E-01	3.384603E-01	3.677623E-01	
246	4.208715E-01	3.353317E-01	3.637743E-01	
247	4.360312E-01	3.254800E-01	3.626943E-01	
248	4.069724E-01	3.371295E-01	3.606729E-01	
249	4.062121E-01	3.356361E-01	3.589707E-01	
250	4.276574E-01	3.311283E-01	3.584187E-01	
251	4.254439E-01	3.289525E-01	3.592478E-01	
252	4.195119E-01	3.267331E-01	3.559458E-01	
253	4.017016E-01	3.242905E-01	3.530619E-01	
254	3.864236E-01	3.144732E-01	3.532529E-01	
255	4.065100E-01	3.252180E-01	3.564122E-01	
256	4.117110E-01	3.254341E-01	3.503284E-01	
257	3.817681E-01	3.255365E-01	3.508115E-01	
258	4.005040E-01	3.362066E-01	3.519602E-01	
259	4.051688E-01	3.236475E-01	3.459877E-01	
260	3.772765E-01	3.269659E-01	3.451941E-01	
261	3.856345E-01	3.382507E-01	3.459642E-01	
262	3.904007E-01	3.159689E-01	3.450879E-01	
263	4.007494E-01	3.399506E-01	3.448499E-01	
264	4.108599E-01	3.399198E-01	3.369873E-01	
265	3.811360E-01	3.253885E-01	3.368550E-01	
266	4.015653E-01	3.288578E-01	3.371084E-01	
267	3.830843E-01	3.185785E-01	3.371461E-01	
268	3.844347E-01	3.057464E-01	3.319120E-01	
269	3.938155E-01	3.243933E-01	3.295423E-01	
270	3.750438E-01	3.051584E-01	3.298102E-01	
271	3.951198E-01	3.268171E-01	3.241829E-01	
272	4.072370E-01	3.151012E-01	3.247465E-01	
273	3.887341E-01	3.161566E-01	3.221869E-01	
274	3.595728E-01	3.106027E-01	3.228152E-01	
275	3.846441E-01	3.031152E-01	3.190238E-01	
276	3.526083E-01	3.146612E-01	3.154512E-01	
277	3.536054E-01	2.936259E-01	3.156545E-01	
278	3.664391E-01	2.938011E-01	3.133073E-01	
279	3.703619E-01	2.975207E-01	3.100588E-01	
280	3.444165E-01	2.997233E-01	3.123695E-01	
281	3.694914E-01	2.946515E-01	3.071457E-01	
282	3.792257E-01	3.003642E-01	3.118629E-01	
283	3.613742E-01	2.848340E-01	3.103643E-01	
284	3.906186E-01	2.905995E-01	3.078402E-01	
285	3.501502E-01	2.786679E-01	3.067842E-01	
286	3.339612E-01	2.844943E-01	3.058686E-01	
287	3.875968E-01	2.923282E-01	3.046420E-01	
288	3.078690E-01	2.780420E-01	3.037111E-01	
289	3.274399E-01	2.855229E-01	3.061296E-01	
290	3.332261E-01	2.930154E-01	2.980475E-01	
291	2.853020E-01	2.799614E-01	3.039443E-01	
292	3.115211E-01	2.807946E-01	2.977569E-01	
293	3.363731E-01	2.798454E-01	3.010245E-01	
294	3.306628E-01	2.872230E-01	3.014089E-01	
295	3.240509E-01	2.873564E-01	2.982455E-01	
296	3.360606E-01	2.862100E-01	3.015987E-01	
297	3.542107E-01	2.817115E-01	3.001692E-01	
298	3.473180E-01	2.887185E-01	2.993420E-01	
299	3.640360E-01	2.845170E-01	2.998748E-01	
300	3.622318E-01	2.854303E-01	3.015104E-01	
301	3.533818E-01	2.904160E-01	2.979397E-01	
302	3.329159E-01	2.945320E-01	3.014825E-01	
303	3.632421E-01	2.912345E-01	2.976722E-01	
304	3.658798E-01	2.971991E-01	2.959622E-01	
305	3.675150E-01	2.929185E-01	2.988582E-01	
306	3.411845E-01	2.951703E-01	2.967092E-01	
307	3.828801E-01	3.000388E-01	2.929260E-01	
308	3.801429E-01	2.855767E-01	2.974434E-01	
309	4.014296E-01	2.846197E-01	2.922121E-01	
310	3.994620E-01	2.900872E-01	2.919048E-01	
311	3.958763E-01	2.909075E-01	2.930077E-01	
312	4.032661E-01	2.940974E-01	2.943395E-01	
313	4.107262E-01	3.014511E-01	2.889628E-01	
314	3.768128E-01	2.993136E-01	2.905372E-01	
315	3.896321E-01	2.920088E-01	2.908743E-01	
316	4.111131E-01	2.975671E-01	2.911854E-01	
317	3.947833E-01	3.099833E-01	2.935085E-01	
318	3.787624E-01	2.961341E-01	2.898530E-01	
319	3.667610E-01	2.954276E-01	2.911275E-01	
320	3.708111E-01	2.996494E-01	2.927076E-01	
321	4.067834E-01	3.148990E-01	2.926200E-01	
322	3.722794E-01	3.082969E-01	2.910892E-01	
323	3.585883E-01	3.055191E-01	2.952597E-01	
324	3.670940E-01	3.042845E-01	2.936738E-01	
325	3.880387E-01	3.032793E-01	2.956036E-01	
326	3.758558E-01	2.900444E-01	2.975801E-01	
327	3.501150E-01	3.051933E-01	2.950852E-01	
328	3.420737E-01	3.148122E-01	2.961390E-01	
329	3.191972E-01	2.986727E-01	2.952904E-01	
330	3.396045E-01	3.113699E-01	2.973947E-01	
331	3.641366E-01	2.789454E-01	2.973000E-01	
332	3.625956E-01	2.872912E-01	2.975977E-01	
333	3.672664E-01	3.118016E-01	2.955223E-01	
334	3.476013E-01	2.755758E-01	2.977074E-01	
335	3.728406E-01	3.005948E-01	2.977538E-01	
336	3.843900E-01	2.852390E-01	2.992173E-01	
337	3.219505E-01	2.959554E-01	2.960188E-01	
338	3.311531E-01	2.905767E-01	2.969972E-01	
339	3.279414E-01	3.050435E-01	2.947607E-01	
340	3.183568E-01	2.977173E-01	2.957372E-01	
341	3.228282E-01	3.041344E-01	2.963185E-01	
342	3.452629E-01	2.920578E-01	2.929284E-01	
343	3.718253E-01	2.824605E-01	2.956726E-01	
344	3.196541E-01	3.065018E-01	2.932830E-01	
345	3.308744E-01	3.066554E-01	2.922613E-01	
346	3.787173E-01	2.858858E-01	2.938903E-01	
347	3.634937E-01	3.294810E-01	2.922047E-01	
348	3.722011E-01	2.846349E-01	2.929339E-01	
349	3.397806E-01	2.773643E-01	2.920547E-01	
350	3.531103E-01	2.731048E-01	2.888753E-01	
351	3.772169E-01	2.870833E-01	2.878741E-01	
352	3.475095E-01	2.881863E-01	2.943341E-01	
353	3.380395E-01	2.825867E-01	2.896825E-01	
354	3.856778E-01	2.652191E-01	2.925959E-01	
355	3.448214E-01	2.652081E-01	2.896380E-01	
356	3.853360E-01	2.735313E-01	2.910265E-01	
357	3.681651E-01	2.877061E-01	2.896768E-01	
358	3.747808E-01	2.671200E-01	2.900967E-01	
359	3.655924E-01	2.699105E-01	2.898295E-01	
360	3.515500E-01	2.799625E-01	2.870586E-01	
361	3.511662E-01	2.772761E-01	2.910446E-01	
362	4.363172E-01	2.685759E-01	2.863969E-01	
363	4.210526E-01	2.886665E-01	2.869221E-01	
364	4.097786E-01	2.958204E-01	2.878255E-01	
365	4.058086E-01	2.944310E-01	2.864706E-01	
366	3.811681E-01	2.980622E-01	2.861336E-01	
367	4.071268E-01	2.865463E-01	2.873199E-01	
368	3.613038E-01	2.923104E-01	2.861969E-01	
369	4.079014E-01	2.936209E-01	2.880130E-01	
370	3.543886E-01	2.961158E-01	2.853588E-01	
371	3.683111E-01	2.859706E-01	2.836494E-01	
372	3.450795E-01	3.027046E-01	2.874427E-01	
373	3.122456E-01	2.928339E-01	2.850070E-01	
374	3.572234E-01	3.035098E-01	2.892274E-01	
375	3.595938E-01	2.954962E-01	2.874351E-01	
376	3.293736E-01	2.894674E-01	2.857066E-01	
377	2.955254E-01	2.953133E-01	2.857357E-01	
378	3.140996E-01	3.086754E-01	2.875135E-01	
379	3.053290E-01	2.994970E-01	2.881646E-01	
380	2.635433E-01	2.985230E-01	2.872051E-01	
381	2.811204E-01	2.862351E-01	2.870246E-01	
382	2.812274E-01	2.954046E-01	2.812489E-01	
383	2.965673E-01	2.908177E-01	2.835655E-01	
384	2.629918E-01	3.276762E-01	2.839354E-01	
385	2.726688E-01	2.716648E-01	2.818697E-01	
386	2.761807E-01	2.974756E-01	2.821388E-01	
387	3.108383E-01	2.989681E-01	2.763256E-01	
388	2.818522E-01	2.790104E-01	2.774723E-01	
389	2.775947E-01	3.165789E-01	2.793233E-01	
390	3.063519E-01	2.842192E-01	2.783836E-01	
391	2.902689E-01	3.024534E-01	2.809010E-01	
392	3.065434E-01	2.556211E-01	2.791737E-01	
393	2.933883E-01	2.607668E-01	2.774238E-01	
394	2.719937E-01	3.180752E-01	2.761794E-01	
395	3.143454E-01	2.910112E-01	2.802721E-01	
396	2.934501E-01	2.778270E-01	2.787167E-01	
397	2.870149E-01	2.998902E-01	2.789434E-01	
398	3.008176E-01	2.834672E-01	2.817263E-01	
399	2.630155E-01	2.951912E-01	2.787637E-01	
400	3.022526E-01	3.008698E-01	2.800743E-01	
401	3.100178E-01	2.952857E-01	2.841239E-01	
402	3.191825E-01	3.085336E-01	2.860279E-01	
403	3.085008E-01	2.940944E-01	2.842714E-01	
404	2.930337E-01	3.059127E-01	2.848139E-01	
405	3.151938E-01	2.958299E-01	2.852481E-01	
406	2.919393E-01	3.318601E-01	2.897897E-01	
407	2.894182E-01	3.124733E-01	2.914204E-01	
408	2.825443E-01	2.924913E-01	2.887520E-01	
409	2.470481E-01	3.049803E-01	2.914551E-01	
410	3.222998E-01	3.083569E-01	2.979891E-01	
411	3.036941E-01	3.409439E-01	2.998520E-01	
412	2.630529E-01	2.827530E-01	2.918389E-01	
413	2.562198E-01	3.095979E-01	2.966937E-01	
414	2.745133E-01	3.071585E-01	2.996284E-01	
415	2.962751E-01	3.165257E-01	3.067674E-01	
416	2.537798E-01	2.971722E-01	2.999051E-01	
417	2.240433E-01	3.041732E-01	3.050046E-01	
418	3.060300E-01	3.244438E-01	3.065275E-01	
419	3.128738E-01	2.958379E-01	3.113499E-01	
420	2.970401E-01	3.524718E-01	3.042185E-01	
421	3.066902E-01	3.337923E-01	3.080349E-01	
422	3.013509E-01	3.575852E-01	3.047482E-01	
423	2.973315E-01	3.311126E-01	3.050143E-01	
424	2.665850E-01	3.539148E-01	3.046465E-01	
425	2.933270E-01	3.542690E-01	3.038440E-01	
426	3.229253E-01	3.580214E-01	3.048645E-01	
427	3.036141E-01	3.522348E-01	2.979978E-01	
428	2.897834E-01	3.639912E-01	2.942365E-01	
429	2.909002E-01	3.421217E-01	2.967427E-01	
430	3.153836E-01	3.298556E-01	2.927722E-01	
431	2.836767E-01	3.472545E-01	2.991483E-01	
432	3.228400E-01	3.373223E-01	2.873711E-01	
433	2.993812E-01	3.659245E-01	2.987603E-01	
434	3.431020E-01	3.054504E-01	2.890807E-01	
435	2.715639E-01	3.158549E-01	2.915152E-01	
436	3.560386E-01	2.890857E-01	2.925190E-01	
437	3.421164E-01	2.891078E-01	2.941422E-01	
438	3.404937E-01	3.410531E-01	3.044345E-01	
439	3.382234E-01	2.816842E-01	2.998144E-01	
440	3.266938E-01	2.861367E-01	3.077134E-01	
441	4.490728E-01	2.830554E-01	2.984121E-01	
442	3.172694E-01	3.025208E-01	3.008624E-01	
443	4.086774E-01	3.237282E-01	2.941158E-01	
444	3.580405E-01	3.180595E-01	3.061554E-01	
445	3.505995E-01	3.443613E-01	3.066596E-01	
446	3.485563E-01	3.324860E-01	2.963994E-01	
447	3.486300E-01	3.393478E-01	2.997025E-01	
448	3.732591E-01	3.335117E-01	3.036038E-01	
449	3.907013E-01	3.441868E-01	3.067055E-01	
450	3.771624E-01	3.319300E-01	2.954741E-01	
451	3.766260E-01	3.177064E-01	3.025717E-01	
452	3.505386E-01	3.284044E-01	3.152880E-01	
453	3.459386E-01	3.768206E-01	3.012851E-01	
454	3.756350E-01	3.793735E-01	3.115447E-01	
455	3.720570E-01	3.520232E-01	3.107089E-01	
456	3.739874E-01	3.668576E-01	3.088810E-01	
457	3.213623E-01	3.493082E-01	3.132668E-01	
458	3.313884E-01	3.959695E-01	3.183243E-01	
459	3.769278E-01	3.479403E-01	3.138581E-01	
460	2.330739E-01	3.446564E-01	3.153048E-01	
461	2.787889E-01	3.944973E-01	3.198069E-01	
462	2.430392E-01	3.441682E-01	2.997343E-01	
463	2.683594E-01	3.856535E-01	3.219306E-01	
464	2.436048E-01	3.369596E-01	3.003622E-01	
465	2.236829E-01	4.418797E-01	3.052744E-01	
466	3.130708E-01	3.586768E-01	3.018104E-01	
467	2.803081E-01	3.980089E-01	2.906684E-01	
468	3.747391E-01	3.494622E-01	3.077745E-01	
469	1.883110E-01	3.669469E-01	2.895294E-01	
470	2.001385E-01	4.694356E-01	3.347124E-01	
471	1.976182E-01	3.241860E-01	2.894006E-01	
472	2.082772E-01	3.606828E-01	3.197087E-01	
473	2.310495E-01	3.513018E-01	2.879024E-01	
474	1.413087E-01	4.413818E-01	3.168541E-01	
475	3.042699E-01	4.972580E-01	3.104890E-01	
476	2.233007E-01	3.951407E-01	2.986242E-01	
477	3.414010E-01	4.045550E-01	3.465218E-01	
478	2.254624E-01	2.955344E-01	2.991454E-01	
479	1.616833E-01	4.326408E-01	3.502617E-01	
480	2.460253E-01	3.232498E-01	3.081931E-01	
481	1.357437E-01	3.631668E-01	3.412616E-01	
482	1.752977E-01	3.601897E-01	3.088015E-01	
483	2.250989E-01	3.708213E-01	3.444820E-01	
484	0	3.438365E-01	3.997993E-01	
485	2.571218E-01	3.865758E-01	3.242581E-01	
486	8.426217E-02	5.201023E-01	4.478990E-01	
487	3.332267E-01	2.989704E-01	3.382058E-01	
488	2.944084E-01	4.184301E-01	4.243350E-01	
489	4.093548E-01	2.988579E-01	3.470598E-01	
490	3.978122E-01	3.078137E-01	3.977982E-01	
491	4.236288E-01	3.404862E-01	4.043059E-01	
492	4.298883E-01	3.515734E-01	3.761498E-01	
493	0	9.617050E-01	4.313416E-01	
494	5.037423E-01	3.849766E-01	3.916635E-01	
495	0	7.053736E-01	5.039818E-01	
496	5.099396E-01	3.219850E-01	3.980595E-01	
497	5.664524E-01	5.144335E-01	4.801501E-01	
498	5.379125E-01	3.664319E-01	4.009533E-01	
499	6.061065E-01	4.802864E-01	4.590272E-01	
500	0	0	0	
501	6.485493E-01	5.073161E-01	4.279128E-01	
502	0	0	0	
503	6.808174E-01	5.562561E-01	4.558197E-01	
504	0	0	0	
505	7.364458E-01	5.597878E-01	4.710061E-01	
506	0	0	6.320540E-01	
507	0	0	0	
508	0	6.071518E-01	4.813371E-01	
509	0	0	0	
510	0	0	5.380502E-01	
511	0	0	0	
512	0	6.889345E-01	5.849830E-01	
513	0	0	0	
514	0	0	0	
515	0	0	6.390652E-01	
516	0	0	0	
517	0	9.911014E-01	6.720740E-01	
518	0	0	0	
519	0	0	7.660246E-01	
520	0	0	0	
521	0	0	0	
522	0	0	0	
523	0	0	0	
524	0	0	0	
525	0	0	0	
526	0	0	0	
527	0	0	0	
528	0	0	0	
529	0	0	0	
530	0	0	0	
531	0	0	0	
532	0	0	0	
533	0	0	0	
534	0	0	0	
535	0	0	0	
536	0	0	0	
537	0	0	0	
538	0	0	0	
539	0	0	0	
540	0	0	0	
541	0	0	0	
542	0	0	0	
543	0	0	0	
544	0	0	0	
545	0	0	0	
546	0	0	0	
547	0	0	0	
548	0	0	0	
549	0	0	0	
550	0	0	0	
551	0	0	0	
552	0	0	0	
553	0	0	0	
554	0	0	0	
555	0	0	0	
556	0	0	0	
557	0	0	0	
558	0	0	0	
559	0	0	0	
560	0	0	0	
561	0	0	0	
562	0	0	0	
563	0	0	0	
564	0	0	0	
565	0	0	0	
566	0	0	0	
567	0	0	0	
568	0	0	0	
569	0	0	0	
570	0	0	0	
571	0	0	0	
572	0	0	0	
573	0	0	0	
574	0	0	0	
575	0	0	0	
576	0	0	0	
577	0	0	0	
578	0	0	0	
579	0	0	0	
580	0	0	0	
581	0	0	0	
582	0	0	0	
583	0	0	0	
584	0	0	0	
585	0	0	0	
586	0	0	0	
587	0	0	0	
588	0	0	0	
589	0	0	0	
590	0	0	0	
591	0	0	0	
592	0	0	0	
593	0	0	0	
594	0	0	0	
595	0	0	0	
596	0	0	0	
597	0	0	0	
598	0	0	0	
599	0	0	0	
#NewRun
