#COM_Bin	Rg_Squared
#Order is chain type
0	1.833859E+02	1.189173E+02	1.124596E+02	
1	0.000000E+00	0.000000E+00	0.000000E+00	
2	0.000000E+00	0.000000E+00	0.000000E+00	
3	0.000000E+00	0.000000E+00	0.000000E+00	
4	1.758177E+02	1.114412E+02	1.184956E+02	
5	1.799403E+02	1.160496E+02	1.168045E+02	
6	1.723661E+02	1.148741E+02	1.239290E+02	
7	0.000000E+00	0.000000E+00	0.000000E+00	
8	1.749293E+02	1.154919E+02	1.180598E+02	
9	1.712924E+02	1.164926E+02	1.190593E+02	
10	0.000000E+00	0.000000E+00	0.000000E+00	
11	1.758183E+02	1.161589E+02	1.178542E+02	
12	1.713992E+02	1.169910E+02	1.171379E+02	
13	1.741312E+02	1.171829E+02	1.171437E+02	
14	1.723031E+02	1.171815E+02	1.172477E+02	
15	0.000000E+00	0.000000E+00	0.000000E+00	
16	1.699906E+02	1.171291E+02	1.179714E+02	
17	1.718716E+02	1.175881E+02	1.165774E+02	
18	1.715414E+02	1.171943E+02	1.185378E+02	
19	1.713711E+02	1.185265E+02	1.194946E+02	
20	1.708736E+02	1.179860E+02	1.179304E+02	
21	1.701030E+02	1.173338E+02	1.191335E+02	
22	1.712124E+02	1.168378E+02	1.199138E+02	
23	1.693465E+02	1.165088E+02	1.190598E+02	
24	1.694716E+02	1.172307E+02	1.187857E+02	
25	1.694408E+02	1.166358E+02	1.178026E+02	
26	1.679482E+02	1.168298E+02	1.190480E+02	
27	1.673396E+02	1.156504E+02	1.192210E+02	
28	1.698149E+02	1.173741E+02	1.195005E+02	
29	1.690291E+02	1.178007E+02	1.191696E+02	
30	1.690112E+02	1.172132E+02	1.194612E+02	
31	1.691011E+02	1.180290E+02	1.200415E+02	
32	1.698169E+02	1.176276E+02	1.192652E+02	
33	1.680703E+02	1.175600E+02	1.185495E+02	
34	1.687770E+02	1.179291E+02	1.188301E+02	
35	1.687801E+02	1.176184E+02	1.181438E+02	
36	1.698063E+02	1.173509E+02	1.195263E+02	
37	1.693386E+02	1.178330E+02	1.188948E+02	
38	1.697855E+02	1.180105E+02	1.186269E+02	
39	1.690343E+02	1.178270E+02	1.188799E+02	
40	1.698646E+02	1.178596E+02	1.181810E+02	
41	1.695097E+02	1.181213E+02	1.185551E+02	
42	1.697664E+02	1.175038E+02	1.189658E+02	
43	1.705867E+02	1.170152E+02	1.183449E+02	
44	1.696519E+02	1.169696E+02	1.180778E+02	
45	1.692997E+02	1.175168E+02	1.185141E+02	
46	1.685105E+02	1.169542E+02	1.184957E+02	
47	1.691190E+02	1.173442E+02	1.180701E+02	
48	1.687742E+02	1.172712E+02	1.187412E+02	
49	1.694546E+02	1.170325E+02	1.179247E+02	
50	1.701086E+02	1.174299E+02	1.187085E+02	
51	1.688070E+02	1.164268E+02	1.190919E+02	
52	1.685101E+02	1.164835E+02	1.182255E+02	
53	1.683992E+02	1.169273E+02	1.186286E+02	
54	1.682023E+02	1.169418E+02	1.184892E+02	
55	1.688863E+02	1.164775E+02	1.184259E+02	
56	1.685627E+02	1.174459E+02	1.181883E+02	
57	1.679521E+02	1.165187E+02	1.180996E+02	
58	1.680602E+02	1.172532E+02	1.173875E+02	
59	1.678273E+02	1.173454E+02	1.178029E+02	
60	1.672062E+02	1.167243E+02	1.175824E+02	
61	1.669617E+02	1.160529E+02	1.171650E+02	
62	1.671748E+02	1.165859E+02	1.168974E+02	
63	1.671182E+02	1.164836E+02	1.169050E+02	
64	1.671548E+02	1.168738E+02	1.167596E+02	
65	1.672824E+02	1.167002E+02	1.172245E+02	
66	1.667625E+02	1.166719E+02	1.167039E+02	
67	1.676999E+02	1.162294E+02	1.174829E+02	
68	1.679052E+02	1.164289E+02	1.168945E+02	
69	1.669008E+02	1.165560E+02	1.164581E+02	
70	1.670752E+02	1.160242E+02	1.165152E+02	
71	1.675824E+02	1.164108E+02	1.165825E+02	
72	1.667605E+02	1.161152E+02	1.163538E+02	
73	1.669711E+02	1.159948E+02	1.160389E+02	
74	1.664571E+02	1.163428E+02	1.160787E+02	
75	1.667709E+02	1.153802E+02	1.156637E+02	
76	1.662191E+02	1.155928E+02	1.158311E+02	
77	1.667688E+02	1.159784E+02	1.156906E+02	
78	1.663606E+02	1.152496E+02	1.157616E+02	
79	1.665008E+02	1.152871E+02	1.154715E+02	
80	1.657427E+02	1.152545E+02	1.153311E+02	
81	1.660203E+02	1.154313E+02	1.155194E+02	
82	1.663197E+02	1.148223E+02	1.151090E+02	
83	1.663193E+02	1.145495E+02	1.152767E+02	
84	1.652561E+02	1.146889E+02	1.147309E+02	
85	1.657670E+02	1.143327E+02	1.143960E+02	
86	1.650691E+02	1.143559E+02	1.145675E+02	
87	1.649325E+02	1.136906E+02	1.144927E+02	
88	1.653353E+02	1.140413E+02	1.144100E+02	
89	1.647729E+02	1.134995E+02	1.143056E+02	
90	1.649469E+02	1.132859E+02	1.137232E+02	
91	1.646911E+02	1.127043E+02	1.136905E+02	
92	1.645051E+02	1.132122E+02	1.140274E+02	
93	1.640447E+02	1.130145E+02	1.134845E+02	
94	1.640025E+02	1.126688E+02	1.138629E+02	
95	1.640190E+02	1.127078E+02	1.133107E+02	
96	1.636391E+02	1.124810E+02	1.134912E+02	
97	1.637994E+02	1.118570E+02	1.132786E+02	
98	1.633002E+02	1.122141E+02	1.132956E+02	
99	1.635598E+02	1.120187E+02	1.131064E+02	
100	1.638833E+02	1.120756E+02	1.131766E+02	
101	1.629549E+02	1.115875E+02	1.133614E+02	
102	1.624421E+02	1.117296E+02	1.130688E+02	
103	1.630496E+02	1.119686E+02	1.130567E+02	
104	1.623435E+02	1.114966E+02	1.133700E+02	
105	1.619899E+02	1.115688E+02	1.131530E+02	
106	1.626541E+02	1.117951E+02	1.127513E+02	
107	1.615680E+02	1.115818E+02	1.127915E+02	
108	1.622404E+02	1.115892E+02	1.133647E+02	
109	1.621394E+02	1.115901E+02	1.126151E+02	
110	1.617812E+02	1.116437E+02	1.125911E+02	
111	1.619263E+02	1.116466E+02	1.128297E+02	
112	1.616004E+02	1.114749E+02	1.130354E+02	
113	1.613290E+02	1.115744E+02	1.127644E+02	
114	1.612726E+02	1.113562E+02	1.125990E+02	
115	1.609133E+02	1.114651E+02	1.125567E+02	
116	1.609237E+02	1.116554E+02	1.126520E+02	
117	1.606545E+02	1.119098E+02	1.127008E+02	
118	1.610423E+02	1.115898E+02	1.125285E+02	
119	1.610188E+02	1.115125E+02	1.126718E+02	
120	1.608436E+02	1.115220E+02	1.127381E+02	
121	1.610821E+02	1.113278E+02	1.124504E+02	
122	1.610868E+02	1.117433E+02	1.123227E+02	
123	1.606252E+02	1.118979E+02	1.123023E+02	
124	1.604438E+02	1.114486E+02	1.126790E+02	
125	1.603003E+02	1.117345E+02	1.127976E+02	
126	1.601944E+02	1.114281E+02	1.125054E+02	
127	1.602592E+02	1.115548E+02	1.124536E+02	
128	1.606937E+02	1.118190E+02	1.129218E+02	
129	1.598566E+02	1.117475E+02	1.126350E+02	
130	1.597931E+02	1.117680E+02	1.128482E+02	
131	1.602216E+02	1.118280E+02	1.129932E+02	
132	1.602598E+02	1.120233E+02	1.127352E+02	
133	1.599953E+02	1.118754E+02	1.128903E+02	
134	1.597364E+02	1.121247E+02	1.128656E+02	
135	1.601968E+02	1.119380E+02	1.130272E+02	
136	1.597529E+02	1.125196E+02	1.127162E+02	
137	1.594149E+02	1.126706E+02	1.128098E+02	
138	1.595625E+02	1.124845E+02	1.128102E+02	
139	1.600864E+02	1.124001E+02	1.133666E+02	
140	1.599921E+02	1.124778E+02	1.132652E+02	
141	1.600302E+02	1.124674E+02	1.131117E+02	
142	1.602356E+02	1.126236E+02	1.129950E+02	
143	1.603434E+02	1.130158E+02	1.135262E+02	
144	1.605003E+02	1.129095E+02	1.136308E+02	
145	1.605081E+02	1.129691E+02	1.137249E+02	
146	1.597612E+02	1.132520E+02	1.140386E+02	
147	1.606811E+02	1.134285E+02	1.134713E+02	
148	1.608090E+02	1.136732E+02	1.139139E+02	
149	1.606104E+02	1.137039E+02	1.139761E+02	
150	1.606566E+02	1.145041E+02	1.142825E+02	
151	1.605244E+02	1.145568E+02	1.142852E+02	
152	1.610924E+02	1.146002E+02	1.143791E+02	
153	1.613121E+02	1.147642E+02	1.145431E+02	
154	1.615041E+02	1.153738E+02	1.147354E+02	
155	1.620177E+02	1.156047E+02	1.153243E+02	
156	1.624944E+02	1.157861E+02	1.153477E+02	
157	1.617281E+02	1.158384E+02	1.153562E+02	
158	1.625371E+02	1.160593E+02	1.151860E+02	
159	1.624378E+02	1.160156E+02	1.156743E+02	
160	1.633389E+02	1.163542E+02	1.161120E+02	
161	1.632321E+02	1.165804E+02	1.165087E+02	
162	1.636144E+02	1.170111E+02	1.166495E+02	
163	1.637959E+02	1.167528E+02	1.166969E+02	
164	1.648720E+02	1.176197E+02	1.172325E+02	
165	1.643566E+02	1.170534E+02	1.170587E+02	
166	1.646135E+02	1.174638E+02	1.174223E+02	
167	1.654151E+02	1.179461E+02	1.177746E+02	
168	1.654462E+02	1.179623E+02	1.178565E+02	
169	1.665196E+02	1.183299E+02	1.184247E+02	
170	1.663834E+02	1.184477E+02	1.189790E+02	
171	1.664496E+02	1.185885E+02	1.191160E+02	
172	1.673532E+02	1.190270E+02	1.189616E+02	
173	1.679238E+02	1.196957E+02	1.195229E+02	
174	1.676280E+02	1.195293E+02	1.203580E+02	
175	1.696259E+02	1.198419E+02	1.200819E+02	
176	1.701600E+02	1.200771E+02	1.207205E+02	
177	1.694681E+02	1.206101E+02	1.215820E+02	
178	1.712995E+02	1.207431E+02	1.214175E+02	
179	1.707893E+02	1.215020E+02	1.217268E+02	
180	1.720847E+02	1.212289E+02	1.221767E+02	
181	1.731150E+02	1.219386E+02	1.226725E+02	
182	1.728127E+02	1.228038E+02	1.223010E+02	
183	1.729406E+02	1.223822E+02	1.233388E+02	
184	1.759238E+02	1.228322E+02	1.237018E+02	
185	1.747319E+02	1.230453E+02	1.234705E+02	
186	1.758250E+02	1.227591E+02	1.240139E+02	
187	1.775117E+02	1.233902E+02	1.240723E+02	
188	1.770338E+02	1.236456E+02	1.240935E+02	
189	1.784119E+02	1.238698E+02	1.240513E+02	
190	1.787175E+02	1.244378E+02	1.255383E+02	
191	1.791260E+02	1.243624E+02	1.254275E+02	
192	1.808623E+02	1.242818E+02	1.254487E+02	
193	1.803030E+02	1.247914E+02	1.254842E+02	
194	1.806395E+02	1.255137E+02	1.264194E+02	
195	1.821381E+02	1.254044E+02	1.259370E+02	
196	1.827087E+02	1.252188E+02	1.270916E+02	
197	1.831892E+02	1.260050E+02	1.277865E+02	
198	1.841499E+02	1.257435E+02	1.273442E+02	
199	1.846574E+02	1.267101E+02	1.277602E+02	
200	1.840459E+02	1.264820E+02	1.281106E+02	
201	1.869984E+02	1.271211E+02	1.288357E+02	
202	1.854991E+02	1.274523E+02	1.287970E+02	
203	1.882046E+02	1.269045E+02	1.291257E+02	
204	1.847005E+02	1.273047E+02	1.283356E+02	
205	1.898190E+02	1.284242E+02	1.286698E+02	
206	1.903415E+02	1.282124E+02	1.298611E+02	
207	1.923798E+02	1.286663E+02	1.292258E+02	
208	1.889485E+02	1.285840E+02	1.301579E+02	
209	1.941439E+02	1.287352E+02	1.289032E+02	
210	1.926956E+02	1.292710E+02	1.289695E+02	
211	1.933975E+02	1.298558E+02	1.292786E+02	
212	1.956961E+02	1.294206E+02	1.305269E+02	
213	1.965800E+02	1.293747E+02	1.304115E+02	
214	1.975791E+02	1.292581E+02	1.303870E+02	
215	1.975832E+02	1.301243E+02	1.301561E+02	
216	1.988782E+02	1.299917E+02	1.297626E+02	
217	1.992338E+02	1.301119E+02	1.307432E+02	
218	2.006618E+02	1.310933E+02	1.310881E+02	
219	2.025343E+02	1.305286E+02	1.305617E+02	
220	1.996049E+02	1.305029E+02	1.304747E+02	
221	2.003255E+02	1.299630E+02	1.309544E+02	
222	2.042182E+02	1.311342E+02	1.317646E+02	
223	2.042368E+02	1.308793E+02	1.311890E+02	
224	2.045446E+02	1.306917E+02	1.314272E+02	
225	2.010814E+02	1.311471E+02	1.303940E+02	
226	2.050356E+02	1.306811E+02	1.305793E+02	
227	2.017839E+02	1.311839E+02	1.308791E+02	
228	2.068396E+02	1.305006E+02	1.307549E+02	
229	2.058137E+02	1.298964E+02	1.308941E+02	
230	2.045460E+02	1.309479E+02	1.311462E+02	
231	2.039154E+02	1.303582E+02	1.310223E+02	
232	2.002865E+02	1.297234E+02	1.306628E+02	
233	2.011300E+02	1.301264E+02	1.304909E+02	
234	2.014497E+02	1.297370E+02	1.306511E+02	
235	2.081261E+02	1.304073E+02	1.303659E+02	
236	2.086146E+02	1.304319E+02	1.306775E+02	
237	2.070963E+02	1.299894E+02	1.298969E+02	
238	2.120620E+02	1.300694E+02	1.297458E+02	
239	2.144972E+02	1.308262E+02	1.306721E+02	
240	2.105341E+02	1.296495E+02	1.302621E+02	
241	2.095121E+02	1.287195E+02	1.298921E+02	
242	2.071843E+02	1.292753E+02	1.299835E+02	
243	2.021556E+02	1.305115E+02	1.302615E+02	
244	2.034428E+02	1.290419E+02	1.294688E+02	
245	2.108999E+02	1.286934E+02	1.298233E+02	
246	2.136701E+02	1.297413E+02	1.289687E+02	
247	2.076706E+02	1.284336E+02	1.290304E+02	
248	2.072109E+02	1.284731E+02	1.294047E+02	
249	2.141632E+02	1.288635E+02	1.302464E+02	
250	2.064116E+02	1.284449E+02	1.303914E+02	
251	2.116352E+02	1.294634E+02	1.301081E+02	
252	2.126887E+02	1.283257E+02	1.285738E+02	
253	2.084218E+02	1.295172E+02	1.289304E+02	
254	2.068367E+02	1.286336E+02	1.288857E+02	
255	2.049087E+02	1.292584E+02	1.293889E+02	
256	2.094813E+02	1.291246E+02	1.286277E+02	
257	2.090903E+02	1.280980E+02	1.294353E+02	
258	2.077128E+02	1.289303E+02	1.289326E+02	
259	2.067165E+02	1.274624E+02	1.296025E+02	
260	2.070616E+02	1.291176E+02	1.283504E+02	
261	2.106634E+02	1.276486E+02	1.296843E+02	
262	2.029078E+02	1.283629E+02	1.289972E+02	
263	2.054221E+02	1.277269E+02	1.285143E+02	
264	1.985761E+02	1.282094E+02	1.282095E+02	
265	2.025381E+02	1.277170E+02	1.289653E+02	
266	2.018380E+02	1.284662E+02	1.286379E+02	
267	1.977220E+02	1.273426E+02	1.289195E+02	
268	1.945075E+02	1.282990E+02	1.288029E+02	
269	2.023040E+02	1.275489E+02	1.282018E+02	
270	1.992658E+02	1.271513E+02	1.282703E+02	
271	1.929291E+02	1.275786E+02	1.278408E+02	
272	1.915197E+02	1.274995E+02	1.283987E+02	
273	1.865749E+02	1.265254E+02	1.277462E+02	
274	1.869185E+02	1.276086E+02	1.280900E+02	
275	1.871147E+02	1.276203E+02	1.277915E+02	
276	1.989275E+02	1.266372E+02	1.287282E+02	
277	1.942211E+02	1.273769E+02	1.276336E+02	
278	1.837955E+02	1.276070E+02	1.288415E+02	
279	1.941002E+02	1.275996E+02	1.280190E+02	
280	1.855287E+02	1.279136E+02	1.280048E+02	
281	1.916356E+02	1.283044E+02	1.280520E+02	
282	1.855963E+02	1.280854E+02	1.292288E+02	
283	1.884443E+02	1.280425E+02	1.291006E+02	
284	1.905151E+02	1.282060E+02	1.280399E+02	
285	1.867077E+02	1.286744E+02	1.282447E+02	
286	1.775780E+02	1.292416E+02	1.288160E+02	
287	1.928324E+02	1.284278E+02	1.287549E+02	
288	1.781389E+02	1.290339E+02	1.286574E+02	
289	1.808775E+02	1.284447E+02	1.286897E+02	
290	1.876995E+02	1.291719E+02	1.280908E+02	
291	1.855228E+02	1.283423E+02	1.283075E+02	
292	1.817523E+02	1.281226E+02	1.279260E+02	
293	1.757303E+02	1.282447E+02	1.285895E+02	
294	1.810486E+02	1.282213E+02	1.288692E+02	
295	1.803124E+02	1.293464E+02	1.285402E+02	
296	1.810248E+02	1.286075E+02	1.277629E+02	
297	1.729956E+02	1.282347E+02	1.278363E+02	
298	1.762350E+02	1.282992E+02	1.285944E+02	
299	1.802326E+02	1.290833E+02	1.279065E+02	
300	1.717425E+02	1.286350E+02	1.281806E+02	
301	1.803894E+02	1.289772E+02	1.276840E+02	
302	1.754072E+02	1.292033E+02	1.279203E+02	
303	1.799981E+02	1.278960E+02	1.278611E+02	
304	1.735681E+02	1.282054E+02	1.283807E+02	
305	1.777441E+02	1.282921E+02	1.277324E+02	
306	1.703623E+02	1.275002E+02	1.281676E+02	
307	1.817260E+02	1.277556E+02	1.282506E+02	
308	1.790819E+02	1.273838E+02	1.275494E+02	
309	1.767775E+02	1.272606E+02	1.277742E+02	
310	1.760506E+02	1.274114E+02	1.287326E+02	
311	1.807582E+02	1.267312E+02	1.273148E+02	
312	1.879992E+02	1.271324E+02	1.271375E+02	
313	1.815212E+02	1.273931E+02	1.274237E+02	
314	1.773309E+02	1.262319E+02	1.274560E+02	
315	1.889756E+02	1.269875E+02	1.269864E+02	
316	1.834326E+02	1.269164E+02	1.267789E+02	
317	1.675599E+02	1.262894E+02	1.260755E+02	
318	1.812239E+02	1.269548E+02	1.272582E+02	
319	1.822651E+02	1.266972E+02	1.273704E+02	
320	1.771773E+02	1.266434E+02	1.265341E+02	
321	1.858593E+02	1.261530E+02	1.270138E+02	
322	1.802155E+02	1.276849E+02	1.262903E+02	
323	1.831002E+02	1.270849E+02	1.273689E+02	
324	1.764038E+02	1.265405E+02	1.263819E+02	
325	1.857575E+02	1.268256E+02	1.258695E+02	
326	1.795676E+02	1.274802E+02	1.263708E+02	
327	1.799496E+02	1.269253E+02	1.266160E+02	
328	1.835871E+02	1.265283E+02	1.267284E+02	
329	1.837133E+02	1.275389E+02	1.264490E+02	
330	1.861417E+02	1.269934E+02	1.269718E+02	
331	1.845512E+02	1.277200E+02	1.263258E+02	
332	1.906257E+02	1.274001E+02	1.262509E+02	
333	1.873877E+02	1.269795E+02	1.256714E+02	
334	1.844687E+02	1.273734E+02	1.254600E+02	
335	1.817719E+02	1.266025E+02	1.267761E+02	
336	1.799392E+02	1.269891E+02	1.257353E+02	
337	1.898745E+02	1.257515E+02	1.255833E+02	
338	1.764006E+02	1.265812E+02	1.253136E+02	
339	1.872055E+02	1.252760E+02	1.258246E+02	
340	1.797694E+02	1.261712E+02	1.255205E+02	
341	1.913192E+02	1.263661E+02	1.258643E+02	
342	1.855013E+02	1.260896E+02	1.260921E+02	
343	1.818403E+02	1.263355E+02	1.252038E+02	
344	1.726393E+02	1.249153E+02	1.260754E+02	
345	1.749982E+02	1.259230E+02	1.254490E+02	
346	1.803473E+02	1.259889E+02	1.255829E+02	
347	1.803421E+02	1.254546E+02	1.258055E+02	
348	1.761091E+02	1.263588E+02	1.248773E+02	
349	1.715834E+02	1.255720E+02	1.251604E+02	
350	1.760136E+02	1.259512E+02	1.261182E+02	
351	1.783427E+02	1.266237E+02	1.259671E+02	
352	1.749481E+02	1.259612E+02	1.262630E+02	
353	1.696251E+02	1.257640E+02	1.264855E+02	
354	1.765479E+02	1.268937E+02	1.255441E+02	
355	1.819173E+02	1.249412E+02	1.262935E+02	
356	1.782319E+02	1.254500E+02	1.264611E+02	
357	1.695647E+02	1.258215E+02	1.262257E+02	
358	1.777581E+02	1.256917E+02	1.254381E+02	
359	1.737956E+02	1.260660E+02	1.266781E+02	
360	1.653257E+02	1.258566E+02	1.259578E+02	
361	1.731839E+02	1.263871E+02	1.258871E+02	
362	1.634439E+02	1.277122E+02	1.274284E+02	
363	1.604570E+02	1.261790E+02	1.266455E+02	
364	1.721281E+02	1.264656E+02	1.262245E+02	
365	1.675555E+02	1.269558E+02	1.265321E+02	
366	1.677734E+02	1.259950E+02	1.256715E+02	
367	1.608556E+02	1.269606E+02	1.266745E+02	
368	1.611750E+02	1.267242E+02	1.265469E+02	
369	1.642073E+02	1.272475E+02	1.269861E+02	
370	1.694573E+02	1.276777E+02	1.252971E+02	
371	1.700888E+02	1.264926E+02	1.259708E+02	
372	1.658561E+02	1.269794E+02	1.261081E+02	
373	1.745651E+02	1.267596E+02	1.266207E+02	
374	1.650413E+02	1.266147E+02	1.257920E+02	
375	1.826617E+02	1.262857E+02	1.255723E+02	
376	1.762944E+02	1.263648E+02	1.268741E+02	
377	1.638597E+02	1.255449E+02	1.264887E+02	
378	1.645466E+02	1.265910E+02	1.267493E+02	
379	1.805754E+02	1.262538E+02	1.274144E+02	
380	1.570387E+02	1.251044E+02	1.265570E+02	
381	1.664311E+02	1.252122E+02	1.266590E+02	
382	1.759515E+02	1.261194E+02	1.273371E+02	
383	1.733505E+02	1.244793E+02	1.270488E+02	
384	1.797289E+02	1.243580E+02	1.266054E+02	
385	1.871433E+02	1.249084E+02	1.269076E+02	
386	1.764382E+02	1.252270E+02	1.251315E+02	
387	1.766401E+02	1.251566E+02	1.264056E+02	
388	1.786951E+02	1.237923E+02	1.258563E+02	
389	1.873303E+02	1.244974E+02	1.252035E+02	
390	1.967039E+02	1.231218E+02	1.256900E+02	
391	1.860564E+02	1.244915E+02	1.257176E+02	
392	1.684825E+02	1.242846E+02	1.264170E+02	
393	1.830710E+02	1.236437E+02	1.257232E+02	
394	1.776752E+02	1.240626E+02	1.237906E+02	
395	1.706260E+02	1.237853E+02	1.242233E+02	
396	1.780567E+02	1.239746E+02	1.251666E+02	
397	1.821918E+02	1.238610E+02	1.246792E+02	
398	1.833823E+02	1.240312E+02	1.244585E+02	
399	1.832342E+02	1.236681E+02	1.249178E+02	
400	1.648418E+02	1.238957E+02	1.234652E+02	
401	1.718626E+02	1.236623E+02	1.254272E+02	
402	1.602277E+02	1.231212E+02	1.249304E+02	
403	1.715098E+02	1.251329E+02	1.260076E+02	
404	1.690728E+02	1.242091E+02	1.242612E+02	
405	1.656186E+02	1.236527E+02	1.262669E+02	
406	1.668005E+02	1.246186E+02	1.251131E+02	
407	1.705926E+02	1.252273E+02	1.268916E+02	
408	1.595069E+02	1.241436E+02	1.269751E+02	
409	1.600740E+02	1.242870E+02	1.269835E+02	
410	1.678282E+02	1.244230E+02	1.270468E+02	
411	1.598037E+02	1.237807E+02	1.266900E+02	
412	1.573943E+02	1.244677E+02	1.274655E+02	
413	1.599463E+02	1.243842E+02	1.276787E+02	
414	1.562342E+02	1.253124E+02	1.292732E+02	
415	1.585610E+02	1.234562E+02	1.285621E+02	
416	1.721405E+02	1.250537E+02	1.277488E+02	
417	1.519017E+02	1.239101E+02	1.287880E+02	
418	1.548704E+02	1.238139E+02	1.281034E+02	
419	1.557920E+02	1.230471E+02	1.285370E+02	
420	1.405416E+02	1.226232E+02	1.291613E+02	
421	1.514076E+02	1.249261E+02	1.269774E+02	
422	1.457036E+02	1.236787E+02	1.267063E+02	
423	1.494966E+02	1.254847E+02	1.271443E+02	
424	1.450160E+02	1.238122E+02	1.257678E+02	
425	1.458003E+02	1.244075E+02	1.269861E+02	
426	1.487513E+02	1.242545E+02	1.259629E+02	
427	1.477341E+02	1.258279E+02	1.273796E+02	
428	1.437726E+02	1.256993E+02	1.259906E+02	
429	1.551029E+02	1.257833E+02	1.279423E+02	
430	1.540234E+02	1.257682E+02	1.273537E+02	
431	1.687920E+02	1.251233E+02	1.285482E+02	
432	1.796751E+02	1.260246E+02	1.274012E+02	
433	1.662161E+02	1.259221E+02	1.280065E+02	
434	1.575713E+02	1.259088E+02	1.276735E+02	
435	1.583388E+02	1.276262E+02	1.288750E+02	
436	1.620782E+02	1.261927E+02	1.281553E+02	
437	1.560178E+02	1.282771E+02	1.293835E+02	
438	1.687597E+02	1.264805E+02	1.268682E+02	
439	1.611762E+02	1.279368E+02	1.257699E+02	
440	1.643296E+02	1.280843E+02	1.258288E+02	
441	1.607428E+02	1.284312E+02	1.273783E+02	
442	1.561732E+02	1.303865E+02	1.251876E+02	
443	1.732204E+02	1.262549E+02	1.257375E+02	
444	1.612126E+02	1.282852E+02	1.262499E+02	
445	1.569511E+02	1.287079E+02	1.254792E+02	
446	1.655083E+02	1.272891E+02	1.277972E+02	
447	1.665410E+02	1.273711E+02	1.240092E+02	
448	1.414518E+02	1.268785E+02	1.292573E+02	
449	1.697728E+02	1.288169E+02	1.250966E+02	
450	1.512389E+02	1.242711E+02	1.292297E+02	
451	1.554349E+02	1.250381E+02	1.276530E+02	
452	1.670203E+02	1.257525E+02	1.289953E+02	
453	1.501586E+02	1.230028E+02	1.278592E+02	
454	1.558908E+02	1.242974E+02	1.321958E+02	
455	1.586646E+02	1.269393E+02	1.299628E+02	
456	1.536781E+02	1.266389E+02	1.293196E+02	
457	1.430593E+02	1.280649E+02	1.294529E+02	
458	1.563533E+02	1.247887E+02	1.270627E+02	
459	1.433902E+02	1.297046E+02	1.308849E+02	
460	1.567948E+02	1.288900E+02	1.304555E+02	
461	1.364008E+02	1.263000E+02	1.308055E+02	
462	1.437334E+02	1.308426E+02	1.309090E+02	
463	1.736877E+02	1.305081E+02	1.301690E+02	
464	1.313167E+02	1.302139E+02	1.283226E+02	
465	1.582802E+02	1.336158E+02	1.303659E+02	
466	1.486132E+02	1.318670E+02	1.274246E+02	
467	1.572136E+02	1.313546E+02	1.297805E+02	
468	1.512456E+02	1.288273E+02	1.286446E+02	
469	1.464667E+02	1.284637E+02	1.286334E+02	
470	1.664267E+02	1.282280E+02	1.315922E+02	
471	1.130373E+02	1.317614E+02	1.272004E+02	
472	1.474633E+02	1.250813E+02	1.312793E+02	
473	9.538914E+01	1.290809E+02	1.221252E+02	
474	1.460817E+02	1.252392E+02	1.286606E+02	
475	6.170338E+01	1.252768E+02	1.267060E+02	
476	1.011370E+02	1.287056E+02	1.239292E+02	
477	1.498811E+02	1.243926E+02	1.252231E+02	
478	1.320585E+02	1.258852E+02	1.240321E+02	
479	1.486554E+02	1.271726E+02	1.251250E+02	
480	1.131974E+02	1.302216E+02	1.265251E+02	
481	8.160284E+01	1.280254E+02	1.235698E+02	
482	2.284134E+02	1.274343E+02	1.291384E+02	
483	8.458961E+01	1.224069E+02	1.293772E+02	
484	2.380589E+02	1.260066E+02	1.296795E+02	
485	1.352663E+02	1.290346E+02	1.287261E+02	
486	6.170338E+01	1.232074E+02	1.330686E+02	
487	6.170338E+01	1.281184E+02	1.270582E+02	
488	0.000000E+00	1.259727E+02	1.382235E+02	
489	6.170338E+01	1.352478E+02	1.271543E+02	
490	6.170338E+01	1.307064E+02	1.324600E+02	
491	1.646914E+02	1.462167E+02	1.279677E+02	
492	6.170338E+01	1.303323E+02	1.276640E+02	
493	0.000000E+00	1.419542E+02	1.266562E+02	
494	6.170338E+01	1.313478E+02	1.218524E+02	
495	0.000000E+00	1.310637E+02	1.343867E+02	
496	6.170338E+01	1.314610E+02	1.244754E+02	
497	6.170338E+01	1.306381E+02	1.213162E+02	
498	6.170338E+01	1.214896E+02	1.250508E+02	
499	6.170338E+01	1.155804E+02	1.185198E+02	
500	0.000000E+00	0.000000E+00	0.000000E+00	
501	6.170338E+01	1.235536E+02	1.158146E+02	
502	0.000000E+00	0.000000E+00	0.000000E+00	
503	6.170338E+01	1.240183E+02	1.216606E+02	
504	0.000000E+00	0.000000E+00	0.000000E+00	
505	0.000000E+00	1.265163E+02	1.163266E+02	
506	0.000000E+00	1.387470E+02	1.124914E+02	
507	0.000000E+00	0.000000E+00	0.000000E+00	
508	0.000000E+00	1.325494E+02	1.251583E+02	
509	0.000000E+00	0.000000E+00	0.000000E+00	
510	0.000000E+00	1.702023E+02	1.218019E+02	
511	0.000000E+00	0.000000E+00	0.000000E+00	
512	0.000000E+00	1.543172E+02	1.309459E+02	
513	0.000000E+00	0.000000E+00	0.000000E+00	
514	0.000000E+00	0.000000E+00	0.000000E+00	
515	0.000000E+00	2.832163E+02	1.317580E+02	
516	0.000000E+00	0.000000E+00	0.000000E+00	
517	0.000000E+00	1.905729E+02	1.652325E+02	
518	0.000000E+00	0.000000E+00	0.000000E+00	
519	0.000000E+00	0.000000E+00	0.000000E+00	
520	0.000000E+00	0.000000E+00	0.000000E+00	
521	0.000000E+00	0.000000E+00	0.000000E+00	
522	0.000000E+00	0.000000E+00	0.000000E+00	
523	0.000000E+00	0.000000E+00	0.000000E+00	
524	0.000000E+00	0.000000E+00	0.000000E+00	
525	0.000000E+00	0.000000E+00	0.000000E+00	
526	0.000000E+00	0.000000E+00	0.000000E+00	
527	0.000000E+00	0.000000E+00	0.000000E+00	
528	0.000000E+00	0.000000E+00	0.000000E+00	
529	0.000000E+00	0.000000E+00	0.000000E+00	
530	0.000000E+00	0.000000E+00	0.000000E+00	
531	0.000000E+00	0.000000E+00	0.000000E+00	
532	0.000000E+00	0.000000E+00	0.000000E+00	
533	0.000000E+00	0.000000E+00	0.000000E+00	
534	0.000000E+00	0.000000E+00	0.000000E+00	
535	0.000000E+00	0.000000E+00	0.000000E+00	
536	0.000000E+00	0.000000E+00	0.000000E+00	
537	0.000000E+00	0.000000E+00	0.000000E+00	
538	0.000000E+00	0.000000E+00	0.000000E+00	
539	0.000000E+00	0.000000E+00	0.000000E+00	
540	0.000000E+00	0.000000E+00	0.000000E+00	
541	0.000000E+00	0.000000E+00	0.000000E+00	
542	0.000000E+00	0.000000E+00	0.000000E+00	
543	0.000000E+00	0.000000E+00	0.000000E+00	
544	0.000000E+00	0.000000E+00	0.000000E+00	
545	0.000000E+00	0.000000E+00	0.000000E+00	
546	0.000000E+00	0.000000E+00	0.000000E+00	
547	0.000000E+00	0.000000E+00	0.000000E+00	
548	0.000000E+00	0.000000E+00	0.000000E+00	
549	0.000000E+00	0.000000E+00	0.000000E+00	
550	0.000000E+00	0.000000E+00	0.000000E+00	
551	0.000000E+00	0.000000E+00	0.000000E+00	
552	0.000000E+00	0.000000E+00	0.000000E+00	
553	0.000000E+00	0.000000E+00	0.000000E+00	
554	0.000000E+00	0.000000E+00	0.000000E+00	
555	0.000000E+00	0.000000E+00	0.000000E+00	
556	0.000000E+00	0.000000E+00	0.000000E+00	
557	0.000000E+00	0.000000E+00	0.000000E+00	
558	0.000000E+00	0.000000E+00	0.000000E+00	
559	0.000000E+00	0.000000E+00	0.000000E+00	
560	0.000000E+00	0.000000E+00	0.000000E+00	
561	0.000000E+00	0.000000E+00	0.000000E+00	
562	0.000000E+00	0.000000E+00	0.000000E+00	
563	0.000000E+00	0.000000E+00	0.000000E+00	
564	0.000000E+00	0.000000E+00	0.000000E+00	
565	0.000000E+00	0.000000E+00	0.000000E+00	
566	0.000000E+00	0.000000E+00	0.000000E+00	
567	0.000000E+00	0.000000E+00	0.000000E+00	
568	0.000000E+00	0.000000E+00	0.000000E+00	
569	0.000000E+00	0.000000E+00	0.000000E+00	
570	0.000000E+00	0.000000E+00	0.000000E+00	
571	0.000000E+00	0.000000E+00	0.000000E+00	
572	0.000000E+00	0.000000E+00	0.000000E+00	
573	0.000000E+00	0.000000E+00	0.000000E+00	
574	0.000000E+00	0.000000E+00	0.000000E+00	
575	0.000000E+00	0.000000E+00	0.000000E+00	
576	0.000000E+00	0.000000E+00	0.000000E+00	
577	0.000000E+00	0.000000E+00	0.000000E+00	
578	0.000000E+00	0.000000E+00	0.000000E+00	
579	0.000000E+00	0.000000E+00	0.000000E+00	
580	0.000000E+00	0.000000E+00	0.000000E+00	
581	0.000000E+00	0.000000E+00	0.000000E+00	
582	0.000000E+00	0.000000E+00	0.000000E+00	
583	0.000000E+00	0.000000E+00	0.000000E+00	
584	0.000000E+00	0.000000E+00	0.000000E+00	
585	0.000000E+00	0.000000E+00	0.000000E+00	
586	0.000000E+00	0.000000E+00	0.000000E+00	
587	0.000000E+00	0.000000E+00	0.000000E+00	
588	0.000000E+00	0.000000E+00	0.000000E+00	
589	0.000000E+00	0.000000E+00	0.000000E+00	
590	0.000000E+00	0.000000E+00	0.000000E+00	
591	0.000000E+00	0.000000E+00	0.000000E+00	
592	0.000000E+00	0.000000E+00	0.000000E+00	
593	0.000000E+00	0.000000E+00	0.000000E+00	
594	0.000000E+00	0.000000E+00	0.000000E+00	
595	0.000000E+00	0.000000E+00	0.000000E+00	
596	0.000000E+00	0.000000E+00	0.000000E+00	
597	0.000000E+00	0.000000E+00	0.000000E+00	
598	0.000000E+00	0.000000E+00	0.000000E+00	
599	0.000000E+00	0.000000E+00	0.000000E+00	
#NewRun
0	1.908214E+02	1.185393E+02	1.063784E+02	
1	0.000000E+00	0.000000E+00	0.000000E+00	
2	0.000000E+00	0.000000E+00	0.000000E+00	
3	0.000000E+00	0.000000E+00	0.000000E+00	
4	1.798450E+02	1.220308E+02	1.137559E+02	
5	1.823230E+02	1.220910E+02	1.159074E+02	
6	1.835238E+02	1.227759E+02	1.216579E+02	
7	0.000000E+00	0.000000E+00	0.000000E+00	
8	1.837679E+02	1.198742E+02	1.187397E+02	
9	1.764399E+02	1.249013E+02	1.177667E+02	
10	0.000000E+00	0.000000E+00	0.000000E+00	
11	1.783335E+02	1.245534E+02	1.208111E+02	
12	1.777024E+02	1.180969E+02	1.203202E+02	
13	1.779808E+02	1.207546E+02	1.190399E+02	
14	1.789249E+02	1.185324E+02	1.187324E+02	
15	0.000000E+00	0.000000E+00	0.000000E+00	
16	1.761301E+02	1.183118E+02	1.172632E+02	
17	1.808067E+02	1.187967E+02	1.172944E+02	
18	1.788823E+02	1.198417E+02	1.191230E+02	
19	1.774188E+02	1.187234E+02	1.179955E+02	
20	1.761686E+02	1.197282E+02	1.172295E+02	
21	1.758469E+02	1.206769E+02	1.182144E+02	
22	1.756997E+02	1.205892E+02	1.173081E+02	
23	1.764826E+02	1.199358E+02	1.167732E+02	
24	1.754950E+02	1.195705E+02	1.159612E+02	
25	1.742942E+02	1.196674E+02	1.179436E+02	
26	1.755044E+02	1.204037E+02	1.186141E+02	
27	1.754417E+02	1.190285E+02	1.182979E+02	
28	1.751578E+02	1.206862E+02	1.179289E+02	
29	1.746821E+02	1.204911E+02	1.172552E+02	
30	1.741718E+02	1.201884E+02	1.180147E+02	
31	1.748531E+02	1.185898E+02	1.178900E+02	
32	1.743991E+02	1.191810E+02	1.180743E+02	
33	1.735956E+02	1.207274E+02	1.181036E+02	
34	1.754588E+02	1.192500E+02	1.177325E+02	
35	1.753658E+02	1.187899E+02	1.180755E+02	
36	1.749526E+02	1.199609E+02	1.176042E+02	
37	1.741254E+02	1.183992E+02	1.174949E+02	
38	1.752378E+02	1.200110E+02	1.183130E+02	
39	1.764290E+02	1.191153E+02	1.178644E+02	
40	1.735953E+02	1.195823E+02	1.176554E+02	
41	1.747322E+02	1.191237E+02	1.174089E+02	
42	1.741079E+02	1.182781E+02	1.177054E+02	
43	1.734370E+02	1.183383E+02	1.171163E+02	
44	1.731425E+02	1.188360E+02	1.173702E+02	
45	1.731773E+02	1.184227E+02	1.168739E+02	
46	1.732488E+02	1.190478E+02	1.178712E+02	
47	1.741842E+02	1.187984E+02	1.172184E+02	
48	1.729247E+02	1.184028E+02	1.175610E+02	
49	1.733283E+02	1.189305E+02	1.178520E+02	
50	1.722020E+02	1.184011E+02	1.173888E+02	
51	1.729502E+02	1.178132E+02	1.169449E+02	
52	1.724141E+02	1.178502E+02	1.173809E+02	
53	1.727728E+02	1.180904E+02	1.171689E+02	
54	1.730755E+02	1.173070E+02	1.177132E+02	
55	1.727495E+02	1.177574E+02	1.171105E+02	
56	1.720799E+02	1.177596E+02	1.174605E+02	
57	1.726398E+02	1.173284E+02	1.176840E+02	
58	1.725118E+02	1.176321E+02	1.176617E+02	
59	1.722315E+02	1.169719E+02	1.172428E+02	
60	1.718786E+02	1.167758E+02	1.172120E+02	
61	1.715267E+02	1.171512E+02	1.173549E+02	
62	1.713452E+02	1.172441E+02	1.170353E+02	
63	1.714588E+02	1.172503E+02	1.170077E+02	
64	1.715973E+02	1.168288E+02	1.171484E+02	
65	1.712904E+02	1.173033E+02	1.170042E+02	
66	1.711903E+02	1.160969E+02	1.167030E+02	
67	1.708700E+02	1.167718E+02	1.169278E+02	
68	1.708577E+02	1.165334E+02	1.166674E+02	
69	1.707879E+02	1.166840E+02	1.168153E+02	
70	1.696165E+02	1.165763E+02	1.162385E+02	
71	1.702402E+02	1.157919E+02	1.157523E+02	
72	1.703059E+02	1.166263E+02	1.168570E+02	
73	1.693821E+02	1.161920E+02	1.162496E+02	
74	1.686073E+02	1.163092E+02	1.163052E+02	
75	1.684116E+02	1.163245E+02	1.163512E+02	
76	1.679825E+02	1.162563E+02	1.157685E+02	
77	1.673971E+02	1.158871E+02	1.158819E+02	
78	1.667806E+02	1.160635E+02	1.156952E+02	
79	1.673373E+02	1.163281E+02	1.154658E+02	
80	1.664207E+02	1.156725E+02	1.155502E+02	
81	1.665111E+02	1.157419E+02	1.152006E+02	
82	1.666633E+02	1.157349E+02	1.152753E+02	
83	1.658279E+02	1.155761E+02	1.146843E+02	
84	1.658541E+02	1.157528E+02	1.150899E+02	
85	1.659880E+02	1.156565E+02	1.149448E+02	
86	1.653423E+02	1.154985E+02	1.149135E+02	
87	1.651730E+02	1.157005E+02	1.143506E+02	
88	1.648815E+02	1.156334E+02	1.146002E+02	
89	1.641412E+02	1.153108E+02	1.146962E+02	
90	1.647828E+02	1.156435E+02	1.142951E+02	
91	1.642208E+02	1.151973E+02	1.141593E+02	
92	1.640722E+02	1.151199E+02	1.139250E+02	
93	1.639748E+02	1.150008E+02	1.140231E+02	
94	1.641009E+02	1.152739E+02	1.144173E+02	
95	1.637547E+02	1.152612E+02	1.138934E+02	
96	1.639753E+02	1.146104E+02	1.136383E+02	
97	1.636454E+02	1.147152E+02	1.138701E+02	
98	1.632042E+02	1.145521E+02	1.136791E+02	
99	1.637881E+02	1.147730E+02	1.137005E+02	
100	1.631100E+02	1.143003E+02	1.132452E+02	
101	1.625364E+02	1.145167E+02	1.136166E+02	
102	1.629191E+02	1.143212E+02	1.135691E+02	
103	1.633815E+02	1.141381E+02	1.133533E+02	
104	1.618678E+02	1.141055E+02	1.128870E+02	
105	1.620137E+02	1.139896E+02	1.132637E+02	
106	1.620722E+02	1.141105E+02	1.128752E+02	
107	1.618130E+02	1.137918E+02	1.130740E+02	
108	1.616161E+02	1.141745E+02	1.129589E+02	
109	1.614653E+02	1.135854E+02	1.123542E+02	
110	1.609244E+02	1.134163E+02	1.129498E+02	
111	1.613093E+02	1.139116E+02	1.127433E+02	
112	1.608375E+02	1.134281E+02	1.126806E+02	
113	1.615248E+02	1.137306E+02	1.126867E+02	
114	1.609340E+02	1.135057E+02	1.126203E+02	
115	1.609914E+02	1.139326E+02	1.126993E+02	
116	1.609862E+02	1.136229E+02	1.125375E+02	
117	1.604948E+02	1.136097E+02	1.125625E+02	
118	1.605702E+02	1.133998E+02	1.127411E+02	
119	1.607233E+02	1.135175E+02	1.124684E+02	
120	1.602337E+02	1.138124E+02	1.122077E+02	
121	1.604769E+02	1.138118E+02	1.126476E+02	
122	1.601945E+02	1.137414E+02	1.128190E+02	
123	1.601545E+02	1.135548E+02	1.127441E+02	
124	1.598171E+02	1.135881E+02	1.130199E+02	
125	1.600962E+02	1.137268E+02	1.128105E+02	
126	1.594477E+02	1.134315E+02	1.127821E+02	
127	1.598357E+02	1.133890E+02	1.128091E+02	
128	1.593676E+02	1.137532E+02	1.130709E+02	
129	1.590760E+02	1.135262E+02	1.131210E+02	
130	1.593515E+02	1.136586E+02	1.131587E+02	
131	1.591327E+02	1.134445E+02	1.132895E+02	
132	1.592846E+02	1.133611E+02	1.128199E+02	
133	1.588946E+02	1.130413E+02	1.131263E+02	
134	1.592444E+02	1.131561E+02	1.129429E+02	
135	1.589428E+02	1.137286E+02	1.134608E+02	
136	1.588512E+02	1.134370E+02	1.132428E+02	
137	1.589099E+02	1.133967E+02	1.129561E+02	
138	1.587000E+02	1.132518E+02	1.130912E+02	
139	1.593173E+02	1.132869E+02	1.131199E+02	
140	1.587908E+02	1.134437E+02	1.131473E+02	
141	1.586786E+02	1.136035E+02	1.128635E+02	
142	1.590156E+02	1.134064E+02	1.136059E+02	
143	1.583325E+02	1.132490E+02	1.133803E+02	
144	1.587191E+02	1.135840E+02	1.136069E+02	
145	1.583912E+02	1.135521E+02	1.134710E+02	
146	1.586995E+02	1.133982E+02	1.140386E+02	
147	1.587250E+02	1.138143E+02	1.139397E+02	
148	1.588021E+02	1.135377E+02	1.139674E+02	
149	1.586004E+02	1.140911E+02	1.141994E+02	
150	1.585034E+02	1.140333E+02	1.145331E+02	
151	1.595682E+02	1.138580E+02	1.146244E+02	
152	1.592595E+02	1.138507E+02	1.148643E+02	
153	1.589644E+02	1.143640E+02	1.150003E+02	
154	1.593754E+02	1.142605E+02	1.153197E+02	
155	1.594770E+02	1.144120E+02	1.155628E+02	
156	1.599666E+02	1.146084E+02	1.149445E+02	
157	1.601999E+02	1.152367E+02	1.157184E+02	
158	1.604682E+02	1.147160E+02	1.157807E+02	
159	1.594367E+02	1.152584E+02	1.158298E+02	
160	1.598441E+02	1.155511E+02	1.165513E+02	
161	1.601221E+02	1.159060E+02	1.163113E+02	
162	1.604357E+02	1.156776E+02	1.166751E+02	
163	1.603872E+02	1.159975E+02	1.166484E+02	
164	1.599703E+02	1.160904E+02	1.166919E+02	
165	1.605837E+02	1.160491E+02	1.168216E+02	
166	1.611950E+02	1.169591E+02	1.173124E+02	
167	1.608484E+02	1.166759E+02	1.170422E+02	
168	1.615555E+02	1.168378E+02	1.173216E+02	
169	1.614265E+02	1.172688E+02	1.175306E+02	
170	1.617479E+02	1.171338E+02	1.180648E+02	
171	1.617267E+02	1.175224E+02	1.177159E+02	
172	1.615372E+02	1.173451E+02	1.182374E+02	
173	1.625074E+02	1.180545E+02	1.183316E+02	
174	1.632126E+02	1.179773E+02	1.192868E+02	
175	1.636088E+02	1.182935E+02	1.187696E+02	
176	1.636463E+02	1.181827E+02	1.194262E+02	
177	1.644357E+02	1.177136E+02	1.196356E+02	
178	1.633318E+02	1.186526E+02	1.198923E+02	
179	1.643217E+02	1.186575E+02	1.201974E+02	
180	1.645759E+02	1.192785E+02	1.203932E+02	
181	1.645389E+02	1.193328E+02	1.206748E+02	
182	1.647872E+02	1.195934E+02	1.211399E+02	
183	1.662157E+02	1.199036E+02	1.210247E+02	
184	1.657265E+02	1.197556E+02	1.211119E+02	
185	1.668563E+02	1.202986E+02	1.221218E+02	
186	1.656293E+02	1.204498E+02	1.220087E+02	
187	1.663982E+02	1.205932E+02	1.228806E+02	
188	1.684773E+02	1.216281E+02	1.238239E+02	
189	1.683832E+02	1.216196E+02	1.230782E+02	
190	1.678448E+02	1.214581E+02	1.234926E+02	
191	1.685539E+02	1.214380E+02	1.243283E+02	
192	1.700923E+02	1.224630E+02	1.245994E+02	
193	1.690051E+02	1.224935E+02	1.240605E+02	
194	1.707480E+02	1.234495E+02	1.248669E+02	
195	1.711922E+02	1.231119E+02	1.235488E+02	
196	1.726799E+02	1.230280E+02	1.247671E+02	
197	1.731358E+02	1.238481E+02	1.254139E+02	
198	1.728824E+02	1.237821E+02	1.259385E+02	
199	1.754841E+02	1.245566E+02	1.254259E+02	
200	1.747392E+02	1.246060E+02	1.262452E+02	
201	1.761076E+02	1.247994E+02	1.262925E+02	
202	1.763837E+02	1.250268E+02	1.262597E+02	
203	1.791222E+02	1.253182E+02	1.266552E+02	
204	1.787268E+02	1.255295E+02	1.266642E+02	
205	1.801466E+02	1.258310E+02	1.271824E+02	
206	1.794249E+02	1.260352E+02	1.278725E+02	
207	1.797602E+02	1.257151E+02	1.273639E+02	
208	1.792513E+02	1.264554E+02	1.278248E+02	
209	1.812449E+02	1.270944E+02	1.279968E+02	
210	1.836668E+02	1.266872E+02	1.289425E+02	
211	1.813665E+02	1.268887E+02	1.289990E+02	
212	1.830382E+02	1.270568E+02	1.286286E+02	
213	1.817642E+02	1.275804E+02	1.297120E+02	
214	1.837064E+02	1.281745E+02	1.294766E+02	
215	1.845101E+02	1.277540E+02	1.290918E+02	
216	1.871607E+02	1.292145E+02	1.294977E+02	
217	1.881855E+02	1.283392E+02	1.297156E+02	
218	1.876646E+02	1.281239E+02	1.292947E+02	
219	1.909536E+02	1.288230E+02	1.297479E+02	
220	1.900950E+02	1.289355E+02	1.304887E+02	
221	1.915093E+02	1.291196E+02	1.303516E+02	
222	1.915061E+02	1.286233E+02	1.303958E+02	
223	1.927966E+02	1.291018E+02	1.311586E+02	
224	1.935970E+02	1.288958E+02	1.306914E+02	
225	1.937543E+02	1.299183E+02	1.307953E+02	
226	1.966819E+02	1.285756E+02	1.310061E+02	
227	1.939225E+02	1.292123E+02	1.309079E+02	
228	2.004144E+02	1.292778E+02	1.308513E+02	
229	1.987939E+02	1.293786E+02	1.316683E+02	
230	1.945948E+02	1.296979E+02	1.310481E+02	
231	1.969336E+02	1.285340E+02	1.307293E+02	
232	1.992334E+02	1.291876E+02	1.310143E+02	
233	2.039165E+02	1.297702E+02	1.301992E+02	
234	1.986499E+02	1.285287E+02	1.315717E+02	
235	2.016465E+02	1.288361E+02	1.304769E+02	
236	1.978462E+02	1.288630E+02	1.306922E+02	
237	1.977834E+02	1.289677E+02	1.301706E+02	
238	2.000613E+02	1.280924E+02	1.303627E+02	
239	1.999250E+02	1.284836E+02	1.319378E+02	
240	1.981864E+02	1.289810E+02	1.305267E+02	
241	1.935740E+02	1.283225E+02	1.299238E+02	
242	2.011873E+02	1.287284E+02	1.303661E+02	
243	1.960371E+02	1.289663E+02	1.282635E+02	
244	2.016117E+02	1.278800E+02	1.309332E+02	
245	1.974220E+02	1.292730E+02	1.294943E+02	
246	1.960557E+02	1.281469E+02	1.292116E+02	
247	2.027064E+02	1.283331E+02	1.297248E+02	
248	2.044398E+02	1.288093E+02	1.293103E+02	
249	1.994074E+02	1.280143E+02	1.297520E+02	
250	1.958499E+02	1.294339E+02	1.297197E+02	
251	1.960103E+02	1.284754E+02	1.296833E+02	
252	2.002513E+02	1.284863E+02	1.292817E+02	
253	2.050130E+02	1.278937E+02	1.293764E+02	
254	1.974568E+02	1.280327E+02	1.295822E+02	
255	2.014696E+02	1.280417E+02	1.289779E+02	
256	1.993719E+02	1.295340E+02	1.291169E+02	
257	1.978853E+02	1.277670E+02	1.282603E+02	
258	2.048382E+02	1.281301E+02	1.288998E+02	
259	2.011374E+02	1.289126E+02	1.287809E+02	
260	2.029521E+02	1.280021E+02	1.285864E+02	
261	1.966730E+02	1.286941E+02	1.286162E+02	
262	2.000994E+02	1.295799E+02	1.287960E+02	
263	2.015233E+02	1.277605E+02	1.291472E+02	
264	2.034983E+02	1.288051E+02	1.287875E+02	
265	1.945118E+02	1.285501E+02	1.286173E+02	
266	2.036676E+02	1.279031E+02	1.294764E+02	
267	2.022694E+02	1.289261E+02	1.292518E+02	
268	2.046642E+02	1.283655E+02	1.298435E+02	
269	1.961891E+02	1.279630E+02	1.292131E+02	
270	1.918442E+02	1.284543E+02	1.290562E+02	
271	1.938201E+02	1.268810E+02	1.292999E+02	
272	2.040033E+02	1.281619E+02	1.290586E+02	
273	2.010949E+02	1.277972E+02	1.293767E+02	
274	1.944764E+02	1.279414E+02	1.289892E+02	
275	1.859238E+02	1.273178E+02	1.286274E+02	
276	2.029524E+02	1.286701E+02	1.288403E+02	
277	1.922295E+02	1.277169E+02	1.291368E+02	
278	1.922832E+02	1.279906E+02	1.283206E+02	
279	1.934729E+02	1.270029E+02	1.284112E+02	
280	1.908715E+02	1.283530E+02	1.281644E+02	
281	1.926141E+02	1.277478E+02	1.273753E+02	
282	1.882751E+02	1.277028E+02	1.284065E+02	
283	1.925116E+02	1.285074E+02	1.290944E+02	
284	1.899358E+02	1.279834E+02	1.279441E+02	
285	1.836991E+02	1.282134E+02	1.279596E+02	
286	1.825620E+02	1.275191E+02	1.283280E+02	
287	1.943910E+02	1.282680E+02	1.280064E+02	
288	1.907514E+02	1.279377E+02	1.282689E+02	
289	1.872006E+02	1.277503E+02	1.287859E+02	
290	1.903592E+02	1.277384E+02	1.283751E+02	
291	1.885585E+02	1.276112E+02	1.284487E+02	
292	1.838047E+02	1.281333E+02	1.285163E+02	
293	1.879782E+02	1.272827E+02	1.274163E+02	
294	1.916520E+02	1.278178E+02	1.278751E+02	
295	1.847126E+02	1.265037E+02	1.285515E+02	
296	1.814436E+02	1.272324E+02	1.271530E+02	
297	1.777431E+02	1.271847E+02	1.280839E+02	
298	1.834217E+02	1.272227E+02	1.279556E+02	
299	1.755509E+02	1.270047E+02	1.276557E+02	
300	1.728760E+02	1.267184E+02	1.273965E+02	
301	1.686280E+02	1.278816E+02	1.275921E+02	
302	1.665395E+02	1.269265E+02	1.278545E+02	
303	1.759671E+02	1.272622E+02	1.268450E+02	
304	1.698508E+02	1.271628E+02	1.267745E+02	
305	1.685026E+02	1.263846E+02	1.272068E+02	
306	1.688843E+02	1.269499E+02	1.271760E+02	
307	1.655543E+02	1.261361E+02	1.270857E+02	
308	1.687522E+02	1.261518E+02	1.273222E+02	
309	1.723999E+02	1.259879E+02	1.268837E+02	
310	1.677961E+02	1.258976E+02	1.258696E+02	
311	1.665817E+02	1.260882E+02	1.275362E+02	
312	1.719612E+02	1.255932E+02	1.274304E+02	
313	1.702209E+02	1.251706E+02	1.264764E+02	
314	1.675095E+02	1.252118E+02	1.273267E+02	
315	1.679903E+02	1.252924E+02	1.273654E+02	
316	1.718022E+02	1.256621E+02	1.270638E+02	
317	1.614033E+02	1.255512E+02	1.272966E+02	
318	1.666622E+02	1.254577E+02	1.271686E+02	
319	1.716731E+02	1.251751E+02	1.273917E+02	
320	1.723393E+02	1.252570E+02	1.270681E+02	
321	1.746840E+02	1.262527E+02	1.275969E+02	
322	1.678714E+02	1.251837E+02	1.274867E+02	
323	1.725027E+02	1.251114E+02	1.266679E+02	
324	1.705293E+02	1.256313E+02	1.277212E+02	
325	1.673591E+02	1.248373E+02	1.265099E+02	
326	1.685878E+02	1.254520E+02	1.273502E+02	
327	1.720966E+02	1.250552E+02	1.272402E+02	
328	1.692576E+02	1.246147E+02	1.267706E+02	
329	1.611126E+02	1.249599E+02	1.268465E+02	
330	1.686968E+02	1.251971E+02	1.279851E+02	
331	1.680353E+02	1.249297E+02	1.267185E+02	
332	1.594705E+02	1.258458E+02	1.263784E+02	
333	1.634775E+02	1.255633E+02	1.267703E+02	
334	1.560736E+02	1.245202E+02	1.268504E+02	
335	1.534739E+02	1.259610E+02	1.265674E+02	
336	1.619884E+02	1.255356E+02	1.266772E+02	
337	1.679550E+02	1.252131E+02	1.268803E+02	
338	1.644869E+02	1.258291E+02	1.250420E+02	
339	1.601601E+02	1.257971E+02	1.264060E+02	
340	1.620537E+02	1.254986E+02	1.265040E+02	
341	1.584908E+02	1.259482E+02	1.272528E+02	
342	1.639159E+02	1.263731E+02	1.273506E+02	
343	1.619206E+02	1.253553E+02	1.259947E+02	
344	1.590106E+02	1.260102E+02	1.271748E+02	
345	1.675062E+02	1.264535E+02	1.258031E+02	
346	1.637319E+02	1.254774E+02	1.254164E+02	
347	1.617328E+02	1.262414E+02	1.261588E+02	
348	1.641069E+02	1.247819E+02	1.255864E+02	
349	1.653716E+02	1.256807E+02	1.257060E+02	
350	1.698302E+02	1.260919E+02	1.256988E+02	
351	1.689598E+02	1.268031E+02	1.254372E+02	
352	1.652720E+02	1.253136E+02	1.256679E+02	
353	1.664461E+02	1.256882E+02	1.250393E+02	
354	1.664734E+02	1.253655E+02	1.260231E+02	
355	1.674246E+02	1.249298E+02	1.246739E+02	
356	1.571893E+02	1.249503E+02	1.251042E+02	
357	1.696650E+02	1.257461E+02	1.262284E+02	
358	1.608971E+02	1.256342E+02	1.259777E+02	
359	1.561613E+02	1.254576E+02	1.248592E+02	
360	1.574558E+02	1.256808E+02	1.248463E+02	
361	1.489625E+02	1.261031E+02	1.252893E+02	
362	1.537464E+02	1.255583E+02	1.248772E+02	
363	1.467609E+02	1.258354E+02	1.252747E+02	
364	1.505853E+02	1.256354E+02	1.257011E+02	
365	1.513429E+02	1.251680E+02	1.255098E+02	
366	1.541881E+02	1.259586E+02	1.263688E+02	
367	1.433223E+02	1.263028E+02	1.249640E+02	
368	1.492695E+02	1.259098E+02	1.270195E+02	
369	1.396943E+02	1.249313E+02	1.267883E+02	
370	1.469719E+02	1.250366E+02	1.269814E+02	
371	1.540450E+02	1.249464E+02	1.270742E+02	
372	1.461825E+02	1.247236E+02	1.273398E+02	
373	1.545739E+02	1.250855E+02	1.263536E+02	
374	1.470607E+02	1.254388E+02	1.263057E+02	
375	1.457688E+02	1.237235E+02	1.262638E+02	
376	1.556389E+02	1.257373E+02	1.267459E+02	
377	1.454948E+02	1.250972E+02	1.271772E+02	
378	1.485391E+02	1.250933E+02	1.264580E+02	
379	1.502910E+02	1.251939E+02	1.261277E+02	
380	1.528106E+02	1.259631E+02	1.262247E+02	
381	1.470526E+02	1.249537E+02	1.266293E+02	
382	1.483774E+02	1.246780E+02	1.261511E+02	
383	1.549499E+02	1.247008E+02	1.253149E+02	
384	1.474769E+02	1.251354E+02	1.259423E+02	
385	1.497687E+02	1.255338E+02	1.263615E+02	
386	1.529694E+02	1.254911E+02	1.266678E+02	
387	1.520684E+02	1.250084E+02	1.261534E+02	
388	1.493446E+02	1.247024E+02	1.263842E+02	
389	1.526782E+02	1.250836E+02	1.260155E+02	
390	1.565942E+02	1.240087E+02	1.267934E+02	
391	1.567177E+02	1.230848E+02	1.263851E+02	
392	1.565037E+02	1.237002E+02	1.269471E+02	
393	1.570998E+02	1.250045E+02	1.272228E+02	
394	1.597696E+02	1.236087E+02	1.278003E+02	
395	1.595758E+02	1.234501E+02	1.270491E+02	
396	1.611815E+02	1.241445E+02	1.273906E+02	
397	1.603016E+02	1.247245E+02	1.265448E+02	
398	1.653056E+02	1.255162E+02	1.274676E+02	
399	1.640533E+02	1.242021E+02	1.280952E+02	
400	1.631049E+02	1.246491E+02	1.290320E+02	
401	1.753262E+02	1.247184E+02	1.280786E+02	
402	1.689742E+02	1.238312E+02	1.286503E+02	
403	1.699128E+02	1.257540E+02	1.280981E+02	
404	1.638538E+02	1.253421E+02	1.296754E+02	
405	1.732740E+02	1.250066E+02	1.292468E+02	
406	1.538434E+02	1.248120E+02	1.279120E+02	
407	1.644665E+02	1.240966E+02	1.307928E+02	
408	1.620016E+02	1.252616E+02	1.292940E+02	
409	1.582967E+02	1.253700E+02	1.286580E+02	
410	1.584729E+02	1.234777E+02	1.280182E+02	
411	1.632358E+02	1.241053E+02	1.280596E+02	
412	1.542737E+02	1.241766E+02	1.278201E+02	
413	1.703284E+02	1.227802E+02	1.283732E+02	
414	1.643952E+02	1.240291E+02	1.275595E+02	
415	1.633361E+02	1.229653E+02	1.278742E+02	
416	1.704472E+02	1.229567E+02	1.260715E+02	
417	1.590454E+02	1.218964E+02	1.260369E+02	
418	1.662420E+02	1.230660E+02	1.258820E+02	
419	1.633258E+02	1.217732E+02	1.275790E+02	
420	1.629279E+02	1.227261E+02	1.266152E+02	
421	1.629937E+02	1.247648E+02	1.252924E+02	
422	1.756793E+02	1.238279E+02	1.251096E+02	
423	1.683024E+02	1.225618E+02	1.237731E+02	
424	1.638446E+02	1.227514E+02	1.259825E+02	
425	1.683378E+02	1.218442E+02	1.246463E+02	
426	1.593926E+02	1.231913E+02	1.244261E+02	
427	1.602192E+02	1.211293E+02	1.234762E+02	
428	1.590451E+02	1.233330E+02	1.240189E+02	
429	1.482361E+02	1.245645E+02	1.260917E+02	
430	1.507194E+02	1.214446E+02	1.250305E+02	
431	1.501640E+02	1.218423E+02	1.245438E+02	
432	1.540728E+02	1.234980E+02	1.253204E+02	
433	1.646514E+02	1.232086E+02	1.266819E+02	
434	1.762594E+02	1.258628E+02	1.245156E+02	
435	1.559738E+02	1.220812E+02	1.231079E+02	
436	1.719863E+02	1.253406E+02	1.246458E+02	
437	1.510287E+02	1.238422E+02	1.229907E+02	
438	1.504049E+02	1.249181E+02	1.262979E+02	
439	1.429050E+02	1.240993E+02	1.221499E+02	
440	1.639485E+02	1.234039E+02	1.264182E+02	
441	1.613877E+02	1.243794E+02	1.234544E+02	
442	1.530752E+02	1.233923E+02	1.264463E+02	
443	1.418901E+02	1.224446E+02	1.247853E+02	
444	1.548339E+02	1.220507E+02	1.268732E+02	
445	1.365245E+02	1.219752E+02	1.270335E+02	
446	1.525103E+02	1.229811E+02	1.273139E+02	
447	1.582385E+02	1.246192E+02	1.243810E+02	
448	1.548723E+02	1.221516E+02	1.245784E+02	
449	1.512560E+02	1.217335E+02	1.265735E+02	
450	1.503068E+02	1.205794E+02	1.271152E+02	
451	1.441927E+02	1.192395E+02	1.234679E+02	
452	1.461622E+02	1.200372E+02	1.247450E+02	
453	1.450354E+02	1.199096E+02	1.216807E+02	
454	1.477659E+02	1.204464E+02	1.243393E+02	
455	1.367437E+02	1.186662E+02	1.209540E+02	
456	1.399328E+02	1.200977E+02	1.218692E+02	
457	1.243927E+02	1.185376E+02	1.222085E+02	
458	1.341905E+02	1.224434E+02	1.212987E+02	
459	1.436395E+02	1.183610E+02	1.201640E+02	
460	1.146328E+02	1.188616E+02	1.217652E+02	
461	1.305906E+02	1.205098E+02	1.208845E+02	
462	1.268491E+02	1.175492E+02	1.230336E+02	
463	1.278370E+02	1.229292E+02	1.207833E+02	
464	1.295279E+02	1.207481E+02	1.251209E+02	
465	1.245463E+02	1.192749E+02	1.236122E+02	
466	1.246636E+02	1.167616E+02	1.263299E+02	
467	1.185436E+02	1.196066E+02	1.254671E+02	
468	1.233993E+02	1.214421E+02	1.264189E+02	
469	1.284090E+02	1.209581E+02	1.276387E+02	
470	1.154010E+02	1.194270E+02	1.225831E+02	
471	1.327401E+02	1.246540E+02	1.281448E+02	
472	1.291132E+02	1.210468E+02	1.238837E+02	
473	1.274594E+02	1.235877E+02	1.287059E+02	
474	1.433503E+02	1.223747E+02	1.263065E+02	
475	1.345916E+02	1.197817E+02	1.282774E+02	
476	1.365772E+02	1.228110E+02	1.266233E+02	
477	1.395928E+02	1.199400E+02	1.161652E+02	
478	1.281395E+02	1.214479E+02	1.336101E+02	
479	1.582296E+02	1.193877E+02	1.229955E+02	
480	1.354420E+02	1.221539E+02	1.315271E+02	
481	1.093034E+02	1.166344E+02	1.258590E+02	
482	1.585385E+02	1.178382E+02	1.304309E+02	
483	1.310190E+02	1.209860E+02	1.301805E+02	
484	1.432823E+02	1.174080E+02	1.302465E+02	
485	1.418292E+02	1.122701E+02	1.316015E+02	
486	1.438476E+02	1.111216E+02	1.334513E+02	
487	1.196813E+02	1.179490E+02	1.291834E+02	
488	1.282487E+02	1.062210E+02	1.277106E+02	
489	1.425048E+02	1.139877E+02	1.296021E+02	
490	1.366122E+02	1.135464E+02	1.271455E+02	
491	1.154194E+02	1.155616E+02	1.335454E+02	
492	1.870144E+02	1.176312E+02	1.301418E+02	
493	7.544946E+01	1.051518E+02	1.418498E+02	
494	2.200177E+02	1.149507E+02	1.302463E+02	
495	7.544946E+01	1.099709E+02	1.263560E+02	
496	2.247091E+02	1.154464E+02	1.411543E+02	
497	1.835878E+02	1.152862E+02	1.288445E+02	
498	1.890664E+02	1.173432E+02	1.414442E+02	
499	2.975821E+02	1.133539E+02	1.347890E+02	
500	0.000000E+00	0.000000E+00	0.000000E+00	
501	1.906670E+02	1.251513E+02	1.416983E+02	
502	0.000000E+00	0.000000E+00	0.000000E+00	
503	2.189355E+02	1.254303E+02	1.415714E+02	
504	0.000000E+00	0.000000E+00	0.000000E+00	
505	2.206203E+02	1.324042E+02	1.353304E+02	
506	1.729173E+02	1.279195E+02	1.345965E+02	
507	0.000000E+00	0.000000E+00	0.000000E+00	
508	2.123241E+02	1.265039E+02	1.370156E+02	
509	0.000000E+00	0.000000E+00	0.000000E+00	
510	1.512180E+02	1.101929E+02	1.483564E+02	
511	0.000000E+00	0.000000E+00	0.000000E+00	
512	1.566727E+02	1.181274E+02	1.603173E+02	
513	0.000000E+00	0.000000E+00	0.000000E+00	
514	0.000000E+00	0.000000E+00	0.000000E+00	
515	7.544946E+01	1.232129E+02	1.750943E+02	
516	0.000000E+00	0.000000E+00	0.000000E+00	
517	0.000000E+00	8.208206E+01	1.779125E+02	
518	0.000000E+00	0.000000E+00	0.000000E+00	
519	0.000000E+00	0.000000E+00	2.515897E+02	
520	0.000000E+00	0.000000E+00	0.000000E+00	
521	0.000000E+00	0.000000E+00	0.000000E+00	
522	0.000000E+00	0.000000E+00	0.000000E+00	
523	0.000000E+00	0.000000E+00	0.000000E+00	
524	0.000000E+00	0.000000E+00	0.000000E+00	
525	0.000000E+00	0.000000E+00	0.000000E+00	
526	0.000000E+00	0.000000E+00	0.000000E+00	
527	0.000000E+00	0.000000E+00	0.000000E+00	
528	0.000000E+00	0.000000E+00	0.000000E+00	
529	0.000000E+00	0.000000E+00	0.000000E+00	
530	0.000000E+00	0.000000E+00	0.000000E+00	
531	0.000000E+00	0.000000E+00	0.000000E+00	
532	0.000000E+00	0.000000E+00	0.000000E+00	
533	0.000000E+00	0.000000E+00	0.000000E+00	
534	0.000000E+00	0.000000E+00	0.000000E+00	
535	0.000000E+00	0.000000E+00	0.000000E+00	
536	0.000000E+00	0.000000E+00	0.000000E+00	
537	0.000000E+00	0.000000E+00	0.000000E+00	
538	0.000000E+00	0.000000E+00	0.000000E+00	
539	0.000000E+00	0.000000E+00	0.000000E+00	
540	0.000000E+00	0.000000E+00	0.000000E+00	
541	0.000000E+00	0.000000E+00	0.000000E+00	
542	0.000000E+00	0.000000E+00	0.000000E+00	
543	0.000000E+00	0.000000E+00	0.000000E+00	
544	0.000000E+00	0.000000E+00	0.000000E+00	
545	0.000000E+00	0.000000E+00	0.000000E+00	
546	0.000000E+00	0.000000E+00	0.000000E+00	
547	0.000000E+00	0.000000E+00	0.000000E+00	
548	0.000000E+00	0.000000E+00	0.000000E+00	
549	0.000000E+00	0.000000E+00	0.000000E+00	
550	0.000000E+00	0.000000E+00	0.000000E+00	
551	0.000000E+00	0.000000E+00	0.000000E+00	
552	0.000000E+00	0.000000E+00	0.000000E+00	
553	0.000000E+00	0.000000E+00	0.000000E+00	
554	0.000000E+00	0.000000E+00	0.000000E+00	
555	0.000000E+00	0.000000E+00	0.000000E+00	
556	0.000000E+00	0.000000E+00	0.000000E+00	
557	0.000000E+00	0.000000E+00	0.000000E+00	
558	0.000000E+00	0.000000E+00	0.000000E+00	
559	0.000000E+00	0.000000E+00	0.000000E+00	
560	0.000000E+00	0.000000E+00	0.000000E+00	
561	0.000000E+00	0.000000E+00	0.000000E+00	
562	0.000000E+00	0.000000E+00	0.000000E+00	
563	0.000000E+00	0.000000E+00	0.000000E+00	
564	0.000000E+00	0.000000E+00	0.000000E+00	
565	0.000000E+00	0.000000E+00	0.000000E+00	
566	0.000000E+00	0.000000E+00	0.000000E+00	
567	0.000000E+00	0.000000E+00	0.000000E+00	
568	0.000000E+00	0.000000E+00	0.000000E+00	
569	0.000000E+00	0.000000E+00	0.000000E+00	
570	0.000000E+00	0.000000E+00	0.000000E+00	
571	0.000000E+00	0.000000E+00	0.000000E+00	
572	0.000000E+00	0.000000E+00	0.000000E+00	
573	0.000000E+00	0.000000E+00	0.000000E+00	
574	0.000000E+00	0.000000E+00	0.000000E+00	
575	0.000000E+00	0.000000E+00	0.000000E+00	
576	0.000000E+00	0.000000E+00	0.000000E+00	
577	0.000000E+00	0.000000E+00	0.000000E+00	
578	0.000000E+00	0.000000E+00	0.000000E+00	
579	0.000000E+00	0.000000E+00	0.000000E+00	
580	0.000000E+00	0.000000E+00	0.000000E+00	
581	0.000000E+00	0.000000E+00	0.000000E+00	
582	0.000000E+00	0.000000E+00	0.000000E+00	
583	0.000000E+00	0.000000E+00	0.000000E+00	
584	0.000000E+00	0.000000E+00	0.000000E+00	
585	0.000000E+00	0.000000E+00	0.000000E+00	
586	0.000000E+00	0.000000E+00	0.000000E+00	
587	0.000000E+00	0.000000E+00	0.000000E+00	
588	0.000000E+00	0.000000E+00	0.000000E+00	
589	0.000000E+00	0.000000E+00	0.000000E+00	
590	0.000000E+00	0.000000E+00	0.000000E+00	
591	0.000000E+00	0.000000E+00	0.000000E+00	
592	0.000000E+00	0.000000E+00	0.000000E+00	
593	0.000000E+00	0.000000E+00	0.000000E+00	
594	0.000000E+00	0.000000E+00	0.000000E+00	
595	0.000000E+00	0.000000E+00	0.000000E+00	
596	0.000000E+00	0.000000E+00	0.000000E+00	
597	0.000000E+00	0.000000E+00	0.000000E+00	
598	0.000000E+00	0.000000E+00	0.000000E+00	
599	0.000000E+00	0.000000E+00	0.000000E+00	
#NewRun
0	1.810532E+02	1.215475E+02	1.305332E+02	
1	0.000000E+00	0.000000E+00	0.000000E+00	
2	0.000000E+00	0.000000E+00	0.000000E+00	
3	0.000000E+00	0.000000E+00	0.000000E+00	
4	1.849912E+02	1.230855E+02	1.194952E+02	
5	1.773899E+02	1.289876E+02	1.177776E+02	
6	1.706373E+02	1.290443E+02	1.155661E+02	
7	0.000000E+00	0.000000E+00	0.000000E+00	
8	1.783816E+02	1.258827E+02	1.160814E+02	
9	1.751614E+02	1.252326E+02	1.204063E+02	
10	0.000000E+00	0.000000E+00	0.000000E+00	
11	1.768558E+02	1.269327E+02	1.164129E+02	
12	1.749921E+02	1.260441E+02	1.188323E+02	
13	1.762988E+02	1.258173E+02	1.195054E+02	
14	1.788674E+02	1.229320E+02	1.186325E+02	
15	0.000000E+00	0.000000E+00	0.000000E+00	
16	1.760569E+02	1.236223E+02	1.182886E+02	
17	1.767717E+02	1.226580E+02	1.193586E+02	
18	1.766153E+02	1.228486E+02	1.184651E+02	
19	1.762702E+02	1.218902E+02	1.185686E+02	
20	1.764818E+02	1.233202E+02	1.204067E+02	
21	1.764963E+02	1.203574E+02	1.204404E+02	
22	1.772514E+02	1.217645E+02	1.183346E+02	
23	1.756802E+02	1.207744E+02	1.190238E+02	
24	1.745923E+02	1.208289E+02	1.199149E+02	
25	1.764229E+02	1.213523E+02	1.200423E+02	
26	1.766992E+02	1.204758E+02	1.192112E+02	
27	1.763727E+02	1.207531E+02	1.204902E+02	
28	1.742321E+02	1.198023E+02	1.197001E+02	
29	1.735644E+02	1.204715E+02	1.184497E+02	
30	1.756165E+02	1.204937E+02	1.191207E+02	
31	1.739211E+02	1.218060E+02	1.185442E+02	
32	1.734113E+02	1.204263E+02	1.186515E+02	
33	1.718915E+02	1.210430E+02	1.185117E+02	
34	1.717910E+02	1.204826E+02	1.179901E+02	
35	1.725045E+02	1.201038E+02	1.184353E+02	
36	1.711028E+02	1.197526E+02	1.175139E+02	
37	1.711325E+02	1.196635E+02	1.180238E+02	
38	1.708373E+02	1.186270E+02	1.176509E+02	
39	1.730252E+02	1.194136E+02	1.177223E+02	
40	1.705308E+02	1.192548E+02	1.177259E+02	
41	1.723122E+02	1.187536E+02	1.170479E+02	
42	1.722172E+02	1.185556E+02	1.181709E+02	
43	1.703609E+02	1.185839E+02	1.176418E+02	
44	1.710478E+02	1.184881E+02	1.175325E+02	
45	1.709856E+02	1.180309E+02	1.172465E+02	
46	1.712288E+02	1.183021E+02	1.170641E+02	
47	1.717433E+02	1.177508E+02	1.175767E+02	
48	1.702116E+02	1.180357E+02	1.170122E+02	
49	1.706491E+02	1.171078E+02	1.165229E+02	
50	1.705659E+02	1.173268E+02	1.164937E+02	
51	1.701079E+02	1.177477E+02	1.167411E+02	
52	1.692786E+02	1.175869E+02	1.168861E+02	
53	1.698251E+02	1.177468E+02	1.166530E+02	
54	1.693181E+02	1.177207E+02	1.167031E+02	
55	1.697977E+02	1.174143E+02	1.170354E+02	
56	1.693124E+02	1.174247E+02	1.165250E+02	
57	1.693326E+02	1.175119E+02	1.168645E+02	
58	1.691490E+02	1.167927E+02	1.159805E+02	
59	1.687893E+02	1.168816E+02	1.165783E+02	
60	1.691928E+02	1.165410E+02	1.163771E+02	
61	1.681802E+02	1.172157E+02	1.164173E+02	
62	1.686545E+02	1.164161E+02	1.166309E+02	
63	1.681298E+02	1.164100E+02	1.164961E+02	
64	1.675486E+02	1.163847E+02	1.161706E+02	
65	1.681597E+02	1.158295E+02	1.156139E+02	
66	1.681885E+02	1.155258E+02	1.160194E+02	
67	1.676031E+02	1.153315E+02	1.160029E+02	
68	1.669709E+02	1.158324E+02	1.162496E+02	
69	1.671612E+02	1.155597E+02	1.157867E+02	
70	1.670025E+02	1.150690E+02	1.158276E+02	
71	1.667949E+02	1.156543E+02	1.155396E+02	
72	1.668351E+02	1.149942E+02	1.153964E+02	
73	1.658219E+02	1.151588E+02	1.156588E+02	
74	1.661283E+02	1.148220E+02	1.149767E+02	
75	1.655112E+02	1.148791E+02	1.152823E+02	
76	1.651716E+02	1.146815E+02	1.151974E+02	
77	1.653910E+02	1.145580E+02	1.148778E+02	
78	1.645206E+02	1.147117E+02	1.146695E+02	
79	1.643959E+02	1.137543E+02	1.146792E+02	
80	1.647494E+02	1.144716E+02	1.147180E+02	
81	1.642860E+02	1.143246E+02	1.146625E+02	
82	1.639731E+02	1.142869E+02	1.140121E+02	
83	1.637351E+02	1.136308E+02	1.144187E+02	
84	1.633670E+02	1.140879E+02	1.140936E+02	
85	1.630658E+02	1.138683E+02	1.143864E+02	
86	1.637073E+02	1.136810E+02	1.139899E+02	
87	1.627002E+02	1.134011E+02	1.135385E+02	
88	1.628514E+02	1.130209E+02	1.139279E+02	
89	1.630154E+02	1.133161E+02	1.140816E+02	
90	1.622925E+02	1.131026E+02	1.138475E+02	
91	1.628774E+02	1.127422E+02	1.136592E+02	
92	1.623203E+02	1.127131E+02	1.139187E+02	
93	1.622325E+02	1.129117E+02	1.137458E+02	
94	1.622958E+02	1.126192E+02	1.138536E+02	
95	1.618086E+02	1.125369E+02	1.139499E+02	
96	1.620072E+02	1.125630E+02	1.141281E+02	
97	1.616722E+02	1.126447E+02	1.140723E+02	
98	1.612806E+02	1.124107E+02	1.141558E+02	
99	1.609190E+02	1.123302E+02	1.137876E+02	
100	1.611980E+02	1.123056E+02	1.137757E+02	
101	1.612218E+02	1.121995E+02	1.140247E+02	
102	1.611541E+02	1.120985E+02	1.138027E+02	
103	1.609584E+02	1.120788E+02	1.138319E+02	
104	1.610949E+02	1.121311E+02	1.136780E+02	
105	1.611571E+02	1.120964E+02	1.135507E+02	
106	1.606534E+02	1.121807E+02	1.133429E+02	
107	1.612081E+02	1.121349E+02	1.132810E+02	
108	1.605175E+02	1.119622E+02	1.132639E+02	
109	1.611932E+02	1.119593E+02	1.133405E+02	
110	1.607491E+02	1.122576E+02	1.129560E+02	
111	1.607727E+02	1.120035E+02	1.130579E+02	
112	1.605862E+02	1.118683E+02	1.129985E+02	
113	1.607765E+02	1.121535E+02	1.126446E+02	
114	1.607797E+02	1.122356E+02	1.126787E+02	
115	1.606293E+02	1.122965E+02	1.125665E+02	
116	1.605957E+02	1.122808E+02	1.127056E+02	
117	1.605680E+02	1.121496E+02	1.127734E+02	
118	1.609117E+02	1.123438E+02	1.127485E+02	
119	1.607474E+02	1.128058E+02	1.125599E+02	
120	1.608633E+02	1.122539E+02	1.126905E+02	
121	1.610014E+02	1.124583E+02	1.126676E+02	
122	1.603001E+02	1.124942E+02	1.128651E+02	
123	1.600555E+02	1.124487E+02	1.125426E+02	
124	1.600223E+02	1.121957E+02	1.126585E+02	
125	1.594692E+02	1.126279E+02	1.128321E+02	
126	1.597010E+02	1.124095E+02	1.126168E+02	
127	1.596711E+02	1.125703E+02	1.128634E+02	
128	1.594608E+02	1.124628E+02	1.125650E+02	
129	1.593902E+02	1.123358E+02	1.130419E+02	
130	1.597772E+02	1.125757E+02	1.128469E+02	
131	1.601133E+02	1.123500E+02	1.128701E+02	
132	1.599510E+02	1.126039E+02	1.127557E+02	
133	1.595332E+02	1.129128E+02	1.127308E+02	
134	1.603343E+02	1.126401E+02	1.135920E+02	
135	1.598502E+02	1.128663E+02	1.131349E+02	
136	1.600712E+02	1.131011E+02	1.132597E+02	
137	1.597592E+02	1.134346E+02	1.131248E+02	
138	1.598275E+02	1.132664E+02	1.132102E+02	
139	1.599874E+02	1.132237E+02	1.135899E+02	
140	1.600070E+02	1.132724E+02	1.136956E+02	
141	1.596604E+02	1.134791E+02	1.136201E+02	
142	1.603117E+02	1.135651E+02	1.138497E+02	
143	1.600889E+02	1.136283E+02	1.141165E+02	
144	1.599370E+02	1.140582E+02	1.142017E+02	
145	1.602049E+02	1.137775E+02	1.140438E+02	
146	1.608090E+02	1.141008E+02	1.143200E+02	
147	1.596966E+02	1.141225E+02	1.142519E+02	
148	1.607123E+02	1.143984E+02	1.150644E+02	
149	1.609064E+02	1.143501E+02	1.143514E+02	
150	1.607070E+02	1.146148E+02	1.142630E+02	
151	1.617268E+02	1.143258E+02	1.145509E+02	
152	1.607469E+02	1.144619E+02	1.147392E+02	
153	1.610337E+02	1.142451E+02	1.151819E+02	
154	1.611422E+02	1.147881E+02	1.150909E+02	
155	1.612717E+02	1.147696E+02	1.151706E+02	
156	1.616491E+02	1.152615E+02	1.150541E+02	
157	1.626181E+02	1.153270E+02	1.158959E+02	
158	1.618931E+02	1.153827E+02	1.158555E+02	
159	1.626618E+02	1.157938E+02	1.155523E+02	
160	1.625729E+02	1.161698E+02	1.163847E+02	
161	1.633995E+02	1.165351E+02	1.160877E+02	
162	1.635565E+02	1.164023E+02	1.165674E+02	
163	1.641419E+02	1.169315E+02	1.165326E+02	
164	1.636010E+02	1.169977E+02	1.170522E+02	
165	1.644082E+02	1.175610E+02	1.171010E+02	
166	1.648697E+02	1.177738E+02	1.173998E+02	
167	1.655186E+02	1.179403E+02	1.174218E+02	
168	1.656379E+02	1.182633E+02	1.173318E+02	
169	1.659677E+02	1.186931E+02	1.180214E+02	
170	1.671124E+02	1.186433E+02	1.182620E+02	
171	1.675786E+02	1.190849E+02	1.187399E+02	
172	1.667508E+02	1.189529E+02	1.185199E+02	
173	1.688972E+02	1.195874E+02	1.182565E+02	
174	1.686408E+02	1.197953E+02	1.189511E+02	
175	1.703602E+02	1.196886E+02	1.193077E+02	
176	1.693944E+02	1.198759E+02	1.196826E+02	
177	1.698064E+02	1.209168E+02	1.197903E+02	
178	1.716388E+02	1.202733E+02	1.196601E+02	
179	1.710806E+02	1.211798E+02	1.209061E+02	
180	1.708307E+02	1.215782E+02	1.205187E+02	
181	1.729546E+02	1.212775E+02	1.209146E+02	
182	1.734608E+02	1.220952E+02	1.206515E+02	
183	1.736682E+02	1.224224E+02	1.217595E+02	
184	1.745562E+02	1.222678E+02	1.216207E+02	
185	1.749914E+02	1.224279E+02	1.221733E+02	
186	1.751426E+02	1.228413E+02	1.216077E+02	
187	1.758439E+02	1.238850E+02	1.224195E+02	
188	1.760899E+02	1.236325E+02	1.230977E+02	
189	1.765202E+02	1.240854E+02	1.233108E+02	
190	1.792569E+02	1.245312E+02	1.238651E+02	
191	1.797752E+02	1.247626E+02	1.240585E+02	
192	1.795425E+02	1.242776E+02	1.243383E+02	
193	1.794763E+02	1.242543E+02	1.249048E+02	
194	1.805005E+02	1.254566E+02	1.246653E+02	
195	1.817871E+02	1.250067E+02	1.255414E+02	
196	1.844141E+02	1.255510E+02	1.246729E+02	
197	1.833571E+02	1.257852E+02	1.252996E+02	
198	1.842000E+02	1.255221E+02	1.256726E+02	
199	1.823751E+02	1.265893E+02	1.258786E+02	
200	1.847933E+02	1.260828E+02	1.262642E+02	
201	1.836148E+02	1.257752E+02	1.265443E+02	
202	1.846858E+02	1.266437E+02	1.263765E+02	
203	1.847574E+02	1.260496E+02	1.268473E+02	
204	1.853385E+02	1.268867E+02	1.266717E+02	
205	1.872307E+02	1.276426E+02	1.265688E+02	
206	1.870173E+02	1.281623E+02	1.273699E+02	
207	1.870168E+02	1.272309E+02	1.273589E+02	
208	1.887592E+02	1.274459E+02	1.278876E+02	
209	1.879048E+02	1.271030E+02	1.279317E+02	
210	1.885363E+02	1.276940E+02	1.284332E+02	
211	1.907544E+02	1.277628E+02	1.276748E+02	
212	1.881842E+02	1.273200E+02	1.279685E+02	
213	1.908600E+02	1.276650E+02	1.280905E+02	
214	1.921081E+02	1.287942E+02	1.286627E+02	
215	1.904089E+02	1.282593E+02	1.284650E+02	
216	1.925558E+02	1.290746E+02	1.276898E+02	
217	1.877019E+02	1.283951E+02	1.289070E+02	
218	1.946131E+02	1.285423E+02	1.286323E+02	
219	1.927438E+02	1.288257E+02	1.282352E+02	
220	1.944142E+02	1.293025E+02	1.294021E+02	
221	1.936089E+02	1.287649E+02	1.289075E+02	
222	1.955865E+02	1.283351E+02	1.284645E+02	
223	1.923977E+02	1.279749E+02	1.297136E+02	
224	1.995834E+02	1.294078E+02	1.294345E+02	
225	1.989732E+02	1.283660E+02	1.296936E+02	
226	1.959883E+02	1.284494E+02	1.299509E+02	
227	1.962641E+02	1.291528E+02	1.283284E+02	
228	1.976146E+02	1.285773E+02	1.291380E+02	
229	1.963683E+02	1.289369E+02	1.288977E+02	
230	1.988400E+02	1.279883E+02	1.294001E+02	
231	1.986297E+02	1.285515E+02	1.287568E+02	
232	1.960301E+02	1.285040E+02	1.299349E+02	
233	2.012125E+02	1.274510E+02	1.287985E+02	
234	1.954144E+02	1.282025E+02	1.288603E+02	
235	2.005850E+02	1.287360E+02	1.296620E+02	
236	2.009484E+02	1.279941E+02	1.290150E+02	
237	1.939488E+02	1.275710E+02	1.299209E+02	
238	2.024701E+02	1.279700E+02	1.302478E+02	
239	1.998627E+02	1.277270E+02	1.297527E+02	
240	2.003322E+02	1.272052E+02	1.291943E+02	
241	1.994152E+02	1.277528E+02	1.303503E+02	
242	2.018302E+02	1.281728E+02	1.295765E+02	
243	2.004758E+02	1.281673E+02	1.289559E+02	
244	1.974350E+02	1.276078E+02	1.300751E+02	
245	2.030526E+02	1.281993E+02	1.298032E+02	
246	2.033619E+02	1.284776E+02	1.303161E+02	
247	1.994791E+02	1.278868E+02	1.300380E+02	
248	2.018330E+02	1.280036E+02	1.295732E+02	
249	2.048275E+02	1.276388E+02	1.305136E+02	
250	2.042488E+02	1.277109E+02	1.294982E+02	
251	2.018004E+02	1.277649E+02	1.293971E+02	
252	1.991369E+02	1.278081E+02	1.295925E+02	
253	2.013441E+02	1.280034E+02	1.295678E+02	
254	2.019382E+02	1.286042E+02	1.284471E+02	
255	1.996939E+02	1.283673E+02	1.297007E+02	
256	1.972666E+02	1.280566E+02	1.288289E+02	
257	2.007945E+02	1.279827E+02	1.284120E+02	
258	1.994994E+02	1.285163E+02	1.285410E+02	
259	1.978748E+02	1.286933E+02	1.282557E+02	
260	1.985076E+02	1.286697E+02	1.286106E+02	
261	1.969839E+02	1.280688E+02	1.274141E+02	
262	1.993518E+02	1.287615E+02	1.276009E+02	
263	2.000284E+02	1.286573E+02	1.277352E+02	
264	2.008384E+02	1.275974E+02	1.272323E+02	
265	1.993413E+02	1.282577E+02	1.268937E+02	
266	1.957309E+02	1.281917E+02	1.262558E+02	
267	1.911570E+02	1.277345E+02	1.262101E+02	
268	1.968567E+02	1.283368E+02	1.272958E+02	
269	1.924568E+02	1.287134E+02	1.272270E+02	
270	1.945543E+02	1.279414E+02	1.261216E+02	
271	1.929751E+02	1.292258E+02	1.261925E+02	
272	1.855483E+02	1.289118E+02	1.270648E+02	
273	1.941195E+02	1.277900E+02	1.265664E+02	
274	1.923583E+02	1.286692E+02	1.264972E+02	
275	1.852368E+02	1.284371E+02	1.265692E+02	
276	1.871644E+02	1.279693E+02	1.269692E+02	
277	1.873338E+02	1.282318E+02	1.264953E+02	
278	1.920800E+02	1.269528E+02	1.268035E+02	
279	1.895815E+02	1.268390E+02	1.273477E+02	
280	1.893608E+02	1.269377E+02	1.271937E+02	
281	1.904143E+02	1.273427E+02	1.276026E+02	
282	1.885392E+02	1.266342E+02	1.277094E+02	
283	1.907422E+02	1.262310E+02	1.277852E+02	
284	1.863570E+02	1.263375E+02	1.274559E+02	
285	1.862789E+02	1.263157E+02	1.270546E+02	
286	1.884804E+02	1.263453E+02	1.277079E+02	
287	1.891576E+02	1.259542E+02	1.278046E+02	
288	1.800746E+02	1.267615E+02	1.270518E+02	
289	1.836947E+02	1.258442E+02	1.270626E+02	
290	1.854822E+02	1.264676E+02	1.272477E+02	
291	1.845047E+02	1.261926E+02	1.272758E+02	
292	1.815651E+02	1.258615E+02	1.268771E+02	
293	1.786391E+02	1.259104E+02	1.267234E+02	
294	1.749426E+02	1.260716E+02	1.265529E+02	
295	1.806548E+02	1.258106E+02	1.271381E+02	
296	1.788548E+02	1.267163E+02	1.277625E+02	
297	1.767276E+02	1.255545E+02	1.265035E+02	
298	1.778092E+02	1.261604E+02	1.263408E+02	
299	1.774834E+02	1.264091E+02	1.268773E+02	
300	1.771458E+02	1.260817E+02	1.269019E+02	
301	1.776125E+02	1.264968E+02	1.261918E+02	
302	1.837202E+02	1.265738E+02	1.267225E+02	
303	1.787466E+02	1.263319E+02	1.269058E+02	
304	1.780197E+02	1.259914E+02	1.275367E+02	
305	1.790492E+02	1.268117E+02	1.267513E+02	
306	1.756076E+02	1.257112E+02	1.267731E+02	
307	1.750050E+02	1.259691E+02	1.266575E+02	
308	1.779705E+02	1.263251E+02	1.269670E+02	
309	1.725137E+02	1.258231E+02	1.272224E+02	
310	1.717978E+02	1.271916E+02	1.269454E+02	
311	1.750694E+02	1.264746E+02	1.266901E+02	
312	1.743373E+02	1.253985E+02	1.264442E+02	
313	1.657327E+02	1.268618E+02	1.268895E+02	
314	1.720287E+02	1.255949E+02	1.260297E+02	
315	1.667458E+02	1.264877E+02	1.264236E+02	
316	1.642927E+02	1.257953E+02	1.273000E+02	
317	1.745151E+02	1.249190E+02	1.257594E+02	
318	1.682258E+02	1.261344E+02	1.260971E+02	
319	1.678749E+02	1.255959E+02	1.269760E+02	
320	1.631797E+02	1.250194E+02	1.261420E+02	
321	1.655143E+02	1.261697E+02	1.264317E+02	
322	1.606152E+02	1.252558E+02	1.265539E+02	
323	1.701967E+02	1.251076E+02	1.256215E+02	
324	1.600050E+02	1.251736E+02	1.257562E+02	
325	1.642792E+02	1.253882E+02	1.270190E+02	
326	1.683019E+02	1.247330E+02	1.266680E+02	
327	1.634809E+02	1.255398E+02	1.256442E+02	
328	1.681659E+02	1.253768E+02	1.259618E+02	
329	1.657267E+02	1.246307E+02	1.258458E+02	
330	1.653928E+02	1.248773E+02	1.261160E+02	
331	1.640118E+02	1.247216E+02	1.258960E+02	
332	1.651805E+02	1.254796E+02	1.264080E+02	
333	1.644412E+02	1.259064E+02	1.252067E+02	
334	1.663676E+02	1.260147E+02	1.257762E+02	
335	1.670722E+02	1.253476E+02	1.252462E+02	
336	1.648712E+02	1.255405E+02	1.256399E+02	
337	1.644692E+02	1.253337E+02	1.261248E+02	
338	1.664007E+02	1.252347E+02	1.255346E+02	
339	1.706877E+02	1.258772E+02	1.247920E+02	
340	1.695034E+02	1.257169E+02	1.248096E+02	
341	1.709586E+02	1.259496E+02	1.256724E+02	
342	1.753353E+02	1.258889E+02	1.253501E+02	
343	1.742802E+02	1.250108E+02	1.252479E+02	
344	1.738522E+02	1.258971E+02	1.257231E+02	
345	1.723917E+02	1.257198E+02	1.252790E+02	
346	1.709611E+02	1.256859E+02	1.249335E+02	
347	1.730884E+02	1.257108E+02	1.254974E+02	
348	1.671109E+02	1.258111E+02	1.258756E+02	
349	1.764000E+02	1.263716E+02	1.251230E+02	
350	1.712948E+02	1.256738E+02	1.270102E+02	
351	1.751073E+02	1.259976E+02	1.252808E+02	
352	1.721866E+02	1.264974E+02	1.260268E+02	
353	1.835508E+02	1.257288E+02	1.258279E+02	
354	1.761530E+02	1.255784E+02	1.252563E+02	
355	1.750315E+02	1.254111E+02	1.253451E+02	
356	1.834805E+02	1.257281E+02	1.260245E+02	
357	1.815003E+02	1.259467E+02	1.257144E+02	
358	1.880573E+02	1.248902E+02	1.258007E+02	
359	1.816931E+02	1.256272E+02	1.249518E+02	
360	1.834299E+02	1.256447E+02	1.255730E+02	
361	1.838052E+02	1.256862E+02	1.254325E+02	
362	1.843573E+02	1.259515E+02	1.255570E+02	
363	1.853328E+02	1.264756E+02	1.244630E+02	
364	1.909005E+02	1.263619E+02	1.257254E+02	
365	1.925444E+02	1.262077E+02	1.260521E+02	
366	1.869745E+02	1.266169E+02	1.246409E+02	
367	1.838797E+02	1.255083E+02	1.254719E+02	
368	1.818911E+02	1.259275E+02	1.250967E+02	
369	1.847615E+02	1.259539E+02	1.254739E+02	
370	1.793793E+02	1.252257E+02	1.255479E+02	
371	1.773187E+02	1.261464E+02	1.267928E+02	
372	1.816923E+02	1.255745E+02	1.263892E+02	
373	1.826238E+02	1.247986E+02	1.270223E+02	
374	1.818302E+02	1.258640E+02	1.261915E+02	
375	1.829224E+02	1.256540E+02	1.260595E+02	
376	1.933628E+02	1.256124E+02	1.264095E+02	
377	1.848743E+02	1.253863E+02	1.260902E+02	
378	1.820505E+02	1.248227E+02	1.272428E+02	
379	1.829531E+02	1.258004E+02	1.264461E+02	
380	1.791306E+02	1.256063E+02	1.266229E+02	
381	1.774257E+02	1.257129E+02	1.263641E+02	
382	1.786082E+02	1.260972E+02	1.260822E+02	
383	1.741566E+02	1.263500E+02	1.256529E+02	
384	1.756362E+02	1.255791E+02	1.264000E+02	
385	1.793523E+02	1.259586E+02	1.264253E+02	
386	1.752106E+02	1.261901E+02	1.263429E+02	
387	1.758123E+02	1.259729E+02	1.271135E+02	
388	1.787847E+02	1.263940E+02	1.261596E+02	
389	1.729604E+02	1.266352E+02	1.263010E+02	
390	1.705115E+02	1.261866E+02	1.253194E+02	
391	1.789315E+02	1.265007E+02	1.263895E+02	
392	1.720447E+02	1.272885E+02	1.256063E+02	
393	1.731135E+02	1.270209E+02	1.249518E+02	
394	1.752155E+02	1.259629E+02	1.253709E+02	
395	1.769864E+02	1.280070E+02	1.255227E+02	
396	1.785326E+02	1.261049E+02	1.251317E+02	
397	1.812455E+02	1.273306E+02	1.250457E+02	
398	1.860792E+02	1.260302E+02	1.251002E+02	
399	1.754630E+02	1.265471E+02	1.248643E+02	
400	1.787496E+02	1.274605E+02	1.245289E+02	
401	1.760158E+02	1.262147E+02	1.252255E+02	
402	1.779507E+02	1.263766E+02	1.255297E+02	
403	1.669217E+02	1.256990E+02	1.256350E+02	
404	1.730191E+02	1.269543E+02	1.242994E+02	
405	1.694916E+02	1.271102E+02	1.254092E+02	
406	1.757111E+02	1.266045E+02	1.245656E+02	
407	1.721417E+02	1.235444E+02	1.237175E+02	
408	1.716343E+02	1.265018E+02	1.231375E+02	
409	1.700395E+02	1.278363E+02	1.239949E+02	
410	1.635993E+02	1.251582E+02	1.248161E+02	
411	1.687355E+02	1.266445E+02	1.238723E+02	
412	1.636469E+02	1.280302E+02	1.254627E+02	
413	1.698415E+02	1.276121E+02	1.244113E+02	
414	1.728615E+02	1.271721E+02	1.257185E+02	
415	1.756954E+02	1.281046E+02	1.240611E+02	
416	1.672285E+02	1.278896E+02	1.238319E+02	
417	1.678224E+02	1.294061E+02	1.247701E+02	
418	1.686972E+02	1.279098E+02	1.257344E+02	
419	1.703544E+02	1.290704E+02	1.249014E+02	
420	1.513991E+02	1.308086E+02	1.257864E+02	
421	1.797564E+02	1.285315E+02	1.260381E+02	
422	1.659289E+02	1.302677E+02	1.243629E+02	
423	1.649022E+02	1.291312E+02	1.240938E+02	
424	1.636569E+02	1.286431E+02	1.266856E+02	
425	1.596858E+02	1.283499E+02	1.249030E+02	
426	1.795483E+02	1.305205E+02	1.245526E+02	
427	1.551956E+02	1.261466E+02	1.257970E+02	
428	1.743169E+02	1.273441E+02	1.258479E+02	
429	1.740661E+02	1.259765E+02	1.267283E+02	
430	1.727721E+02	1.279287E+02	1.262979E+02	
431	1.760028E+02	1.251817E+02	1.251760E+02	
432	1.725940E+02	1.278367E+02	1.251154E+02	
433	1.815180E+02	1.302841E+02	1.234670E+02	
434	1.665757E+02	1.267623E+02	1.252227E+02	
435	1.833801E+02	1.266036E+02	1.233668E+02	
436	1.751663E+02	1.257468E+02	1.240762E+02	
437	1.721983E+02	1.271812E+02	1.235407E+02	
438	1.869168E+02	1.257513E+02	1.236118E+02	
439	1.750682E+02	1.258548E+02	1.254337E+02	
440	1.929594E+02	1.267237E+02	1.249040E+02	
441	1.666668E+02	1.272242E+02	1.246426E+02	
442	1.882136E+02	1.290342E+02	1.237021E+02	
443	1.993076E+02	1.260202E+02	1.200078E+02	
444	1.958566E+02	1.293531E+02	1.250317E+02	
445	1.992303E+02	1.275424E+02	1.225207E+02	
446	1.913596E+02	1.283018E+02	1.235971E+02	
447	1.968315E+02	1.290688E+02	1.210932E+02	
448	1.743743E+02	1.281947E+02	1.223398E+02	
449	1.891027E+02	1.277473E+02	1.231837E+02	
450	1.734149E+02	1.286742E+02	1.220783E+02	
451	1.723889E+02	1.289384E+02	1.228858E+02	
452	1.914899E+02	1.273444E+02	1.241550E+02	
453	1.718361E+02	1.299921E+02	1.249800E+02	
454	1.769226E+02	1.295126E+02	1.229576E+02	
455	1.727630E+02	1.310075E+02	1.237959E+02	
456	1.649406E+02	1.308743E+02	1.221319E+02	
457	1.657100E+02	1.301502E+02	1.216714E+02	
458	1.833632E+02	1.296435E+02	1.211080E+02	
459	1.769644E+02	1.297934E+02	1.232721E+02	
460	1.754600E+02	1.316720E+02	1.212508E+02	
461	1.698918E+02	1.316695E+02	1.214591E+02	
462	1.524398E+02	1.283675E+02	1.192489E+02	
463	1.762157E+02	1.260933E+02	1.230239E+02	
464	1.869319E+02	1.232505E+02	1.200771E+02	
465	1.678844E+02	1.294712E+02	1.214479E+02	
466	1.962941E+02	1.250608E+02	1.223604E+02	
467	1.914945E+02	1.290415E+02	1.224435E+02	
468	1.970362E+02	1.248406E+02	1.226891E+02	
469	2.000120E+02	1.297170E+02	1.209971E+02	
470	1.779140E+02	1.235218E+02	1.231808E+02	
471	1.948942E+02	1.275299E+02	1.240632E+02	
472	2.037379E+02	1.281032E+02	1.213211E+02	
473	2.100580E+02	1.284605E+02	1.216035E+02	
474	1.897091E+02	1.301662E+02	1.217322E+02	
475	1.601875E+02	1.283499E+02	1.245591E+02	
476	1.878072E+02	1.311471E+02	1.163456E+02	
477	2.055252E+02	1.290475E+02	1.248531E+02	
478	1.451319E+02	1.325938E+02	1.233764E+02	
479	1.737759E+02	1.330696E+02	1.181054E+02	
480	1.336828E+02	1.294507E+02	1.249873E+02	
481	1.500583E+02	1.302048E+02	1.220425E+02	
482	1.637411E+02	1.223133E+02	1.260178E+02	
483	1.840594E+02	1.228379E+02	1.205666E+02	
484	1.445687E+02	1.205468E+02	1.198360E+02	
485	1.566350E+02	1.212470E+02	1.226208E+02	
486	1.259603E+02	1.178839E+02	1.274228E+02	
487	1.438340E+02	1.250099E+02	1.214643E+02	
488	2.892165E+02	1.230808E+02	1.294417E+02	
489	1.510836E+02	1.241134E+02	1.238572E+02	
490	2.892165E+02	1.218809E+02	1.254509E+02	
491	7.240730E+01	1.218347E+02	1.245819E+02	
492	2.892165E+02	1.280248E+02	1.233211E+02	
493	0.000000E+00	1.298313E+02	1.363848E+02	
494	2.169468E+02	1.252544E+02	1.185831E+02	
495	0.000000E+00	1.146551E+02	1.327148E+02	
496	1.808119E+02	1.222942E+02	1.235724E+02	
497	0.000000E+00	1.349942E+02	1.141786E+02	
498	7.240730E+01	1.313593E+02	1.192047E+02	
499	0.000000E+00	1.254922E+02	1.233872E+02	
500	0.000000E+00	0.000000E+00	0.000000E+00	
501	7.240730E+01	1.304479E+02	1.216976E+02	
502	0.000000E+00	0.000000E+00	0.000000E+00	
503	7.240730E+01	1.318749E+02	1.304339E+02	
504	0.000000E+00	0.000000E+00	0.000000E+00	
505	7.240730E+01	1.391799E+02	1.255922E+02	
506	0.000000E+00	1.074636E+02	8.958841E+01	
507	0.000000E+00	0.000000E+00	0.000000E+00	
508	7.240730E+01	1.497371E+02	1.180647E+02	
509	0.000000E+00	0.000000E+00	0.000000E+00	
510	0.000000E+00	1.423235E+02	1.114429E+02	
511	0.000000E+00	0.000000E+00	0.000000E+00	
512	0.000000E+00	1.420676E+02	1.075483E+02	
513	0.000000E+00	0.000000E+00	0.000000E+00	
514	0.000000E+00	0.000000E+00	0.000000E+00	
515	0.000000E+00	1.547594E+02	8.552685E+01	
516	0.000000E+00	0.000000E+00	0.000000E+00	
517	0.000000E+00	1.497897E+02	9.037634E+01	
518	0.000000E+00	0.000000E+00	0.000000E+00	
519	0.000000E+00	1.867118E+02	5.609142E+01	
520	0.000000E+00	0.000000E+00	0.000000E+00	
521	0.000000E+00	0.000000E+00	0.000000E+00	
522	0.000000E+00	0.000000E+00	0.000000E+00	
523	0.000000E+00	0.000000E+00	0.000000E+00	
524	0.000000E+00	0.000000E+00	0.000000E+00	
525	0.000000E+00	0.000000E+00	0.000000E+00	
526	0.000000E+00	0.000000E+00	0.000000E+00	
527	0.000000E+00	0.000000E+00	0.000000E+00	
528	0.000000E+00	0.000000E+00	0.000000E+00	
529	0.000000E+00	0.000000E+00	0.000000E+00	
530	0.000000E+00	0.000000E+00	0.000000E+00	
531	0.000000E+00	0.000000E+00	0.000000E+00	
532	0.000000E+00	0.000000E+00	0.000000E+00	
533	0.000000E+00	0.000000E+00	0.000000E+00	
534	0.000000E+00	0.000000E+00	0.000000E+00	
535	0.000000E+00	0.000000E+00	0.000000E+00	
536	0.000000E+00	0.000000E+00	0.000000E+00	
537	0.000000E+00	0.000000E+00	0.000000E+00	
538	0.000000E+00	0.000000E+00	0.000000E+00	
539	0.000000E+00	0.000000E+00	0.000000E+00	
540	0.000000E+00	0.000000E+00	0.000000E+00	
541	0.000000E+00	0.000000E+00	0.000000E+00	
542	0.000000E+00	0.000000E+00	0.000000E+00	
543	0.000000E+00	0.000000E+00	0.000000E+00	
544	0.000000E+00	0.000000E+00	0.000000E+00	
545	0.000000E+00	0.000000E+00	0.000000E+00	
546	0.000000E+00	0.000000E+00	0.000000E+00	
547	0.000000E+00	0.000000E+00	0.000000E+00	
548	0.000000E+00	0.000000E+00	0.000000E+00	
549	0.000000E+00	0.000000E+00	0.000000E+00	
550	0.000000E+00	0.000000E+00	0.000000E+00	
551	0.000000E+00	0.000000E+00	0.000000E+00	
552	0.000000E+00	0.000000E+00	0.000000E+00	
553	0.000000E+00	0.000000E+00	0.000000E+00	
554	0.000000E+00	0.000000E+00	0.000000E+00	
555	0.000000E+00	0.000000E+00	0.000000E+00	
556	0.000000E+00	0.000000E+00	0.000000E+00	
557	0.000000E+00	0.000000E+00	0.000000E+00	
558	0.000000E+00	0.000000E+00	0.000000E+00	
559	0.000000E+00	0.000000E+00	0.000000E+00	
560	0.000000E+00	0.000000E+00	0.000000E+00	
561	0.000000E+00	0.000000E+00	0.000000E+00	
562	0.000000E+00	0.000000E+00	0.000000E+00	
563	0.000000E+00	0.000000E+00	0.000000E+00	
564	0.000000E+00	0.000000E+00	0.000000E+00	
565	0.000000E+00	0.000000E+00	0.000000E+00	
566	0.000000E+00	0.000000E+00	0.000000E+00	
567	0.000000E+00	0.000000E+00	0.000000E+00	
568	0.000000E+00	0.000000E+00	0.000000E+00	
569	0.000000E+00	0.000000E+00	0.000000E+00	
570	0.000000E+00	0.000000E+00	0.000000E+00	
571	0.000000E+00	0.000000E+00	0.000000E+00	
572	0.000000E+00	0.000000E+00	0.000000E+00	
573	0.000000E+00	0.000000E+00	0.000000E+00	
574	0.000000E+00	0.000000E+00	0.000000E+00	
575	0.000000E+00	0.000000E+00	0.000000E+00	
576	0.000000E+00	0.000000E+00	0.000000E+00	
577	0.000000E+00	0.000000E+00	0.000000E+00	
578	0.000000E+00	0.000000E+00	0.000000E+00	
579	0.000000E+00	0.000000E+00	0.000000E+00	
580	0.000000E+00	0.000000E+00	0.000000E+00	
581	0.000000E+00	0.000000E+00	0.000000E+00	
582	0.000000E+00	0.000000E+00	0.000000E+00	
583	0.000000E+00	0.000000E+00	0.000000E+00	
584	0.000000E+00	0.000000E+00	0.000000E+00	
585	0.000000E+00	0.000000E+00	0.000000E+00	
586	0.000000E+00	0.000000E+00	0.000000E+00	
587	0.000000E+00	0.000000E+00	0.000000E+00	
588	0.000000E+00	0.000000E+00	0.000000E+00	
589	0.000000E+00	0.000000E+00	0.000000E+00	
590	0.000000E+00	0.000000E+00	0.000000E+00	
591	0.000000E+00	0.000000E+00	0.000000E+00	
592	0.000000E+00	0.000000E+00	0.000000E+00	
593	0.000000E+00	0.000000E+00	0.000000E+00	
594	0.000000E+00	0.000000E+00	0.000000E+00	
595	0.000000E+00	0.000000E+00	0.000000E+00	
596	0.000000E+00	0.000000E+00	0.000000E+00	
597	0.000000E+00	0.000000E+00	0.000000E+00	
598	0.000000E+00	0.000000E+00	0.000000E+00	
599	0.000000E+00	0.000000E+00	0.000000E+00	
#NewRun
