#COM_Bin	Avg_cosine_squared
#Order is chain type
0	0	0	0	
1	0	0	0	
2	0	0	0	
3	0	0	0	
4	3.437357E-01	3.288679E-01	4.331572E-01	
5	3.338590E-01	3.324516E-01	4.510629E-01	
6	3.323307E-01	3.171645E-01	3.126644E-01	
7	0	0	0	
8	3.312424E-01	3.290968E-01	3.699992E-01	
9	3.340927E-01	3.341449E-01	3.339411E-01	
10	0	0	0	
11	3.276074E-01	3.431662E-01	2.205279E-01	
12	3.326701E-01	3.334511E-01	3.501035E-01	
13	3.395257E-01	3.385012E-01	2.188101E-01	
14	3.308932E-01	3.336707E-01	2.330961E-01	
15	0	0	0	
16	3.387516E-01	3.324062E-01	2.831381E-01	
17	3.346550E-01	3.288107E-01	2.506037E-01	
18	3.376075E-01	3.322582E-01	2.465256E-01	
19	3.381374E-01	3.335715E-01	1.875949E-01	
20	3.360178E-01	3.312398E-01	2.471352E-01	
21	3.344983E-01	3.317248E-01	2.385711E-01	
22	3.287553E-01	3.322832E-01	1.946915E-01	
23	3.314924E-01	3.305373E-01	1.944755E-01	
24	3.375651E-01	3.327246E-01	2.632530E-01	
25	3.325236E-01	3.297674E-01	2.552714E-01	
26	3.398063E-01	3.349840E-01	2.347113E-01	
27	3.313195E-01	3.364966E-01	2.564925E-01	
28	3.355576E-01	3.303775E-01	2.433626E-01	
29	3.333053E-01	3.318287E-01	2.722755E-01	
30	3.341993E-01	3.318964E-01	2.801356E-01	
31	3.283744E-01	3.300305E-01	2.511615E-01	
32	3.296859E-01	3.316929E-01	2.808621E-01	
33	3.278288E-01	3.303361E-01	2.970645E-01	
34	3.268031E-01	3.311143E-01	3.114358E-01	
35	3.256978E-01	3.337580E-01	2.818935E-01	
36	3.251362E-01	3.303233E-01	3.377784E-01	
37	3.255863E-01	3.282384E-01	3.014815E-01	
38	3.179760E-01	3.278544E-01	2.982794E-01	
39	3.211451E-01	3.256578E-01	2.988235E-01	
40	3.249647E-01	3.280311E-01	3.418547E-01	
41	3.219082E-01	3.257017E-01	3.292463E-01	
42	3.221483E-01	3.252660E-01	3.031556E-01	
43	3.192376E-01	3.243799E-01	3.256012E-01	
44	3.200418E-01	3.243547E-01	3.246820E-01	
45	3.217901E-01	3.233029E-01	3.209221E-01	
46	3.187257E-01	3.220437E-01	3.190417E-01	
47	3.239701E-01	3.219568E-01	3.197737E-01	
48	3.197553E-01	3.226048E-01	3.362671E-01	
49	3.205608E-01	3.214265E-01	3.115576E-01	
50	3.171380E-01	3.204880E-01	3.111063E-01	
51	3.202452E-01	3.177213E-01	3.335063E-01	
52	3.171133E-01	3.190727E-01	3.233393E-01	
53	3.170706E-01	3.165888E-01	3.125484E-01	
54	3.153771E-01	3.166688E-01	3.089797E-01	
55	3.173895E-01	3.160055E-01	3.069828E-01	
56	3.129019E-01	3.133835E-01	3.054428E-01	
57	3.148852E-01	3.138692E-01	3.106047E-01	
58	3.130732E-01	3.115027E-01	3.077396E-01	
59	3.143466E-01	3.137570E-01	3.252287E-01	
60	3.111122E-01	3.114063E-01	3.034104E-01	
61	3.121735E-01	3.108947E-01	3.134805E-01	
62	3.102965E-01	3.086325E-01	3.174517E-01	
63	3.094547E-01	3.096829E-01	3.204797E-01	
64	3.086895E-01	3.101050E-01	3.027066E-01	
65	3.082619E-01	3.089733E-01	3.040459E-01	
66	3.088715E-01	3.119452E-01	3.069701E-01	
67	3.067287E-01	3.095648E-01	3.108964E-01	
68	3.076794E-01	3.096260E-01	2.999085E-01	
69	3.070234E-01	3.092994E-01	3.004916E-01	
70	3.056661E-01	3.093887E-01	2.984596E-01	
71	3.051828E-01	3.089710E-01	3.023880E-01	
72	3.062469E-01	3.098558E-01	2.935811E-01	
73	3.044736E-01	3.089998E-01	2.941066E-01	
74	3.043571E-01	3.077795E-01	2.912459E-01	
75	3.048492E-01	3.102386E-01	2.899799E-01	
76	3.054563E-01	3.087752E-01	2.876847E-01	
77	3.048822E-01	3.088913E-01	2.903179E-01	
78	3.039722E-01	3.091134E-01	2.819199E-01	
79	3.040426E-01	3.089778E-01	2.790701E-01	
80	3.047455E-01	3.085811E-01	2.741270E-01	
81	3.051033E-01	3.096941E-01	2.806623E-01	
82	3.030257E-01	3.088446E-01	2.756400E-01	
83	3.059561E-01	3.105415E-01	2.781464E-01	
84	3.054912E-01	3.107160E-01	2.750857E-01	
85	3.052282E-01	3.114187E-01	2.741350E-01	
86	3.052549E-01	3.133180E-01	2.743439E-01	
87	3.058777E-01	3.136211E-01	2.744454E-01	
88	3.074724E-01	3.142025E-01	2.692173E-01	
89	3.089755E-01	3.150369E-01	2.715937E-01	
90	3.079247E-01	3.163776E-01	2.642040E-01	
91	3.108926E-01	3.176620E-01	2.642691E-01	
92	3.105615E-01	3.177412E-01	2.632309E-01	
93	3.131917E-01	3.195620E-01	2.588744E-01	
94	3.129810E-01	3.191530E-01	2.596124E-01	
95	3.138318E-01	3.221859E-01	2.594042E-01	
96	3.173912E-01	3.224165E-01	2.568367E-01	
97	3.192641E-01	3.251165E-01	2.559302E-01	
98	3.193181E-01	3.270415E-01	2.551655E-01	
99	3.237177E-01	3.297631E-01	2.530131E-01	
100	3.243505E-01	3.318364E-01	2.542710E-01	
101	3.268442E-01	3.340018E-01	2.565550E-01	
102	3.298882E-01	3.360571E-01	2.533097E-01	
103	3.312915E-01	3.378779E-01	2.535090E-01	
104	3.335984E-01	3.401096E-01	2.557079E-01	
105	3.354325E-01	3.449206E-01	2.531531E-01	
106	3.392619E-01	3.460826E-01	2.522683E-01	
107	3.416573E-01	3.507041E-01	2.522850E-01	
108	3.442491E-01	3.532392E-01	2.570101E-01	
109	3.468652E-01	3.546583E-01	2.515986E-01	
110	3.512899E-01	3.601992E-01	2.485507E-01	
111	3.530795E-01	3.617678E-01	2.495400E-01	
112	3.565840E-01	3.658752E-01	2.560192E-01	
113	3.609102E-01	3.690555E-01	2.536410E-01	
114	3.639723E-01	3.723637E-01	2.518975E-01	
115	3.673707E-01	3.762439E-01	2.518550E-01	
116	3.705947E-01	3.789685E-01	2.545013E-01	
117	3.743937E-01	3.855793E-01	2.555877E-01	
118	3.786045E-01	3.886643E-01	2.519858E-01	
119	3.814984E-01	3.930589E-01	2.520782E-01	
120	3.848878E-01	3.965924E-01	2.556216E-01	
121	3.893529E-01	4.005748E-01	2.568801E-01	
122	3.938147E-01	4.052191E-01	2.578007E-01	
123	3.960764E-01	4.106697E-01	2.569224E-01	
124	4.016391E-01	4.139378E-01	2.577435E-01	
125	4.058786E-01	4.185601E-01	2.583584E-01	
126	4.094578E-01	4.238636E-01	2.604913E-01	
127	4.138695E-01	4.279891E-01	2.621756E-01	
128	4.183356E-01	4.318583E-01	2.620490E-01	
129	4.231996E-01	4.369600E-01	2.640747E-01	
130	4.266762E-01	4.417703E-01	2.676562E-01	
131	4.308395E-01	4.453869E-01	2.677623E-01	
132	4.354879E-01	4.504285E-01	2.706772E-01	
133	4.420141E-01	4.570254E-01	2.734162E-01	
134	4.467020E-01	4.621850E-01	2.750262E-01	
135	4.520427E-01	4.667526E-01	2.787481E-01	
136	4.589980E-01	4.710241E-01	2.811493E-01	
137	4.635900E-01	4.766740E-01	2.832080E-01	
138	4.708749E-01	4.836802E-01	2.869601E-01	
139	4.717475E-01	4.888876E-01	2.887588E-01	
140	4.811158E-01	4.923612E-01	2.890827E-01	
141	4.870357E-01	4.986662E-01	2.946962E-01	
142	4.928573E-01	5.033482E-01	2.963933E-01	
143	4.969848E-01	5.057128E-01	3.013321E-01	
144	5.072961E-01	5.139139E-01	3.029862E-01	
145	5.101604E-01	5.168960E-01	3.068668E-01	
146	5.163497E-01	5.243990E-01	3.096666E-01	
147	5.215949E-01	5.309664E-01	3.140130E-01	
148	5.288727E-01	5.333756E-01	3.167935E-01	
149	5.343876E-01	5.404175E-01	3.198908E-01	
150	5.374032E-01	5.472031E-01	3.240155E-01	
151	5.449871E-01	5.519619E-01	3.276530E-01	
152	5.529431E-01	5.562529E-01	3.310621E-01	
153	5.579960E-01	5.620968E-01	3.361597E-01	
154	5.670427E-01	5.674985E-01	3.378020E-01	
155	5.739220E-01	5.719284E-01	3.419163E-01	
156	5.779076E-01	5.784576E-01	3.473512E-01	
157	5.863940E-01	5.818861E-01	3.478106E-01	
158	5.897627E-01	5.892485E-01	3.491571E-01	
159	6.002798E-01	5.939132E-01	3.541831E-01	
160	6.076004E-01	5.994999E-01	3.569747E-01	
161	6.060760E-01	6.064936E-01	3.575643E-01	
162	6.152977E-01	6.127604E-01	3.567736E-01	
163	6.187380E-01	6.124129E-01	3.623188E-01	
164	6.294438E-01	6.214771E-01	3.628197E-01	
165	6.374615E-01	6.225399E-01	3.676389E-01	
166	6.373877E-01	6.267500E-01	3.675732E-01	
167	6.365948E-01	6.323561E-01	3.687803E-01	
168	6.496252E-01	6.327051E-01	3.716567E-01	
169	6.505432E-01	6.398785E-01	3.731437E-01	
170	6.533232E-01	6.446731E-01	3.751606E-01	
171	6.616154E-01	6.464623E-01	3.761446E-01	
172	6.604197E-01	6.479617E-01	3.799846E-01	
173	6.651309E-01	6.563280E-01	3.754473E-01	
174	6.739693E-01	6.578156E-01	3.804316E-01	
175	6.829284E-01	6.547858E-01	3.828834E-01	
176	6.824302E-01	6.622010E-01	3.879844E-01	
177	6.944880E-01	6.691035E-01	3.836648E-01	
178	6.906518E-01	6.655148E-01	3.919558E-01	
179	7.012182E-01	6.713827E-01	3.874965E-01	
180	6.990816E-01	6.761835E-01	3.880266E-01	
181	7.124199E-01	6.727272E-01	3.886751E-01	
182	7.095122E-01	6.785433E-01	3.925091E-01	
183	7.142048E-01	6.737155E-01	3.915792E-01	
184	7.141643E-01	6.734357E-01	3.942164E-01	
185	7.269305E-01	6.843733E-01	3.930829E-01	
186	7.220031E-01	6.765907E-01	3.923165E-01	
187	7.268963E-01	6.778149E-01	3.928825E-01	
188	7.415712E-01	6.783601E-01	3.940302E-01	
189	7.285447E-01	6.809882E-01	3.903596E-01	
190	7.385145E-01	6.809181E-01	3.922022E-01	
191	7.532947E-01	6.803053E-01	3.936603E-01	
192	7.380384E-01	6.845665E-01	3.939526E-01	
193	7.508198E-01	6.737338E-01	3.940916E-01	
194	7.541958E-01	6.723827E-01	3.927403E-01	
195	7.561635E-01	6.766703E-01	3.945407E-01	
196	7.548740E-01	6.826021E-01	3.909722E-01	
197	7.615899E-01	6.710674E-01	3.912018E-01	
198	7.649682E-01	6.733887E-01	3.896018E-01	
199	7.586427E-01	6.641660E-01	3.853549E-01	
200	7.683500E-01	6.687280E-01	3.843010E-01	
201	7.790277E-01	6.621394E-01	3.861604E-01	
202	7.764286E-01	6.663166E-01	3.848728E-01	
203	7.725602E-01	6.715624E-01	3.844158E-01	
204	7.803183E-01	6.656122E-01	3.824417E-01	
205	7.860849E-01	6.680146E-01	3.790979E-01	
206	7.838595E-01	6.490067E-01	3.818205E-01	
207	7.878210E-01	6.359960E-01	3.797932E-01	
208	8.069957E-01	6.516685E-01	3.782794E-01	
209	7.914694E-01	6.306393E-01	3.796635E-01	
210	7.862073E-01	6.313916E-01	3.791465E-01	
211	7.987275E-01	6.279424E-01	3.764363E-01	
212	7.844973E-01	6.408432E-01	3.768149E-01	
213	8.009510E-01	6.264087E-01	3.758703E-01	
214	7.915047E-01	6.337220E-01	3.723198E-01	
215	8.004730E-01	6.149966E-01	3.738448E-01	
216	7.884179E-01	6.330563E-01	3.663271E-01	
217	8.025016E-01	6.222212E-01	3.711252E-01	
218	7.855336E-01	6.206377E-01	3.686929E-01	
219	8.003877E-01	6.247466E-01	3.664360E-01	
220	7.843507E-01	6.103405E-01	3.630282E-01	
221	8.153675E-01	5.978795E-01	3.636925E-01	
222	8.080197E-01	5.872150E-01	3.642444E-01	
223	7.960078E-01	5.787859E-01	3.612295E-01	
224	8.098740E-01	5.792312E-01	3.622225E-01	
225	7.986840E-01	5.612600E-01	3.614880E-01	
226	8.126513E-01	5.569830E-01	3.556297E-01	
227	8.238908E-01	5.458773E-01	3.626519E-01	
228	8.175830E-01	5.232150E-01	3.567679E-01	
229	8.103185E-01	5.150351E-01	3.543192E-01	
230	8.311748E-01	5.234853E-01	3.541655E-01	
231	8.067783E-01	5.571202E-01	3.532449E-01	
232	7.996139E-01	5.367309E-01	3.535915E-01	
233	8.277658E-01	4.833209E-01	3.496481E-01	
234	8.051254E-01	5.092236E-01	3.476471E-01	
235	8.389859E-01	4.657062E-01	3.456522E-01	
236	8.299261E-01	4.780945E-01	3.470384E-01	
237	8.592583E-01	4.760826E-01	3.455319E-01	
238	8.509544E-01	4.957249E-01	3.433886E-01	
239	8.807236E-01	4.583735E-01	3.428302E-01	
240	8.076486E-01	4.842397E-01	3.392800E-01	
241	8.214330E-01	4.735498E-01	3.384168E-01	
242	8.261160E-01	4.701713E-01	3.412011E-01	
243	8.329445E-01	4.678995E-01	3.391743E-01	
244	8.313458E-01	4.683226E-01	3.356527E-01	
245	8.206693E-01	4.496917E-01	3.343291E-01	
246	8.030030E-01	4.457317E-01	3.363998E-01	
247	8.484363E-01	4.756388E-01	3.338609E-01	
248	8.180210E-01	4.526755E-01	3.297935E-01	
249	8.245967E-01	4.259110E-01	3.280437E-01	
250	8.377717E-01	4.400585E-01	3.298913E-01	
251	8.158210E-01	4.325832E-01	3.287342E-01	
252	8.184829E-01	4.202096E-01	3.265597E-01	
253	8.019267E-01	4.113738E-01	3.233915E-01	
254	8.126919E-01	4.176910E-01	3.247421E-01	
255	7.837152E-01	4.147015E-01	3.217218E-01	
256	8.404653E-01	3.957883E-01	3.193930E-01	
257	8.095840E-01	4.207975E-01	3.163732E-01	
258	8.485037E-01	4.028370E-01	3.172953E-01	
259	8.115446E-01	3.907765E-01	3.157310E-01	
260	8.133110E-01	4.034779E-01	3.125980E-01	
261	8.352825E-01	3.739647E-01	3.124023E-01	
262	7.955318E-01	3.690794E-01	3.105900E-01	
263	8.894961E-01	3.895186E-01	3.099427E-01	
264	8.343615E-01	3.551639E-01	3.089994E-01	
265	7.831209E-01	3.763491E-01	3.052773E-01	
266	8.376298E-01	3.582140E-01	3.087278E-01	
267	8.126484E-01	3.614467E-01	3.081586E-01	
268	8.355615E-01	3.460337E-01	3.054168E-01	
269	8.705937E-01	3.669445E-01	3.019450E-01	
270	8.109151E-01	3.526917E-01	3.038074E-01	
271	9.048707E-01	3.445851E-01	3.038911E-01	
272	9.065338E-01	3.449283E-01	3.013629E-01	
273	9.148435E-01	3.414158E-01	2.995961E-01	
274	9.327890E-01	3.509231E-01	2.988558E-01	
275	8.742700E-01	3.360328E-01	2.999124E-01	
276	9.270282E-01	3.310867E-01	2.939729E-01	
277	8.558104E-01	3.331768E-01	2.938964E-01	
278	9.460165E-01	3.373318E-01	2.948783E-01	
279	9.241213E-01	3.241326E-01	2.919494E-01	
280	7.739557E-01	3.287857E-01	2.913272E-01	
281	9.329034E-01	3.290437E-01	2.915729E-01	
282	8.998803E-01	3.236126E-01	2.888329E-01	
283	8.062524E-01	3.206389E-01	2.892236E-01	
284	8.950779E-01	3.025488E-01	2.895912E-01	
285	7.776903E-01	2.852677E-01	2.865557E-01	
286	8.631497E-01	3.216545E-01	2.873956E-01	
287	7.796888E-01	2.998724E-01	2.860198E-01	
288	9.025429E-01	2.963597E-01	2.848258E-01	
289	9.236697E-01	3.037649E-01	2.830427E-01	
290	7.885084E-01	3.158452E-01	2.841394E-01	
291	9.554027E-01	3.310590E-01	2.877255E-01	
292	8.908021E-01	2.906153E-01	2.830791E-01	
293	9.158744E-01	2.991936E-01	2.807535E-01	
294	9.223839E-01	2.811939E-01	2.821907E-01	
295	8.408591E-01	3.143980E-01	2.823297E-01	
296	9.866925E-01	2.764327E-01	2.836796E-01	
297	9.113702E-01	3.002003E-01	2.851620E-01	
298	8.798542E-01	2.869781E-01	2.873869E-01	
299	8.870725E-01	2.912318E-01	2.823775E-01	
300	8.140839E-01	3.042090E-01	2.880595E-01	
301	9.362206E-01	2.904959E-01	2.833956E-01	
302	9.278626E-01	2.944277E-01	2.858471E-01	
303	9.207003E-01	2.895617E-01	2.880025E-01	
304	8.677359E-01	2.965606E-01	2.845291E-01	
305	9.683979E-01	2.830962E-01	2.881376E-01	
306	8.975118E-01	2.845546E-01	2.858096E-01	
307	8.424552E-01	2.858209E-01	2.864077E-01	
308	8.920462E-01	2.833555E-01	2.882840E-01	
309	8.773500E-01	2.963142E-01	2.876449E-01	
310	8.301203E-01	2.624312E-01	2.870648E-01	
311	8.955657E-01	3.012918E-01	2.871764E-01	
312	7.557312E-01	2.811411E-01	2.864036E-01	
313	7.171805E-01	2.851223E-01	2.869289E-01	
314	9.543494E-01	2.779401E-01	2.882130E-01	
315	7.955062E-01	2.746381E-01	2.874788E-01	
316	8.109112E-01	2.997761E-01	2.857100E-01	
317	8.418730E-01	3.071174E-01	2.862062E-01	
318	0	3.010931E-01	2.873339E-01	
319	8.804835E-01	2.929708E-01	2.850852E-01	
320	0	2.963290E-01	2.852740E-01	
321	8.728262E-01	3.064575E-01	2.868662E-01	
322	0	3.099287E-01	2.866680E-01	
323	9.134825E-01	3.025514E-01	2.872379E-01	
324	0	3.052857E-01	2.877731E-01	
325	0	2.931634E-01	2.888702E-01	
326	0	2.831637E-01	2.877031E-01	
327	0	2.817074E-01	2.845139E-01	
328	8.775862E-01	2.870695E-01	2.867037E-01	
329	0	2.938136E-01	2.850735E-01	
330	8.974487E-01	2.768615E-01	2.860244E-01	
331	8.605682E-01	2.901987E-01	2.854039E-01	
332	8.648258E-01	2.876847E-01	2.860529E-01	
333	8.786100E-01	3.149832E-01	2.851402E-01	
334	8.639303E-01	3.048530E-01	2.847213E-01	
335	8.610653E-01	2.882705E-01	2.821123E-01	
336	8.956288E-01	2.921338E-01	2.864896E-01	
337	7.831408E-01	2.893788E-01	2.849590E-01	
338	8.515750E-01	2.999156E-01	2.838977E-01	
339	8.544819E-01	2.862529E-01	2.858161E-01	
340	8.071248E-01	3.034665E-01	2.831528E-01	
341	7.309240E-01	3.125520E-01	2.825841E-01	
342	8.496606E-01	3.000642E-01	2.837679E-01	
343	8.654930E-01	2.931083E-01	2.795081E-01	
344	0	2.877598E-01	2.827079E-01	
345	7.678748E-01	2.936469E-01	2.815833E-01	
346	9.291729E-01	2.639291E-01	2.791953E-01	
347	7.962487E-01	2.681981E-01	2.801176E-01	
348	0	2.710917E-01	2.817464E-01	
349	0	2.842624E-01	2.797843E-01	
350	9.379253E-01	2.755649E-01	2.800317E-01	
351	0	2.780306E-01	2.784817E-01	
352	0	2.766225E-01	2.796304E-01	
353	0	2.663240E-01	2.783705E-01	
354	0	2.965394E-01	2.805122E-01	
355	0	2.588914E-01	2.751344E-01	
356	9.440298E-01	2.607307E-01	2.771707E-01	
357	0	2.690208E-01	2.766094E-01	
358	9.792132E-01	2.693651E-01	2.771479E-01	
359	9.765575E-01	2.650223E-01	2.788549E-01	
360	9.639807E-01	2.684827E-01	2.751565E-01	
361	9.690057E-01	2.461954E-01	2.745042E-01	
362	0	2.478402E-01	2.754705E-01	
363	9.649782E-01	2.484705E-01	2.750827E-01	
364	0	2.585363E-01	2.730672E-01	
365	0	2.672457E-01	2.715576E-01	
366	0	2.638557E-01	2.725202E-01	
367	0	2.543442E-01	2.740216E-01	
368	0	2.561487E-01	2.723838E-01	
369	0	2.848206E-01	2.741386E-01	
370	0	2.662264E-01	2.728666E-01	
371	0	2.673310E-01	2.720406E-01	
372	0	2.689869E-01	2.755832E-01	
373	0	2.652379E-01	2.724879E-01	
374	0	2.626515E-01	2.758464E-01	
375	0	2.589239E-01	2.743096E-01	
376	0	2.843548E-01	2.745145E-01	
377	0	2.744787E-01	2.754818E-01	
378	0	2.759444E-01	2.754122E-01	
379	0	2.663980E-01	2.764409E-01	
380	0	2.587074E-01	2.759779E-01	
381	0	2.718152E-01	2.802086E-01	
382	0	2.641472E-01	2.744849E-01	
383	0	2.713485E-01	2.786470E-01	
384	0	2.693466E-01	2.756578E-01	
385	0	2.469847E-01	2.732058E-01	
386	0	2.579092E-01	2.804652E-01	
387	0	2.898861E-01	2.746553E-01	
388	0	2.638795E-01	2.769446E-01	
389	0	2.817095E-01	2.795458E-01	
390	0	2.956685E-01	2.774697E-01	
391	0	2.696054E-01	2.774321E-01	
392	0	2.567785E-01	2.778913E-01	
393	0	2.863359E-01	2.764680E-01	
394	0	2.529236E-01	2.762978E-01	
395	0	2.819887E-01	2.784578E-01	
396	0	2.701441E-01	2.792147E-01	
397	0	2.399768E-01	2.799789E-01	
398	0	2.828432E-01	2.798460E-01	
399	0	2.514029E-01	2.813440E-01	
400	0	2.639794E-01	2.785505E-01	
401	0	2.822954E-01	2.822272E-01	
402	0	2.665262E-01	2.889945E-01	
403	0	2.680619E-01	2.837075E-01	
404	0	2.640626E-01	2.849399E-01	
405	0	2.958393E-01	2.867052E-01	
406	0	3.258640E-01	2.861793E-01	
407	0	3.633539E-01	2.934845E-01	
408	0	2.934489E-01	2.909032E-01	
409	0	3.016219E-01	2.875582E-01	
410	0	3.299476E-01	3.000509E-01	
411	0	3.175492E-01	2.963779E-01	
412	0	2.907561E-01	2.912142E-01	
413	0	3.008896E-01	3.004806E-01	
414	0	2.654581E-01	2.935299E-01	
415	0	3.423970E-01	3.021870E-01	
416	0	3.247981E-01	2.933013E-01	
417	0	3.321517E-01	2.949525E-01	
418	0	3.186622E-01	2.969715E-01	
419	0	3.052436E-01	2.983671E-01	
420	0	2.945958E-01	2.957481E-01	
421	0	3.106081E-01	2.989026E-01	
422	0	2.920357E-01	3.044577E-01	
423	0	3.040613E-01	2.957534E-01	
424	0	3.349535E-01	2.972987E-01	
425	0	2.905974E-01	2.989307E-01	
426	0	3.275525E-01	2.986868E-01	
427	0	3.462960E-01	2.914409E-01	
428	0	3.004744E-01	2.965836E-01	
429	0	3.010609E-01	2.976465E-01	
430	0	3.316640E-01	2.972298E-01	
431	0	3.028677E-01	3.010687E-01	
432	0	3.437603E-01	2.949033E-01	
433	0	3.449884E-01	3.029427E-01	
434	0	3.581067E-01	2.962829E-01	
435	0	3.153438E-01	2.938454E-01	
436	0	3.563611E-01	2.978308E-01	
437	0	3.609653E-01	2.945887E-01	
438	0	3.529080E-01	2.983578E-01	
439	0	3.937173E-01	2.871900E-01	
440	0	3.342781E-01	3.027647E-01	
441	0	2.868657E-01	2.953374E-01	
442	0	3.469678E-01	2.992695E-01	
443	0	4.245349E-01	2.881373E-01	
444	0	3.333980E-01	2.996650E-01	
445	0	3.762352E-01	3.053822E-01	
446	0	3.481256E-01	3.018789E-01	
447	0	3.622227E-01	2.930475E-01	
448	0	3.659363E-01	3.028005E-01	
449	0	3.004979E-01	3.065239E-01	
450	0	4.003353E-01	3.048369E-01	
451	0	2.764409E-01	3.004675E-01	
452	0	3.308616E-01	3.064594E-01	
453	0	4.188258E-01	3.089599E-01	
454	0	3.572705E-01	3.072182E-01	
455	0	3.072122E-01	3.024910E-01	
456	0	2.857979E-01	3.127417E-01	
457	0	4.379572E-01	3.072121E-01	
458	0	3.379025E-01	3.253214E-01	
459	0	3.868628E-01	3.083426E-01	
460	0	3.446651E-01	3.114175E-01	
461	0	3.104288E-01	3.148011E-01	
462	0	4.420561E-01	3.052357E-01	
463	0	2.363695E-01	3.249828E-01	
464	0	3.691591E-01	3.074830E-01	
465	0	3.288167E-01	3.189372E-01	
466	0	3.582237E-01	3.241493E-01	
467	0	3.731584E-01	3.146777E-01	
468	0	3.233055E-01	3.286569E-01	
469	0	5.333159E-01	3.222976E-01	
470	0	4.542075E-01	3.366983E-01	
471	0	3.851341E-01	3.218646E-01	
472	0	5.054566E-01	3.434559E-01	
473	0	3.524585E-01	3.165210E-01	
474	0	4.653391E-01	3.397460E-01	
475	0	1.813284E-01	3.504760E-01	
476	0	4.407828E-01	3.317814E-01	
477	0	3.347483E-01	3.981727E-01	
478	0	3.508774E-01	3.239708E-01	
479	0	4.447951E-01	3.777191E-01	
480	0	3.006683E-01	3.366093E-01	
481	0	6.126371E-01	3.756387E-01	
482	0	2.748003E-01	3.615476E-01	
483	0	4.696934E-01	3.653816E-01	
484	0	3.488472E-01	4.668104E-01	
485	0	3.434191E-01	3.767786E-01	
486	0	3.415153E-01	4.558802E-01	
487	0	3.450195E-01	3.894228E-01	
488	0	2.678008E-01	4.537252E-01	
489	0	4.288173E-02	4.020658E-01	
490	0	3.493725E-01	4.318422E-01	
491	0	3.038202E-02	4.383374E-01	
492	0	3.618985E-01	4.302504E-01	
493	0	0	4.604582E-01	
494	0	3.894990E-01	4.492846E-01	
495	0	0	4.952852E-01	
496	0	5.792207E-01	4.592716E-01	
497	0	0	5.209019E-01	
498	0	5.813513E-01	4.660888E-01	
499	0	0	5.278202E-01	
500	0	0	0	
501	0	6.064167E-01	5.254060E-01	
502	0	0	0	
503	0	5.625487E-01	5.341208E-01	
504	0	0	0	
505	0	6.865076E-01	5.285259E-01	
506	0	0	6.013815E-01	
507	0	0	0	
508	0	6.253786E-01	5.842236E-01	
509	0	0	0	
510	0	6.209252E-01	6.104377E-01	
511	0	0	0	
512	0	6.189880E-01	6.217019E-01	
513	0	0	0	
514	0	0	0	
515	0	0	6.939839E-01	
516	0	0	0	
517	0	0	7.792582E-01	
518	0	0	0	
519	0	0	7.982120E-01	
520	0	0	0	
521	0	0	0	
522	0	0	0	
523	0	0	0	
524	0	0	0	
525	0	0	0	
526	0	0	0	
527	0	0	0	
528	0	0	0	
529	0	0	0	
530	0	0	0	
531	0	0	0	
532	0	0	0	
533	0	0	0	
534	0	0	0	
535	0	0	0	
536	0	0	0	
537	0	0	0	
538	0	0	0	
539	0	0	0	
540	0	0	0	
541	0	0	0	
542	0	0	0	
543	0	0	0	
544	0	0	0	
545	0	0	0	
546	0	0	0	
547	0	0	0	
548	0	0	0	
549	0	0	0	
550	0	0	0	
551	0	0	0	
552	0	0	0	
553	0	0	0	
554	0	0	0	
555	0	0	0	
556	0	0	0	
557	0	0	0	
558	0	0	0	
559	0	0	0	
560	0	0	0	
561	0	0	0	
562	0	0	0	
563	0	0	0	
564	0	0	0	
565	0	0	0	
566	0	0	0	
567	0	0	0	
568	0	0	0	
569	0	0	0	
570	0	0	0	
571	0	0	0	
572	0	0	0	
573	0	0	0	
574	0	0	0	
575	0	0	0	
576	0	0	0	
577	0	0	0	
578	0	0	0	
579	0	0	0	
580	0	0	0	
581	0	0	0	
582	0	0	0	
583	0	0	0	
584	0	0	0	
585	0	0	0	
586	0	0	0	
587	0	0	0	
588	0	0	0	
589	0	0	0	
590	0	0	0	
591	0	0	0	
592	0	0	0	
593	0	0	0	
594	0	0	0	
595	0	0	0	
596	0	0	0	
597	0	0	0	
598	0	0	0	
599	0	0	0	
#NewRun
0	0	0	0	
1	0	0	0	
2	0	0	0	
3	0	0	0	
4	3.272104E-01	3.256977E-01	2.870155E-01	
5	3.249676E-01	3.275374E-01	3.336715E-01	
6	3.283341E-01	3.248269E-01	3.257141E-01	
7	0	0	0	
8	3.371158E-01	3.344239E-01	3.641811E-01	
9	3.280620E-01	3.344841E-01	3.133171E-01	
10	0	0	0	
11	3.341838E-01	3.351307E-01	3.086915E-01	
12	3.250149E-01	3.331012E-01	2.781345E-01	
13	3.320139E-01	3.338057E-01	3.497072E-01	
14	3.280693E-01	3.328549E-01	3.152293E-01	
15	0	0	0	
16	3.378498E-01	3.369147E-01	3.014685E-01	
17	3.379410E-01	3.342393E-01	2.710597E-01	
18	3.341245E-01	3.336368E-01	3.013203E-01	
19	3.429300E-01	3.291336E-01	2.582469E-01	
20	3.380983E-01	3.303819E-01	3.052875E-01	
21	3.347908E-01	3.271376E-01	2.518807E-01	
22	3.336343E-01	3.310481E-01	2.852329E-01	
23	3.349387E-01	3.251750E-01	2.854779E-01	
24	3.298104E-01	3.230058E-01	2.831243E-01	
25	3.340647E-01	3.280731E-01	2.691880E-01	
26	3.342952E-01	3.278987E-01	2.552582E-01	
27	3.335143E-01	3.231384E-01	2.625501E-01	
28	3.345116E-01	3.253838E-01	2.756453E-01	
29	3.308904E-01	3.252146E-01	2.749395E-01	
30	3.365280E-01	3.274467E-01	2.711983E-01	
31	3.315426E-01	3.251105E-01	3.186963E-01	
32	3.344615E-01	3.258408E-01	2.717114E-01	
33	3.346177E-01	3.276058E-01	2.591363E-01	
34	3.312346E-01	3.233676E-01	3.183162E-01	
35	3.360169E-01	3.236110E-01	2.788566E-01	
36	3.350686E-01	3.251333E-01	2.841060E-01	
37	3.313268E-01	3.238869E-01	2.748363E-01	
38	3.331938E-01	3.257512E-01	2.904871E-01	
39	3.311833E-01	3.237332E-01	2.874533E-01	
40	3.325876E-01	3.224645E-01	2.877514E-01	
41	3.312875E-01	3.209849E-01	2.885448E-01	
42	3.306514E-01	3.217467E-01	3.132544E-01	
43	3.279175E-01	3.195990E-01	3.172889E-01	
44	3.306721E-01	3.194625E-01	2.822263E-01	
45	3.252998E-01	3.183112E-01	3.233507E-01	
46	3.265677E-01	3.189230E-01	2.932141E-01	
47	3.269111E-01	3.175054E-01	3.009889E-01	
48	3.228858E-01	3.192921E-01	3.018194E-01	
49	3.221086E-01	3.164714E-01	3.018789E-01	
50	3.191760E-01	3.156847E-01	3.189457E-01	
51	3.180950E-01	3.130033E-01	3.192456E-01	
52	3.173959E-01	3.153028E-01	3.239226E-01	
53	3.153653E-01	3.155607E-01	3.198304E-01	
54	3.159243E-01	3.138587E-01	3.251102E-01	
55	3.118133E-01	3.101855E-01	3.255022E-01	
56	3.122364E-01	3.138560E-01	3.221699E-01	
57	3.115313E-01	3.125070E-01	3.229008E-01	
58	3.110238E-01	3.096402E-01	3.216320E-01	
59	3.097080E-01	3.110930E-01	3.167388E-01	
60	3.073549E-01	3.111272E-01	3.120673E-01	
61	3.084580E-01	3.080054E-01	3.164274E-01	
62	3.082461E-01	3.077268E-01	3.187244E-01	
63	3.070650E-01	3.062950E-01	3.198169E-01	
64	3.055669E-01	3.084148E-01	3.174535E-01	
65	3.068090E-01	3.055755E-01	3.235376E-01	
66	3.068639E-01	3.056968E-01	3.193768E-01	
67	3.055617E-01	3.032941E-01	3.259316E-01	
68	3.049354E-01	3.046573E-01	3.136779E-01	
69	3.041474E-01	3.031518E-01	3.237414E-01	
70	3.028414E-01	3.037251E-01	3.192725E-01	
71	3.017646E-01	3.017346E-01	3.158354E-01	
72	3.042141E-01	3.024919E-01	3.175113E-01	
73	3.020359E-01	3.027947E-01	3.104856E-01	
74	3.012899E-01	3.009197E-01	3.129855E-01	
75	3.011618E-01	3.011892E-01	3.058192E-01	
76	3.023163E-01	3.016117E-01	3.041955E-01	
77	3.012566E-01	3.012859E-01	2.966933E-01	
78	3.001629E-01	3.022007E-01	3.015089E-01	
79	3.018666E-01	3.029240E-01	2.947278E-01	
80	3.031251E-01	3.026980E-01	2.954433E-01	
81	3.018690E-01	3.036108E-01	2.924879E-01	
82	3.011581E-01	3.039067E-01	2.895195E-01	
83	3.017307E-01	3.038439E-01	2.916411E-01	
84	3.041289E-01	3.031634E-01	2.867333E-01	
85	3.031110E-01	3.062625E-01	2.877064E-01	
86	3.026041E-01	3.054237E-01	2.822403E-01	
87	3.037710E-01	3.055516E-01	2.749907E-01	
88	3.046102E-01	3.077114E-01	2.752447E-01	
89	3.064096E-01	3.079921E-01	2.720161E-01	
90	3.065562E-01	3.099822E-01	2.677062E-01	
91	3.061900E-01	3.125457E-01	2.677883E-01	
92	3.078194E-01	3.108565E-01	2.678554E-01	
93	3.081660E-01	3.136104E-01	2.612432E-01	
94	3.095571E-01	3.156358E-01	2.640335E-01	
95	3.117207E-01	3.158744E-01	2.630918E-01	
96	3.121075E-01	3.186297E-01	2.587882E-01	
97	3.148116E-01	3.217080E-01	2.553899E-01	
98	3.164527E-01	3.226176E-01	2.573078E-01	
99	3.170881E-01	3.260861E-01	2.537480E-01	
100	3.192994E-01	3.281660E-01	2.527625E-01	
101	3.232633E-01	3.303759E-01	2.539141E-01	
102	3.249653E-01	3.338432E-01	2.487133E-01	
103	3.258995E-01	3.372567E-01	2.500488E-01	
104	3.296162E-01	3.395620E-01	2.505192E-01	
105	3.340082E-01	3.407397E-01	2.497666E-01	
106	3.372567E-01	3.450498E-01	2.515351E-01	
107	3.394435E-01	3.469882E-01	2.481165E-01	
108	3.425429E-01	3.505872E-01	2.508139E-01	
109	3.479710E-01	3.545451E-01	2.498880E-01	
110	3.511610E-01	3.586703E-01	2.495686E-01	
111	3.543899E-01	3.608689E-01	2.501372E-01	
112	3.574604E-01	3.666419E-01	2.500767E-01	
113	3.615118E-01	3.694108E-01	2.504302E-01	
114	3.653701E-01	3.733746E-01	2.507323E-01	
115	3.684786E-01	3.799046E-01	2.499803E-01	
116	3.724389E-01	3.825203E-01	2.523201E-01	
117	3.781081E-01	3.877151E-01	2.557914E-01	
118	3.824080E-01	3.904318E-01	2.558847E-01	
119	3.860173E-01	3.945319E-01	2.578649E-01	
120	3.908216E-01	3.993937E-01	2.595734E-01	
121	3.955100E-01	4.036111E-01	2.625726E-01	
122	3.999337E-01	4.078428E-01	2.623713E-01	
123	4.037365E-01	4.101539E-01	2.647771E-01	
124	4.091129E-01	4.160655E-01	2.665257E-01	
125	4.127507E-01	4.214147E-01	2.675460E-01	
126	4.181373E-01	4.249161E-01	2.691098E-01	
127	4.233564E-01	4.294527E-01	2.738265E-01	
128	4.257821E-01	4.342154E-01	2.737221E-01	
129	4.317226E-01	4.380247E-01	2.755201E-01	
130	4.369848E-01	4.441024E-01	2.782108E-01	
131	4.393111E-01	4.497826E-01	2.812628E-01	
132	4.466762E-01	4.529837E-01	2.831378E-01	
133	4.510267E-01	4.594612E-01	2.845101E-01	
134	4.560880E-01	4.634097E-01	2.893382E-01	
135	4.615447E-01	4.698556E-01	2.908848E-01	
136	4.679421E-01	4.747354E-01	2.927434E-01	
137	4.709939E-01	4.782823E-01	2.961349E-01	
138	4.763560E-01	4.841021E-01	2.974347E-01	
139	4.792861E-01	4.892745E-01	3.001659E-01	
140	4.867345E-01	4.904548E-01	3.000922E-01	
141	4.910925E-01	4.991729E-01	3.037357E-01	
142	4.940290E-01	5.035657E-01	3.091830E-01	
143	4.995534E-01	5.068972E-01	3.138126E-01	
144	5.070251E-01	5.135326E-01	3.125041E-01	
145	5.100758E-01	5.187052E-01	3.179301E-01	
146	5.168266E-01	5.234595E-01	3.216541E-01	
147	5.245570E-01	5.266998E-01	3.222337E-01	
148	5.276692E-01	5.356364E-01	3.256000E-01	
149	5.344369E-01	5.390312E-01	3.279152E-01	
150	5.414045E-01	5.452844E-01	3.321040E-01	
151	5.439332E-01	5.500468E-01	3.338220E-01	
152	5.498834E-01	5.524008E-01	3.332020E-01	
153	5.580588E-01	5.596609E-01	3.372928E-01	
154	5.585600E-01	5.664865E-01	3.420030E-01	
155	5.648962E-01	5.699573E-01	3.442525E-01	
156	5.721358E-01	5.733199E-01	3.454211E-01	
157	5.787662E-01	5.797596E-01	3.482066E-01	
158	5.826815E-01	5.860562E-01	3.482380E-01	
159	5.889591E-01	5.905407E-01	3.544464E-01	
160	5.946130E-01	5.943758E-01	3.556527E-01	
161	5.970890E-01	5.992401E-01	3.573794E-01	
162	6.020660E-01	6.026969E-01	3.593522E-01	
163	6.097969E-01	6.049094E-01	3.630288E-01	
164	6.197948E-01	6.113994E-01	3.634002E-01	
165	6.241901E-01	6.147110E-01	3.679941E-01	
166	6.248054E-01	6.181888E-01	3.697399E-01	
167	6.358247E-01	6.193252E-01	3.727566E-01	
168	6.411438E-01	6.262333E-01	3.746790E-01	
169	6.448290E-01	6.275949E-01	3.777390E-01	
170	6.491582E-01	6.336166E-01	3.811476E-01	
171	6.591677E-01	6.355165E-01	3.795168E-01	
172	6.614354E-01	6.386135E-01	3.828910E-01	
173	6.670462E-01	6.475071E-01	3.813915E-01	
174	6.739550E-01	6.457542E-01	3.862529E-01	
175	6.779930E-01	6.544198E-01	3.854279E-01	
176	6.861505E-01	6.544066E-01	3.863615E-01	
177	6.920012E-01	6.598538E-01	3.847581E-01	
178	7.013029E-01	6.581870E-01	3.917670E-01	
179	7.047277E-01	6.664136E-01	3.894841E-01	
180	7.050691E-01	6.599561E-01	3.882252E-01	
181	7.093509E-01	6.675105E-01	3.915026E-01	
182	7.128488E-01	6.748765E-01	3.907571E-01	
183	7.190134E-01	6.713737E-01	3.918844E-01	
184	7.197981E-01	6.796103E-01	3.938814E-01	
185	7.240458E-01	6.827521E-01	3.895919E-01	
186	7.404297E-01	6.763212E-01	3.950875E-01	
187	7.393504E-01	6.734415E-01	3.917075E-01	
188	7.434540E-01	6.706491E-01	3.915123E-01	
189	7.432052E-01	6.759327E-01	3.906173E-01	
190	7.440720E-01	6.774080E-01	3.890351E-01	
191	7.553477E-01	6.660112E-01	3.923747E-01	
192	7.609016E-01	6.824082E-01	3.900789E-01	
193	7.707563E-01	6.681308E-01	3.920846E-01	
194	7.670507E-01	6.696926E-01	3.933437E-01	
195	7.631586E-01	6.747592E-01	3.929517E-01	
196	7.689124E-01	6.743375E-01	3.914389E-01	
197	7.641900E-01	6.685489E-01	3.907033E-01	
198	7.748470E-01	6.692457E-01	3.899324E-01	
199	7.774927E-01	6.671928E-01	3.903127E-01	
200	7.714352E-01	6.650111E-01	3.871793E-01	
201	7.742746E-01	6.559615E-01	3.845387E-01	
202	7.827682E-01	6.660108E-01	3.855810E-01	
203	7.841383E-01	6.505549E-01	3.857440E-01	
204	7.847956E-01	6.444318E-01	3.860292E-01	
205	7.899571E-01	6.598303E-01	3.857198E-01	
206	7.772127E-01	6.333190E-01	3.826784E-01	
207	8.040273E-01	6.290448E-01	3.830111E-01	
208	8.044878E-01	6.380316E-01	3.806855E-01	
209	8.038915E-01	6.162654E-01	3.786818E-01	
210	7.910841E-01	6.188303E-01	3.794662E-01	
211	8.155160E-01	6.198112E-01	3.770717E-01	
212	8.061328E-01	6.226039E-01	3.719402E-01	
213	8.172682E-01	6.215067E-01	3.750600E-01	
214	8.196657E-01	5.929554E-01	3.734572E-01	
215	8.179916E-01	6.256908E-01	3.715011E-01	
216	8.291678E-01	6.147168E-01	3.718070E-01	
217	8.349476E-01	6.209253E-01	3.666378E-01	
218	8.310575E-01	6.258725E-01	3.670547E-01	
219	8.161304E-01	5.981895E-01	3.674906E-01	
220	8.259225E-01	5.821229E-01	3.650315E-01	
221	8.149905E-01	5.967512E-01	3.666153E-01	
222	8.177328E-01	5.879299E-01	3.627307E-01	
223	8.136558E-01	5.657684E-01	3.651464E-01	
224	8.183097E-01	5.612172E-01	3.628850E-01	
225	8.087595E-01	5.569514E-01	3.649057E-01	
226	8.142423E-01	5.618600E-01	3.622216E-01	
227	8.112203E-01	5.496381E-01	3.602581E-01	
228	8.288722E-01	5.650651E-01	3.595273E-01	
229	8.484382E-01	5.086709E-01	3.615199E-01	
230	8.474488E-01	5.033815E-01	3.566772E-01	
231	8.433898E-01	5.159551E-01	3.563899E-01	
232	8.497494E-01	4.858814E-01	3.521670E-01	
233	8.434730E-01	5.085927E-01	3.525492E-01	
234	8.718486E-01	5.076816E-01	3.544183E-01	
235	8.509491E-01	4.856916E-01	3.517197E-01	
236	8.596075E-01	5.083235E-01	3.510769E-01	
237	8.709643E-01	5.047875E-01	3.487474E-01	
238	8.323769E-01	4.794964E-01	3.494143E-01	
239	8.438368E-01	4.842964E-01	3.445526E-01	
240	8.641502E-01	4.597638E-01	3.481469E-01	
241	8.645724E-01	4.462210E-01	3.466811E-01	
242	8.504368E-01	4.470427E-01	3.430306E-01	
243	8.489907E-01	4.536117E-01	3.433730E-01	
244	8.652851E-01	4.295192E-01	3.381342E-01	
245	8.670989E-01	4.453267E-01	3.400327E-01	
246	8.585588E-01	4.396747E-01	3.357617E-01	
247	8.726643E-01	4.175679E-01	3.352790E-01	
248	8.879523E-01	4.238346E-01	3.319256E-01	
249	8.605818E-01	4.272266E-01	3.327613E-01	
250	8.520020E-01	4.411383E-01	3.315010E-01	
251	8.848753E-01	4.310328E-01	3.291880E-01	
252	8.955596E-01	4.298822E-01	3.289543E-01	
253	8.618957E-01	3.869818E-01	3.269040E-01	
254	8.807788E-01	3.946439E-01	3.265355E-01	
255	8.893409E-01	3.959103E-01	3.258320E-01	
256	8.939947E-01	3.758983E-01	3.249540E-01	
257	8.970943E-01	3.628685E-01	3.225496E-01	
258	8.884517E-01	3.571021E-01	3.194035E-01	
259	8.911115E-01	3.577529E-01	3.205544E-01	
260	8.831975E-01	3.575234E-01	3.175812E-01	
261	8.935290E-01	3.415515E-01	3.164143E-01	
262	8.890578E-01	3.653379E-01	3.159418E-01	
263	9.195798E-01	3.467711E-01	3.169459E-01	
264	9.011984E-01	3.217737E-01	3.131000E-01	
265	9.056466E-01	3.467004E-01	3.130061E-01	
266	8.648264E-01	3.242329E-01	3.136841E-01	
267	8.944099E-01	3.319900E-01	3.121178E-01	
268	8.806528E-01	3.403429E-01	3.089508E-01	
269	9.005075E-01	3.442047E-01	3.093417E-01	
270	8.916137E-01	3.282408E-01	3.086560E-01	
271	8.696001E-01	3.451499E-01	3.081812E-01	
272	8.957263E-01	3.208674E-01	3.015571E-01	
273	8.711969E-01	3.110554E-01	3.042905E-01	
274	8.723704E-01	3.092485E-01	3.017665E-01	
275	8.672215E-01	3.020618E-01	3.021788E-01	
276	8.549252E-01	3.148991E-01	2.970434E-01	
277	8.448023E-01	3.078780E-01	2.990944E-01	
278	8.176742E-01	3.217144E-01	2.995405E-01	
279	0	3.214827E-01	2.964626E-01	
280	0	3.070106E-01	2.947674E-01	
281	0	3.052730E-01	2.939296E-01	
282	0	3.095726E-01	2.934265E-01	
283	0	2.922299E-01	2.926344E-01	
284	0	2.870310E-01	2.929625E-01	
285	0	2.933455E-01	2.900256E-01	
286	0	3.018907E-01	2.892262E-01	
287	0	2.848451E-01	2.915255E-01	
288	0	2.981719E-01	2.884374E-01	
289	0	2.821151E-01	2.900367E-01	
290	0	2.763459E-01	2.862949E-01	
291	0	2.786373E-01	2.888110E-01	
292	0	2.859804E-01	2.856818E-01	
293	0	2.709133E-01	2.856864E-01	
294	0	2.851266E-01	2.866509E-01	
295	0	2.678845E-01	2.855963E-01	
296	0	2.803004E-01	2.843706E-01	
297	0	2.823489E-01	2.856045E-01	
298	0	2.766609E-01	2.871548E-01	
299	0	2.763047E-01	2.840992E-01	
300	0	3.032321E-01	2.848405E-01	
301	0	2.818036E-01	2.875888E-01	
302	0	2.781861E-01	2.864565E-01	
303	0	2.916425E-01	2.897474E-01	
304	0	2.940921E-01	2.864715E-01	
305	0	2.943573E-01	2.864148E-01	
306	0	2.795337E-01	2.870635E-01	
307	0	2.698736E-01	2.888302E-01	
308	0	2.621520E-01	2.886469E-01	
309	0	2.810203E-01	2.867846E-01	
310	0	2.875064E-01	2.885134E-01	
311	0	2.713230E-01	2.883523E-01	
312	0	2.700284E-01	2.897624E-01	
313	0	2.546658E-01	2.864172E-01	
314	0	2.681861E-01	2.899358E-01	
315	0	2.638912E-01	2.891762E-01	
316	0	2.878684E-01	2.892709E-01	
317	0	2.717946E-01	2.897918E-01	
318	0	2.762782E-01	2.900068E-01	
319	0	2.929836E-01	2.908285E-01	
320	0	2.635119E-01	2.873836E-01	
321	0	2.822433E-01	2.884552E-01	
322	0	2.905666E-01	2.852036E-01	
323	0	2.804598E-01	2.878192E-01	
324	0	2.819691E-01	2.848208E-01	
325	0	2.812976E-01	2.863615E-01	
326	0	2.839191E-01	2.863603E-01	
327	0	2.952876E-01	2.822914E-01	
328	0	2.803765E-01	2.853582E-01	
329	0	3.093552E-01	2.856507E-01	
330	0	2.925293E-01	2.854960E-01	
331	0	3.035042E-01	2.839596E-01	
332	0	2.828469E-01	2.845467E-01	
333	0	2.994947E-01	2.862222E-01	
334	0	2.949155E-01	2.828022E-01	
335	0	3.151538E-01	2.837212E-01	
336	0	2.933106E-01	2.828449E-01	
337	0	3.044823E-01	2.834335E-01	
338	0	2.924952E-01	2.805531E-01	
339	0	3.186247E-01	2.824745E-01	
340	0	3.085773E-01	2.841177E-01	
341	0	3.055947E-01	2.795831E-01	
342	0	3.222371E-01	2.803947E-01	
343	0	3.176593E-01	2.809374E-01	
344	0	3.059350E-01	2.832841E-01	
345	0	3.172491E-01	2.819863E-01	
346	0	3.191228E-01	2.789415E-01	
347	0	3.254225E-01	2.803003E-01	
348	0	2.971003E-01	2.797382E-01	
349	0	3.283257E-01	2.793806E-01	
350	0	3.104267E-01	2.802837E-01	
351	0	2.937731E-01	2.769917E-01	
352	0	3.228505E-01	2.775588E-01	
353	0	2.940653E-01	2.780425E-01	
354	0	3.201257E-01	2.776907E-01	
355	0	3.220172E-01	2.766347E-01	
356	0	3.142964E-01	2.776154E-01	
357	0	2.833910E-01	2.750984E-01	
358	0	3.043941E-01	2.782372E-01	
359	0	3.258716E-01	2.723706E-01	
360	0	3.130921E-01	2.759035E-01	
361	0	3.152744E-01	2.773840E-01	
362	0	2.941636E-01	2.758848E-01	
363	0	3.088382E-01	2.779794E-01	
364	0	3.161588E-01	2.756517E-01	
365	0	2.990180E-01	2.779335E-01	
366	0	3.052542E-01	2.790449E-01	
367	0	3.180494E-01	2.813470E-01	
368	0	3.211495E-01	2.778727E-01	
369	0	3.041213E-01	2.767226E-01	
370	0	3.026888E-01	2.796620E-01	
371	0	3.082787E-01	2.760340E-01	
372	0	2.919555E-01	2.780911E-01	
373	0	2.954277E-01	2.750554E-01	
374	0	2.832175E-01	2.756341E-01	
375	0	2.794428E-01	2.760445E-01	
376	0	2.852294E-01	2.725593E-01	
377	0	2.937221E-01	2.744183E-01	
378	0	2.951417E-01	2.730632E-01	
379	0	2.788205E-01	2.768911E-01	
380	0	2.894511E-01	2.754104E-01	
381	0	2.790354E-01	2.772070E-01	
382	0	2.848474E-01	2.734885E-01	
383	0	2.859652E-01	2.793905E-01	
384	0	2.832991E-01	2.767483E-01	
385	0	2.790299E-01	2.741105E-01	
386	0	2.828790E-01	2.790614E-01	
387	0	2.797898E-01	2.775893E-01	
388	0	2.782328E-01	2.793951E-01	
389	0	2.829065E-01	2.765674E-01	
390	0	2.804777E-01	2.773773E-01	
391	0	2.961051E-01	2.780649E-01	
392	0	2.800953E-01	2.768317E-01	
393	0	2.559705E-01	2.757812E-01	
394	0	2.801916E-01	2.763000E-01	
395	0	2.938236E-01	2.778118E-01	
396	0	2.838538E-01	2.803076E-01	
397	0	2.811029E-01	2.830947E-01	
398	0	2.866485E-01	2.794468E-01	
399	0	2.806942E-01	2.837516E-01	
400	0	2.831913E-01	2.825200E-01	
401	0	2.860516E-01	2.819645E-01	
402	0	2.745410E-01	2.844397E-01	
403	0	2.769740E-01	2.829451E-01	
404	0	2.850344E-01	2.872879E-01	
405	0	2.735789E-01	2.873857E-01	
406	0	2.868019E-01	2.842585E-01	
407	0	3.132018E-01	2.955815E-01	
408	0	2.589469E-01	2.891023E-01	
409	0	2.737814E-01	2.860577E-01	
410	0	2.873355E-01	2.988149E-01	
411	0	2.720277E-01	2.930851E-01	
412	0	3.170490E-01	2.904912E-01	
413	0	3.221982E-01	2.992239E-01	
414	0	3.137684E-01	2.945652E-01	
415	0	3.642459E-01	3.008503E-01	
416	0	3.519563E-01	2.939170E-01	
417	0	3.906752E-01	2.974700E-01	
418	0	3.455716E-01	2.997383E-01	
419	0	3.716631E-01	2.985894E-01	
420	0	3.665997E-01	2.993315E-01	
421	0	3.958533E-01	2.977220E-01	
422	0	3.598077E-01	3.030444E-01	
423	0	4.048216E-01	2.936119E-01	
424	0	4.151904E-01	3.026438E-01	
425	0	4.021135E-01	2.986945E-01	
426	0	4.002440E-01	2.999656E-01	
427	0	3.650655E-01	2.965224E-01	
428	0	3.942867E-01	2.995724E-01	
429	0	3.792894E-01	2.964146E-01	
430	0	3.650585E-01	2.947908E-01	
431	0	4.141210E-01	3.002139E-01	
432	0	3.643651E-01	2.912352E-01	
433	0	3.978591E-01	3.013629E-01	
434	0	4.353946E-01	2.996070E-01	
435	0	3.819075E-01	2.874439E-01	
436	0	4.023221E-01	2.960299E-01	
437	0	3.554180E-01	2.983621E-01	
438	0	3.628546E-01	3.004288E-01	
439	0	3.809646E-01	2.890558E-01	
440	0	3.422987E-01	3.059649E-01	
441	0	3.166144E-01	2.967254E-01	
442	0	3.300175E-01	3.031451E-01	
443	0	3.712275E-01	2.915332E-01	
444	0	3.327598E-01	3.042343E-01	
445	0	3.588530E-01	2.999534E-01	
446	0	3.083257E-01	2.930559E-01	
447	0	2.716306E-01	3.030033E-01	
448	0	3.450966E-01	2.926774E-01	
449	0	3.376481E-01	3.081044E-01	
450	0	3.397034E-01	2.930089E-01	
451	0	3.307534E-01	3.007092E-01	
452	0	3.514734E-01	3.092642E-01	
453	0	3.410039E-01	3.032072E-01	
454	0	3.129434E-01	3.176654E-01	
455	0	3.262639E-01	3.072257E-01	
456	0	3.524334E-01	3.155653E-01	
457	0	3.750158E-01	3.107434E-01	
458	0	3.076730E-01	3.229699E-01	
459	0	4.025311E-01	3.232229E-01	
460	0	3.535130E-01	3.123815E-01	
461	0	3.555001E-01	3.237825E-01	
462	0	2.614645E-01	3.091523E-01	
463	0	3.416424E-01	3.328224E-01	
464	0	3.505010E-01	3.197311E-01	
465	0	3.394381E-01	3.236771E-01	
466	0	3.355439E-01	3.264530E-01	
467	0	3.450997E-01	3.242231E-01	
468	0	4.750877E-01	3.198196E-01	
469	0	3.624312E-01	3.238098E-01	
470	0	3.903991E-01	3.420238E-01	
471	0	2.655828E-01	3.215978E-01	
472	0	2.414398E-01	3.371587E-01	
473	0	2.383117E-01	3.131391E-01	
474	0	3.417340E-01	3.425223E-01	
475	0	3.116321E-01	3.298028E-01	
476	0	3.445972E-01	3.449138E-01	
477	0	4.006108E-01	3.572155E-01	
478	0	3.472185E-01	3.356151E-01	
479	0	3.007795E-01	3.897732E-01	
480	0	3.341646E-01	3.390881E-01	
481	0	4.287634E-01	3.815209E-01	
482	0	2.325867E-01	3.558285E-01	
483	0	3.766794E-01	3.760319E-01	
484	0	3.366509E-01	4.342014E-01	
485	0	4.217034E-01	3.720390E-01	
486	0	5.555961E-01	4.046339E-01	
487	0	4.046588E-01	3.742672E-01	
488	0	4.888164E-01	4.165966E-01	
489	0	5.440850E-01	3.768420E-01	
490	0	5.571733E-01	4.248230E-01	
491	0	4.138487E-01	3.885551E-01	
492	0	4.665698E-01	4.133626E-01	
493	0	0	4.227045E-01	
494	0	6.339499E-01	4.174348E-01	
495	0	2.214405E-01	4.642760E-01	
496	0	5.336892E-01	4.121961E-01	
497	0	4.325711E-01	4.611793E-01	
498	0	5.799871E-01	4.204403E-01	
499	0	6.273678E-01	4.354909E-01	
500	0	0	0	
501	0	7.508867E-01	4.533885E-01	
502	0	0	0	
503	0	7.407504E-01	4.792532E-01	
504	0	0	0	
505	0	8.289173E-01	5.157106E-01	
506	0	0	4.752980E-01	
507	0	0	0	
508	0	0	5.398525E-01	
509	0	0	0	
510	0	9.007888E-01	5.902734E-01	
511	0	0	0	
512	0	9.723592E-01	6.179872E-01	
513	0	0	0	
514	0	0	0	
515	0	0	6.438398E-01	
516	0	0	0	
517	0	0	7.091262E-01	
518	0	0	0	
519	0	0	8.552263E-01	
520	0	0	0	
521	0	0	0	
522	0	0	0	
523	0	0	0	
524	0	0	0	
525	0	0	0	
526	0	0	0	
527	0	0	0	
528	0	0	0	
529	0	0	0	
530	0	0	0	
531	0	0	0	
532	0	0	0	
533	0	0	0	
534	0	0	0	
535	0	0	0	
536	0	0	0	
537	0	0	0	
538	0	0	0	
539	0	0	0	
540	0	0	0	
541	0	0	0	
542	0	0	0	
543	0	0	0	
544	0	0	0	
545	0	0	0	
546	0	0	0	
547	0	0	0	
548	0	0	0	
549	0	0	0	
550	0	0	0	
551	0	0	0	
552	0	0	0	
553	0	0	0	
554	0	0	0	
555	0	0	0	
556	0	0	0	
557	0	0	0	
558	0	0	0	
559	0	0	0	
560	0	0	0	
561	0	0	0	
562	0	0	0	
563	0	0	0	
564	0	0	0	
565	0	0	0	
566	0	0	0	
567	0	0	0	
568	0	0	0	
569	0	0	0	
570	0	0	0	
571	0	0	0	
572	0	0	0	
573	0	0	0	
574	0	0	0	
575	0	0	0	
576	0	0	0	
577	0	0	0	
578	0	0	0	
579	0	0	0	
580	0	0	0	
581	0	0	0	
582	0	0	0	
583	0	0	0	
584	0	0	0	
585	0	0	0	
586	0	0	0	
587	0	0	0	
588	0	0	0	
589	0	0	0	
590	0	0	0	
591	0	0	0	
592	0	0	0	
593	0	0	0	
594	0	0	0	
595	0	0	0	
596	0	0	0	
597	0	0	0	
598	0	0	0	
599	0	0	0	
#NewRun
0	0	0	0	
1	0	0	0	
2	0	0	0	
3	0	0	0	
4	3.317619E-01	3.436056E-01	4.565773E-01	
5	3.417715E-01	3.263319E-01	3.182040E-01	
6	3.402781E-01	3.246181E-01	4.447013E-01	
7	0	0	0	
8	3.371147E-01	3.363688E-01	2.991186E-01	
9	3.454244E-01	3.260818E-01	3.395070E-01	
10	0	0	0	
11	3.465524E-01	3.412919E-01	3.305568E-01	
12	3.417644E-01	3.333869E-01	3.406981E-01	
13	3.360418E-01	3.271928E-01	2.880622E-01	
14	3.429005E-01	3.306235E-01	2.959295E-01	
15	0	0	0	
16	3.365531E-01	3.334629E-01	3.069465E-01	
17	3.359379E-01	3.375714E-01	2.887224E-01	
18	3.360057E-01	3.336007E-01	2.802081E-01	
19	3.385760E-01	3.320301E-01	3.016950E-01	
20	3.301881E-01	3.350452E-01	2.978584E-01	
21	3.310100E-01	3.356489E-01	3.147321E-01	
22	3.286087E-01	3.313526E-01	2.719690E-01	
23	3.286145E-01	3.301597E-01	3.172703E-01	
24	3.278960E-01	3.326630E-01	3.318650E-01	
25	3.292636E-01	3.297040E-01	3.157230E-01	
26	3.319448E-01	3.296331E-01	3.258593E-01	
27	3.340100E-01	3.299968E-01	2.964829E-01	
28	3.278402E-01	3.311804E-01	3.367265E-01	
29	3.297573E-01	3.302662E-01	3.122790E-01	
30	3.326675E-01	3.307407E-01	3.222026E-01	
31	3.263053E-01	3.278688E-01	3.025101E-01	
32	3.257274E-01	3.303180E-01	3.321973E-01	
33	3.288939E-01	3.295213E-01	3.170411E-01	
34	3.255258E-01	3.296183E-01	3.115697E-01	
35	3.232937E-01	3.268752E-01	3.313675E-01	
36	3.233203E-01	3.293332E-01	3.337436E-01	
37	3.207581E-01	3.280370E-01	3.267572E-01	
38	3.214926E-01	3.217436E-01	3.641076E-01	
39	3.217393E-01	3.249308E-01	3.113819E-01	
40	3.194689E-01	3.245049E-01	3.473188E-01	
41	3.175230E-01	3.234695E-01	3.586215E-01	
42	3.186968E-01	3.221299E-01	3.368243E-01	
43	3.174036E-01	3.202137E-01	3.579674E-01	
44	3.191248E-01	3.185671E-01	3.591382E-01	
45	3.164497E-01	3.174553E-01	3.599739E-01	
46	3.175146E-01	3.174528E-01	3.663595E-01	
47	3.160941E-01	3.156253E-01	3.721104E-01	
48	3.169429E-01	3.144590E-01	3.700101E-01	
49	3.173795E-01	3.135219E-01	3.474622E-01	
50	3.172831E-01	3.134391E-01	3.779868E-01	
51	3.153747E-01	3.110153E-01	3.795344E-01	
52	3.128457E-01	3.100221E-01	3.618027E-01	
53	3.130297E-01	3.087087E-01	3.567567E-01	
54	3.130711E-01	3.079581E-01	3.571687E-01	
55	3.116555E-01	3.090758E-01	3.446423E-01	
56	3.113016E-01	3.067652E-01	3.638314E-01	
57	3.104952E-01	3.071202E-01	3.436040E-01	
58	3.086834E-01	3.076840E-01	3.477266E-01	
59	3.089967E-01	3.069439E-01	3.404923E-01	
60	3.088242E-01	3.065731E-01	3.330740E-01	
61	3.084343E-01	3.073722E-01	3.347149E-01	
62	3.083246E-01	3.075258E-01	3.328539E-01	
63	3.074486E-01	3.067751E-01	3.253985E-01	
64	3.076560E-01	3.065261E-01	3.134928E-01	
65	3.072505E-01	3.073493E-01	3.333365E-01	
66	3.068353E-01	3.061482E-01	3.354479E-01	
67	3.055835E-01	3.063740E-01	3.102092E-01	
68	3.072689E-01	3.060163E-01	3.262874E-01	
69	3.058096E-01	3.065337E-01	3.085904E-01	
70	3.039999E-01	3.061065E-01	3.083244E-01	
71	3.051523E-01	3.049626E-01	3.164725E-01	
72	3.031917E-01	3.054254E-01	3.010932E-01	
73	3.029956E-01	3.041355E-01	3.027692E-01	
74	3.032688E-01	3.038662E-01	3.001782E-01	
75	3.027340E-01	3.043891E-01	2.961850E-01	
76	3.019317E-01	3.044924E-01	2.917841E-01	
77	3.021032E-01	3.046140E-01	2.865658E-01	
78	3.016439E-01	3.054949E-01	2.822404E-01	
79	3.043140E-01	3.072157E-01	2.894495E-01	
80	3.025032E-01	3.051843E-01	2.823047E-01	
81	3.038092E-01	3.061722E-01	2.755803E-01	
82	3.044655E-01	3.064037E-01	2.783399E-01	
83	3.027948E-01	3.085558E-01	2.705695E-01	
84	3.043943E-01	3.076560E-01	2.689845E-01	
85	3.041716E-01	3.082355E-01	2.743057E-01	
86	3.049122E-01	3.092823E-01	2.603324E-01	
87	3.050571E-01	3.100988E-01	2.676512E-01	
88	3.069321E-01	3.103737E-01	2.633069E-01	
89	3.072402E-01	3.119112E-01	2.625189E-01	
90	3.090218E-01	3.120889E-01	2.560945E-01	
91	3.088116E-01	3.119782E-01	2.585988E-01	
92	3.114264E-01	3.135753E-01	2.536695E-01	
93	3.110388E-01	3.156023E-01	2.570797E-01	
94	3.113755E-01	3.156722E-01	2.517186E-01	
95	3.132902E-01	3.186013E-01	2.538022E-01	
96	3.161704E-01	3.192819E-01	2.545724E-01	
97	3.155061E-01	3.214264E-01	2.492512E-01	
98	3.180768E-01	3.247319E-01	2.496635E-01	
99	3.209560E-01	3.255439E-01	2.492433E-01	
100	3.225724E-01	3.288901E-01	2.479024E-01	
101	3.233813E-01	3.305064E-01	2.468089E-01	
102	3.271488E-01	3.344700E-01	2.417702E-01	
103	3.280188E-01	3.370668E-01	2.460516E-01	
104	3.318227E-01	3.393671E-01	2.417843E-01	
105	3.358217E-01	3.424909E-01	2.417701E-01	
106	3.372678E-01	3.465368E-01	2.439248E-01	
107	3.416019E-01	3.498327E-01	2.418275E-01	
108	3.435883E-01	3.518114E-01	2.427885E-01	
109	3.484091E-01	3.575565E-01	2.447349E-01	
110	3.527204E-01	3.594705E-01	2.438384E-01	
111	3.565662E-01	3.627837E-01	2.468431E-01	
112	3.610174E-01	3.685166E-01	2.449875E-01	
113	3.646238E-01	3.706150E-01	2.468243E-01	
114	3.685111E-01	3.746938E-01	2.481334E-01	
115	3.729570E-01	3.773550E-01	2.482372E-01	
116	3.767289E-01	3.844015E-01	2.503343E-01	
117	3.810775E-01	3.879813E-01	2.518830E-01	
118	3.848752E-01	3.923586E-01	2.527674E-01	
119	3.905374E-01	3.968909E-01	2.523963E-01	
120	3.944429E-01	4.016727E-01	2.545037E-01	
121	4.014844E-01	4.067895E-01	2.596022E-01	
122	4.042288E-01	4.097571E-01	2.579549E-01	
123	4.098483E-01	4.143280E-01	2.592636E-01	
124	4.150520E-01	4.191174E-01	2.624403E-01	
125	4.207069E-01	4.243498E-01	2.618093E-01	
126	4.263582E-01	4.289748E-01	2.650175E-01	
127	4.330208E-01	4.343473E-01	2.662172E-01	
128	4.368074E-01	4.396679E-01	2.663647E-01	
129	4.429966E-01	4.457060E-01	2.701159E-01	
130	4.472687E-01	4.495573E-01	2.714232E-01	
131	4.531574E-01	4.539047E-01	2.742143E-01	
132	4.571857E-01	4.590638E-01	2.778706E-01	
133	4.617149E-01	4.637815E-01	2.790560E-01	
134	4.688672E-01	4.705989E-01	2.828182E-01	
135	4.726422E-01	4.756242E-01	2.842581E-01	
136	4.793724E-01	4.807528E-01	2.889416E-01	
137	4.849232E-01	4.869622E-01	2.902568E-01	
138	4.899337E-01	4.941799E-01	2.953891E-01	
139	4.929570E-01	4.971425E-01	2.956060E-01	
140	5.022694E-01	5.052132E-01	2.985594E-01	
141	5.037359E-01	5.084687E-01	3.025988E-01	
142	5.085864E-01	5.162994E-01	3.064509E-01	
143	5.147533E-01	5.192445E-01	3.073702E-01	
144	5.202614E-01	5.242930E-01	3.109942E-01	
145	5.251358E-01	5.322564E-01	3.141922E-01	
146	5.327744E-01	5.364631E-01	3.188728E-01	
147	5.352158E-01	5.418824E-01	3.192905E-01	
148	5.406705E-01	5.445092E-01	3.235648E-01	
149	5.449080E-01	5.519911E-01	3.257177E-01	
150	5.542996E-01	5.567972E-01	3.271946E-01	
151	5.589894E-01	5.611826E-01	3.311535E-01	
152	5.663919E-01	5.625945E-01	3.360774E-01	
153	5.722003E-01	5.720547E-01	3.375640E-01	
154	5.746427E-01	5.721477E-01	3.420565E-01	
155	5.803855E-01	5.837506E-01	3.425862E-01	
156	5.863774E-01	5.855350E-01	3.474577E-01	
157	5.904177E-01	5.879392E-01	3.479634E-01	
158	5.926521E-01	5.946170E-01	3.520480E-01	
159	6.013989E-01	5.969337E-01	3.560172E-01	
160	6.060529E-01	5.988287E-01	3.577611E-01	
161	6.155867E-01	6.022287E-01	3.591770E-01	
162	6.170755E-01	6.086826E-01	3.602266E-01	
163	6.224114E-01	6.144441E-01	3.629660E-01	
164	6.251573E-01	6.174594E-01	3.638053E-01	
165	6.321098E-01	6.204922E-01	3.668613E-01	
166	6.407512E-01	6.258701E-01	3.696410E-01	
167	6.438653E-01	6.334893E-01	3.717224E-01	
168	6.472374E-01	6.366173E-01	3.712321E-01	
169	6.513926E-01	6.382857E-01	3.731268E-01	
170	6.550236E-01	6.441954E-01	3.787482E-01	
171	6.642883E-01	6.494135E-01	3.781770E-01	
172	6.639759E-01	6.475632E-01	3.805022E-01	
173	6.746735E-01	6.537998E-01	3.834930E-01	
174	6.714207E-01	6.636191E-01	3.864620E-01	
175	6.824109E-01	6.545015E-01	3.866216E-01	
176	6.864025E-01	6.677269E-01	3.870324E-01	
177	6.926057E-01	6.620428E-01	3.906564E-01	
178	6.920002E-01	6.730367E-01	3.877074E-01	
179	6.978430E-01	6.785116E-01	3.904345E-01	
180	7.040222E-01	6.751378E-01	3.934246E-01	
181	7.037163E-01	6.870952E-01	3.948291E-01	
182	7.075708E-01	6.803416E-01	3.948640E-01	
183	7.128574E-01	6.893996E-01	3.969093E-01	
184	7.136396E-01	6.831551E-01	3.949306E-01	
185	7.174634E-01	6.812283E-01	3.935576E-01	
186	7.234807E-01	6.920474E-01	3.951660E-01	
187	7.267035E-01	6.953860E-01	3.936138E-01	
188	7.253331E-01	6.963557E-01	3.938973E-01	
189	7.320541E-01	6.796093E-01	3.930745E-01	
190	7.350681E-01	6.824492E-01	3.905363E-01	
191	7.451395E-01	6.855428E-01	3.934092E-01	
192	7.387012E-01	6.706263E-01	3.923393E-01	
193	7.552051E-01	6.746233E-01	3.934347E-01	
194	7.475057E-01	6.768611E-01	3.883196E-01	
195	7.537910E-01	6.624053E-01	3.931641E-01	
196	7.679224E-01	6.689012E-01	3.893507E-01	
197	7.658272E-01	6.666035E-01	3.922396E-01	
198	7.760506E-01	6.675210E-01	3.898822E-01	
199	7.720224E-01	6.612314E-01	3.872347E-01	
200	7.799470E-01	6.563344E-01	3.886209E-01	
201	7.786029E-01	6.594703E-01	3.865156E-01	
202	7.945655E-01	6.440175E-01	3.871323E-01	
203	7.935065E-01	6.473305E-01	3.842330E-01	
204	7.844596E-01	6.503608E-01	3.892478E-01	
205	7.891030E-01	6.279830E-01	3.852728E-01	
206	7.867537E-01	6.416768E-01	3.828954E-01	
207	7.999927E-01	6.294457E-01	3.824719E-01	
208	8.012331E-01	6.250216E-01	3.788711E-01	
209	7.998278E-01	6.192262E-01	3.782570E-01	
210	7.944181E-01	6.193039E-01	3.781150E-01	
211	8.082465E-01	6.007949E-01	3.774463E-01	
212	8.048836E-01	6.071505E-01	3.736309E-01	
213	8.201632E-01	6.074232E-01	3.698581E-01	
214	8.342323E-01	5.784743E-01	3.718643E-01	
215	8.043555E-01	5.824717E-01	3.704207E-01	
216	8.207685E-01	5.810307E-01	3.695380E-01	
217	8.213298E-01	5.891319E-01	3.699596E-01	
218	8.367798E-01	5.600488E-01	3.683938E-01	
219	8.357506E-01	5.950565E-01	3.686620E-01	
220	8.380914E-01	5.588510E-01	3.659652E-01	
221	8.474234E-01	5.593405E-01	3.659837E-01	
222	8.503540E-01	5.524599E-01	3.629786E-01	
223	8.423952E-01	5.594851E-01	3.616646E-01	
224	8.528997E-01	5.500035E-01	3.612517E-01	
225	8.575821E-01	5.309625E-01	3.607192E-01	
226	8.515120E-01	5.560556E-01	3.593243E-01	
227	8.551565E-01	5.152464E-01	3.570282E-01	
228	8.568922E-01	5.149075E-01	3.566019E-01	
229	8.468671E-01	5.236574E-01	3.532455E-01	
230	8.292988E-01	5.144495E-01	3.520264E-01	
231	8.362654E-01	4.836804E-01	3.545025E-01	
232	8.342867E-01	4.861962E-01	3.521322E-01	
233	8.216685E-01	4.673573E-01	3.487936E-01	
234	8.615016E-01	4.967056E-01	3.451132E-01	
235	8.440481E-01	4.698180E-01	3.467618E-01	
236	8.508417E-01	4.992233E-01	3.452867E-01	
237	8.265867E-01	4.791997E-01	3.427029E-01	
238	8.448967E-01	4.715402E-01	3.411975E-01	
239	8.215129E-01	4.725234E-01	3.419554E-01	
240	8.150521E-01	4.687166E-01	3.418366E-01	
241	8.492998E-01	4.671811E-01	3.409109E-01	
242	8.424656E-01	4.594134E-01	3.386446E-01	
243	8.429644E-01	4.784761E-01	3.372904E-01	
244	8.058036E-01	4.456835E-01	3.390245E-01	
245	8.587445E-01	4.806291E-01	3.377406E-01	
246	8.738229E-01	4.343543E-01	3.364051E-01	
247	8.607280E-01	4.700408E-01	3.380628E-01	
248	8.328743E-01	4.622154E-01	3.345201E-01	
249	8.687266E-01	4.396247E-01	3.327226E-01	
250	9.009130E-01	4.297132E-01	3.335326E-01	
251	8.030533E-01	4.356223E-01	3.360191E-01	
252	8.407554E-01	4.694421E-01	3.303986E-01	
253	8.603454E-01	4.200192E-01	3.287318E-01	
254	8.417270E-01	4.038855E-01	3.286613E-01	
255	8.208548E-01	4.198473E-01	3.246635E-01	
256	8.683978E-01	4.134067E-01	3.221616E-01	
257	8.360899E-01	4.085049E-01	3.214480E-01	
258	8.374156E-01	3.921504E-01	3.195711E-01	
259	8.407474E-01	3.996699E-01	3.199394E-01	
260	8.062831E-01	3.941542E-01	3.161939E-01	
261	8.278621E-01	3.859608E-01	3.179352E-01	
262	8.505994E-01	3.897745E-01	3.138439E-01	
263	8.174801E-01	3.665908E-01	3.182543E-01	
264	8.421388E-01	3.671085E-01	3.145150E-01	
265	8.527936E-01	3.722662E-01	3.091114E-01	
266	8.850037E-01	3.576533E-01	3.123154E-01	
267	8.318408E-01	3.227437E-01	3.088020E-01	
268	8.261327E-01	3.470628E-01	3.079432E-01	
269	8.551177E-01	3.267515E-01	3.059664E-01	
270	9.116330E-01	3.409032E-01	3.026498E-01	
271	8.726928E-01	3.514051E-01	3.027927E-01	
272	9.127000E-01	3.252266E-01	3.020046E-01	
273	8.407133E-01	3.352168E-01	2.997454E-01	
274	8.434265E-01	3.276989E-01	2.976123E-01	
275	8.342727E-01	3.162397E-01	2.992186E-01	
276	7.710994E-01	3.230260E-01	2.964998E-01	
277	7.633034E-01	3.149484E-01	2.981999E-01	
278	7.219205E-01	3.177733E-01	2.950426E-01	
279	8.236211E-01	3.166299E-01	2.959840E-01	
280	8.413442E-01	3.179128E-01	2.953714E-01	
281	6.515876E-01	2.989494E-01	2.921271E-01	
282	6.093396E-01	3.047886E-01	2.953306E-01	
283	2.758266E-01	3.043341E-01	2.926679E-01	
284	6.096325E-01	2.877015E-01	2.910745E-01	
285	6.033464E-01	3.105706E-01	2.900636E-01	
286	8.559070E-01	2.880948E-01	2.907464E-01	
287	0	2.913245E-01	2.907128E-01	
288	7.769521E-01	2.952862E-01	2.863930E-01	
289	5.864190E-01	3.052687E-01	2.886625E-01	
290	6.799494E-01	2.738024E-01	2.846498E-01	
291	9.290329E-01	3.119394E-01	2.898347E-01	
292	8.591380E-01	2.953443E-01	2.856295E-01	
293	7.753437E-01	2.943209E-01	2.866003E-01	
294	9.310272E-01	2.783795E-01	2.863217E-01	
295	7.260973E-01	2.912769E-01	2.846757E-01	
296	0	3.042656E-01	2.850438E-01	
297	8.299461E-01	2.890094E-01	2.861538E-01	
298	7.934200E-01	2.999300E-01	2.858619E-01	
299	8.138801E-01	3.056901E-01	2.858883E-01	
300	8.260401E-01	3.031018E-01	2.889574E-01	
301	7.172115E-01	2.994879E-01	2.874589E-01	
302	8.078370E-01	3.022676E-01	2.891368E-01	
303	0	3.102146E-01	2.878397E-01	
304	8.396948E-01	3.099246E-01	2.864748E-01	
305	7.518523E-01	2.900322E-01	2.869360E-01	
306	8.223029E-01	2.971020E-01	2.872234E-01	
307	8.903028E-01	2.853467E-01	2.853876E-01	
308	8.146129E-01	2.879550E-01	2.852920E-01	
309	7.615261E-01	2.818960E-01	2.841119E-01	
310	0	3.020766E-01	2.861290E-01	
311	0	2.615430E-01	2.847542E-01	
312	8.165999E-01	2.860311E-01	2.885269E-01	
313	8.497991E-01	2.704734E-01	2.863003E-01	
314	8.364567E-01	2.840219E-01	2.908335E-01	
315	8.380104E-01	2.846298E-01	2.871163E-01	
316	9.007338E-01	2.812792E-01	2.873995E-01	
317	8.748586E-01	2.753297E-01	2.881672E-01	
318	8.833374E-01	2.701455E-01	2.897139E-01	
319	8.931779E-01	2.916411E-01	2.885266E-01	
320	8.478177E-01	2.891656E-01	2.875987E-01	
321	9.308785E-01	2.878764E-01	2.881564E-01	
322	8.554336E-01	3.113456E-01	2.870388E-01	
323	8.690102E-01	3.062258E-01	2.900357E-01	
324	8.026682E-01	3.009986E-01	2.893943E-01	
325	0	3.224842E-01	2.914812E-01	
326	8.561510E-01	3.047680E-01	2.895856E-01	
327	0	3.051262E-01	2.924034E-01	
328	0	3.058108E-01	2.896649E-01	
329	0	3.041732E-01	2.895027E-01	
330	8.256963E-01	3.070101E-01	2.903053E-01	
331	0	3.000594E-01	2.909839E-01	
332	0	2.923903E-01	2.921100E-01	
333	0	3.003107E-01	2.923066E-01	
334	0	2.831436E-01	2.883733E-01	
335	0	2.674670E-01	2.897195E-01	
336	0	2.867175E-01	2.895159E-01	
337	0	2.785875E-01	2.931013E-01	
338	0	2.772436E-01	2.886432E-01	
339	0	2.563266E-01	2.890762E-01	
340	0	2.815938E-01	2.896453E-01	
341	0	2.800732E-01	2.880427E-01	
342	0	2.784269E-01	2.885776E-01	
343	0	2.829109E-01	2.868260E-01	
344	0	2.721648E-01	2.879460E-01	
345	0	2.872340E-01	2.877797E-01	
346	0	2.948585E-01	2.859196E-01	
347	0	2.899555E-01	2.854347E-01	
348	0	2.824582E-01	2.866791E-01	
349	0	2.722105E-01	2.845478E-01	
350	0	2.713116E-01	2.859651E-01	
351	0	2.506409E-01	2.840266E-01	
352	0	2.637016E-01	2.853227E-01	
353	0	2.768242E-01	2.878252E-01	
354	0	2.642115E-01	2.840875E-01	
355	0	2.622339E-01	2.840005E-01	
356	0	2.651504E-01	2.858415E-01	
357	0	2.645402E-01	2.815269E-01	
358	0	2.707242E-01	2.829284E-01	
359	0	2.615341E-01	2.841790E-01	
360	0	2.666673E-01	2.822339E-01	
361	0	2.672274E-01	2.838335E-01	
362	0	2.586272E-01	2.787323E-01	
363	0	2.850244E-01	2.781245E-01	
364	0	2.680755E-01	2.782034E-01	
365	0	2.725511E-01	2.777263E-01	
366	0	2.614968E-01	2.772160E-01	
367	0	2.726625E-01	2.808881E-01	
368	0	2.965482E-01	2.764451E-01	
369	0	2.555375E-01	2.770216E-01	
370	0	2.623340E-01	2.748441E-01	
371	0	2.830899E-01	2.759243E-01	
372	0	2.847419E-01	2.769382E-01	
373	0	2.784559E-01	2.752666E-01	
374	0	2.749889E-01	2.790793E-01	
375	0	2.603936E-01	2.774272E-01	
376	0	2.671916E-01	2.743328E-01	
377	0	2.673974E-01	2.774943E-01	
378	0	2.802459E-01	2.783719E-01	
379	0	2.808980E-01	2.739688E-01	
380	0	3.010785E-01	2.729851E-01	
381	0	2.710122E-01	2.776070E-01	
382	0	2.875971E-01	2.738618E-01	
383	0	3.000979E-01	2.775849E-01	
384	0	2.813353E-01	2.720322E-01	
385	0	2.886818E-01	2.757063E-01	
386	0	2.772164E-01	2.776346E-01	
387	0	2.701536E-01	2.761663E-01	
388	0	2.707843E-01	2.774961E-01	
389	0	3.169657E-01	2.741839E-01	
390	0	2.857944E-01	2.761856E-01	
391	0	3.052179E-01	2.796244E-01	
392	0	2.989903E-01	2.780843E-01	
393	0	3.025049E-01	2.783520E-01	
394	0	3.058678E-01	2.788399E-01	
395	0	3.005661E-01	2.756893E-01	
396	0	3.030396E-01	2.789797E-01	
397	0	3.135588E-01	2.774397E-01	
398	0	3.164513E-01	2.761261E-01	
399	0	2.997828E-01	2.855571E-01	
400	0	2.913473E-01	2.788700E-01	
401	0	3.060466E-01	2.791891E-01	
402	0	3.129548E-01	2.872211E-01	
403	0	2.693507E-01	2.816522E-01	
404	0	2.972716E-01	2.816512E-01	
405	0	2.963641E-01	2.897335E-01	
406	0	2.916196E-01	2.818450E-01	
407	0	2.750635E-01	2.902451E-01	
408	0	2.862563E-01	2.908823E-01	
409	0	3.096879E-01	2.879053E-01	
410	0	3.159668E-01	2.988565E-01	
411	0	3.172036E-01	2.932796E-01	
412	0	2.894359E-01	2.905129E-01	
413	0	2.995203E-01	2.993012E-01	
414	0	2.786996E-01	2.968973E-01	
415	0	2.902655E-01	3.031432E-01	
416	0	2.864425E-01	3.001307E-01	
417	0	3.013165E-01	3.006503E-01	
418	0	3.243149E-01	2.987772E-01	
419	0	2.918564E-01	3.019417E-01	
420	0	3.255891E-01	2.998450E-01	
421	0	2.952494E-01	2.982617E-01	
422	0	3.117751E-01	3.014518E-01	
423	0	2.697848E-01	2.939950E-01	
424	0	3.258336E-01	2.970126E-01	
425	0	3.193904E-01	2.966883E-01	
426	0	3.329862E-01	2.940048E-01	
427	0	3.327738E-01	2.903237E-01	
428	0	3.384056E-01	2.938923E-01	
429	0	3.332029E-01	2.872584E-01	
430	0	3.345409E-01	2.833587E-01	
431	0	3.401416E-01	2.923907E-01	
432	0	3.539039E-01	2.912543E-01	
433	0	3.500438E-01	2.995458E-01	
434	0	3.531841E-01	2.929701E-01	
435	0	3.683437E-01	2.884776E-01	
436	0	3.547825E-01	2.954635E-01	
437	0	3.759343E-01	2.946495E-01	
438	0	3.397799E-01	3.037725E-01	
439	0	3.221481E-01	2.820751E-01	
440	0	3.905107E-01	3.069759E-01	
441	0	3.394376E-01	2.948923E-01	
442	0	3.266375E-01	3.037868E-01	
443	0	3.324668E-01	2.917658E-01	
444	0	3.089710E-01	2.983600E-01	
445	0	3.216263E-01	3.064610E-01	
446	0	3.231948E-01	2.937193E-01	
447	0	3.357195E-01	3.111239E-01	
448	0	3.320937E-01	2.941599E-01	
449	0	3.660811E-01	3.109351E-01	
450	0	3.486170E-01	3.017324E-01	
451	0	3.238526E-01	2.967096E-01	
452	0	3.768042E-01	3.054495E-01	
453	0	3.056513E-01	3.045267E-01	
454	0	3.292121E-01	3.148315E-01	
455	0	2.613553E-01	2.999129E-01	
456	0	3.531731E-01	3.039300E-01	
457	0	3.036400E-01	3.024436E-01	
458	0	3.343640E-01	3.096935E-01	
459	0	3.196113E-01	3.135540E-01	
460	0	3.449762E-01	3.007315E-01	
461	0	4.362975E-01	3.197532E-01	
462	0	3.035225E-01	2.984225E-01	
463	0	3.975819E-01	3.263692E-01	
464	0	3.756355E-01	3.011678E-01	
465	0	3.283942E-01	3.238388E-01	
466	0	3.380080E-01	3.148944E-01	
467	0	3.060813E-01	3.146327E-01	
468	0	3.876150E-01	3.209148E-01	
469	0	3.190736E-01	3.144121E-01	
470	0	2.399889E-01	3.283175E-01	
471	0	2.996571E-01	3.150047E-01	
472	0	2.671254E-01	3.331851E-01	
473	0	2.899912E-01	3.257424E-01	
474	0	2.679367E-01	3.268697E-01	
475	0	3.857820E-01	3.419273E-01	
476	0	3.279122E-01	3.253584E-01	
477	0	3.880484E-01	3.600806E-01	
478	0	3.274355E-01	3.329595E-01	
479	0	4.382312E-01	3.396592E-01	
480	0	3.764419E-01	3.339354E-01	
481	0	3.405991E-01	3.553666E-01	
482	0	3.996143E-01	3.466402E-01	
483	0	2.941992E-01	3.535471E-01	
484	0	3.564065E-01	3.735221E-01	
485	0	3.492893E-01	3.521738E-01	
486	0	2.988234E-01	4.178773E-01	
487	0	2.565232E-01	3.566075E-01	
488	0	3.457918E-01	3.982635E-01	
489	0	2.443902E-01	3.582305E-01	
490	0	4.622143E-01	4.032833E-01	
491	0	2.884430E-01	3.811545E-01	
492	0	4.183925E-01	3.989722E-01	
493	0	0	4.791726E-01	
494	0	3.844500E-01	4.046298E-01	
495	0	0	4.571041E-01	
496	0	3.110269E-01	3.957531E-01	
497	0	0	4.585944E-01	
498	0	4.456761E-01	4.261669E-01	
499	0	0	4.497122E-01	
500	0	0	0	
501	0	2.561991E-01	4.413213E-01	
502	0	0	0	
503	0	0	4.561685E-01	
504	0	0	0	
505	0	0	4.917748E-01	
506	0	0	6.161216E-01	
507	0	0	0	
508	0	0	5.559884E-01	
509	0	0	0	
510	0	0	5.790838E-01	
511	0	0	0	
512	0	0	6.379627E-01	
513	0	0	0	
514	0	0	0	
515	0	0	7.014318E-01	
516	0	0	0	
517	0	0	7.309194E-01	
518	0	0	0	
519	0	0	7.601580E-01	
520	0	0	0	
521	0	0	0	
522	0	0	0	
523	0	0	0	
524	0	0	0	
525	0	0	0	
526	0	0	0	
527	0	0	0	
528	0	0	0	
529	0	0	0	
530	0	0	0	
531	0	0	0	
532	0	0	0	
533	0	0	0	
534	0	0	0	
535	0	0	0	
536	0	0	0	
537	0	0	0	
538	0	0	0	
539	0	0	0	
540	0	0	0	
541	0	0	0	
542	0	0	0	
543	0	0	0	
544	0	0	0	
545	0	0	0	
546	0	0	0	
547	0	0	0	
548	0	0	0	
549	0	0	0	
550	0	0	0	
551	0	0	0	
552	0	0	0	
553	0	0	0	
554	0	0	0	
555	0	0	0	
556	0	0	0	
557	0	0	0	
558	0	0	0	
559	0	0	0	
560	0	0	0	
561	0	0	0	
562	0	0	0	
563	0	0	0	
564	0	0	0	
565	0	0	0	
566	0	0	0	
567	0	0	0	
568	0	0	0	
569	0	0	0	
570	0	0	0	
571	0	0	0	
572	0	0	0	
573	0	0	0	
574	0	0	0	
575	0	0	0	
576	0	0	0	
577	0	0	0	
578	0	0	0	
579	0	0	0	
580	0	0	0	
581	0	0	0	
582	0	0	0	
583	0	0	0	
584	0	0	0	
585	0	0	0	
586	0	0	0	
587	0	0	0	
588	0	0	0	
589	0	0	0	
590	0	0	0	
591	0	0	0	
592	0	0	0	
593	0	0	0	
594	0	0	0	
595	0	0	0	
596	0	0	0	
597	0	0	0	
598	0	0	0	
599	0	0	0	
#NewRun
