#COM_Bin	Rg_Squared
#Order is chain type
0	1.187524E+02	1.188016E+02	0.000000E+00	
1	0.000000E+00	0.000000E+00	0.000000E+00	
2	0.000000E+00	0.000000E+00	0.000000E+00	
3	0.000000E+00	0.000000E+00	0.000000E+00	
4	1.152559E+02	1.147541E+02	1.443876E+02	
5	1.193704E+02	1.137600E+02	1.837204E+02	
6	1.186348E+02	1.150935E+02	0.000000E+00	
7	0.000000E+00	0.000000E+00	0.000000E+00	
8	1.185082E+02	1.145122E+02	1.296821E+02	
9	1.179242E+02	1.150164E+02	1.471299E+02	
10	0.000000E+00	0.000000E+00	0.000000E+00	
11	1.189418E+02	1.149213E+02	1.377164E+02	
12	1.181885E+02	1.147571E+02	1.299977E+02	
13	1.173268E+02	1.143784E+02	1.254728E+02	
14	1.172835E+02	1.157189E+02	1.509419E+02	
15	0.000000E+00	0.000000E+00	0.000000E+00	
16	1.170301E+02	1.161750E+02	1.470802E+02	
17	1.174134E+02	1.146456E+02	1.399740E+02	
18	1.172901E+02	1.160063E+02	1.422031E+02	
19	1.153083E+02	1.161933E+02	1.434574E+02	
20	1.171973E+02	1.153415E+02	1.354060E+02	
21	1.165226E+02	1.148599E+02	1.544523E+02	
22	1.164760E+02	1.148655E+02	1.344098E+02	
23	1.164286E+02	1.146200E+02	1.354034E+02	
24	1.169035E+02	1.153888E+02	1.544058E+02	
25	1.167839E+02	1.147685E+02	1.493421E+02	
26	1.154140E+02	1.149726E+02	1.405428E+02	
27	1.176318E+02	1.146424E+02	1.430413E+02	
28	1.165665E+02	1.149676E+02	1.462659E+02	
29	1.160822E+02	1.149740E+02	1.490316E+02	
30	1.164510E+02	1.142617E+02	1.511279E+02	
31	1.155395E+02	1.143160E+02	1.471123E+02	
32	1.161895E+02	1.141442E+02	1.527071E+02	
33	1.159296E+02	1.138655E+02	1.567937E+02	
34	1.161416E+02	1.140496E+02	1.486912E+02	
35	1.151564E+02	1.132793E+02	1.611211E+02	
36	1.151712E+02	1.135866E+02	1.489305E+02	
37	1.156174E+02	1.127835E+02	1.492464E+02	
38	1.147690E+02	1.132466E+02	1.496753E+02	
39	1.147476E+02	1.118683E+02	1.521383E+02	
40	1.145543E+02	1.126244E+02	1.451839E+02	
41	1.139288E+02	1.118821E+02	1.460110E+02	
42	1.142276E+02	1.120437E+02	1.429315E+02	
43	1.144604E+02	1.120227E+02	1.390024E+02	
44	1.136348E+02	1.115928E+02	1.399490E+02	
45	1.135123E+02	1.116087E+02	1.438861E+02	
46	1.137954E+02	1.117258E+02	1.424584E+02	
47	1.129094E+02	1.111561E+02	1.416068E+02	
48	1.131034E+02	1.110979E+02	1.366330E+02	
49	1.130552E+02	1.111282E+02	1.377151E+02	
50	1.124586E+02	1.106834E+02	1.360541E+02	
51	1.124747E+02	1.102967E+02	1.283435E+02	
52	1.121395E+02	1.105964E+02	1.348136E+02	
53	1.118060E+02	1.102684E+02	1.305935E+02	
54	1.115547E+02	1.102114E+02	1.340621E+02	
55	1.110299E+02	1.099291E+02	1.338752E+02	
56	1.110213E+02	1.096987E+02	1.283529E+02	
57	1.108211E+02	1.094560E+02	1.310401E+02	
58	1.108030E+02	1.092610E+02	1.318733E+02	
59	1.104651E+02	1.092959E+02	1.326024E+02	
60	1.102711E+02	1.092040E+02	1.285646E+02	
61	1.102981E+02	1.086420E+02	1.286712E+02	
62	1.096977E+02	1.085052E+02	1.264964E+02	
63	1.096161E+02	1.084166E+02	1.269677E+02	
64	1.094207E+02	1.083936E+02	1.262338E+02	
65	1.091821E+02	1.084517E+02	1.233097E+02	
66	1.092797E+02	1.079476E+02	1.249557E+02	
67	1.088399E+02	1.075909E+02	1.237333E+02	
68	1.085436E+02	1.076767E+02	1.233940E+02	
69	1.084482E+02	1.074345E+02	1.213354E+02	
70	1.083727E+02	1.072584E+02	1.221434E+02	
71	1.084550E+02	1.071439E+02	1.230514E+02	
72	1.078976E+02	1.071472E+02	1.202959E+02	
73	1.079857E+02	1.066885E+02	1.209897E+02	
74	1.076473E+02	1.067342E+02	1.193780E+02	
75	1.073818E+02	1.065906E+02	1.205977E+02	
76	1.075594E+02	1.061920E+02	1.207314E+02	
77	1.074492E+02	1.061613E+02	1.191289E+02	
78	1.072034E+02	1.057433E+02	1.196329E+02	
79	1.068767E+02	1.059913E+02	1.204073E+02	
80	1.070831E+02	1.056403E+02	1.187791E+02	
81	1.066889E+02	1.054385E+02	1.174238E+02	
82	1.065189E+02	1.054778E+02	1.191663E+02	
83	1.064551E+02	1.052972E+02	1.200088E+02	
84	1.063430E+02	1.053170E+02	1.175193E+02	
85	1.060417E+02	1.048372E+02	1.173698E+02	
86	1.061159E+02	1.049057E+02	1.172540E+02	
87	1.056995E+02	1.047916E+02	1.175986E+02	
88	1.056529E+02	1.047810E+02	1.174898E+02	
89	1.054971E+02	1.045899E+02	1.155469E+02	
90	1.054117E+02	1.043265E+02	1.160331E+02	
91	1.052852E+02	1.044747E+02	1.156916E+02	
92	1.054710E+02	1.042971E+02	1.148066E+02	
93	1.052050E+02	1.040905E+02	1.147911E+02	
94	1.049886E+02	1.041619E+02	1.157723E+02	
95	1.050195E+02	1.040312E+02	1.145823E+02	
96	1.051471E+02	1.040220E+02	1.150916E+02	
97	1.047486E+02	1.039789E+02	1.136133E+02	
98	1.051600E+02	1.037029E+02	1.146700E+02	
99	1.047425E+02	1.036010E+02	1.146111E+02	
100	1.049178E+02	1.037579E+02	1.137824E+02	
101	1.047315E+02	1.037472E+02	1.132775E+02	
102	1.048200E+02	1.033667E+02	1.135702E+02	
103	1.044418E+02	1.034320E+02	1.130904E+02	
104	1.046364E+02	1.036379E+02	1.132866E+02	
105	1.042167E+02	1.035984E+02	1.128488E+02	
106	1.044474E+02	1.035605E+02	1.127120E+02	
107	1.041778E+02	1.033218E+02	1.132391E+02	
108	1.040904E+02	1.037313E+02	1.127284E+02	
109	1.040080E+02	1.032855E+02	1.127985E+02	
110	1.039962E+02	1.035303E+02	1.130386E+02	
111	1.041507E+02	1.035652E+02	1.118196E+02	
112	1.039710E+02	1.036562E+02	1.129791E+02	
113	1.039169E+02	1.035886E+02	1.131588E+02	
114	1.041682E+02	1.035922E+02	1.125260E+02	
115	1.040368E+02	1.034993E+02	1.128249E+02	
116	1.042546E+02	1.036808E+02	1.129983E+02	
117	1.040640E+02	1.036444E+02	1.125330E+02	
118	1.041343E+02	1.037476E+02	1.123081E+02	
119	1.043261E+02	1.036371E+02	1.123340E+02	
120	1.042237E+02	1.039147E+02	1.123436E+02	
121	1.044466E+02	1.039597E+02	1.121525E+02	
122	1.042198E+02	1.038599E+02	1.124574E+02	
123	1.042588E+02	1.040955E+02	1.125542E+02	
124	1.041357E+02	1.042039E+02	1.123167E+02	
125	1.040782E+02	1.042947E+02	1.127316E+02	
126	1.040709E+02	1.041586E+02	1.124363E+02	
127	1.040504E+02	1.047278E+02	1.123246E+02	
128	1.042574E+02	1.048470E+02	1.124067E+02	
129	1.043392E+02	1.048799E+02	1.128493E+02	
130	1.043311E+02	1.047562E+02	1.131816E+02	
131	1.044505E+02	1.046680E+02	1.131933E+02	
132	1.044554E+02	1.051085E+02	1.130091E+02	
133	1.045317E+02	1.051199E+02	1.128343E+02	
134	1.048697E+02	1.052011E+02	1.134983E+02	
135	1.052435E+02	1.051534E+02	1.134679E+02	
136	1.049491E+02	1.057655E+02	1.135147E+02	
137	1.052532E+02	1.059046E+02	1.138288E+02	
138	1.056129E+02	1.061294E+02	1.143423E+02	
139	1.056063E+02	1.056318E+02	1.139600E+02	
140	1.057833E+02	1.066621E+02	1.145907E+02	
141	1.064024E+02	1.064492E+02	1.147812E+02	
142	1.064203E+02	1.070030E+02	1.144395E+02	
143	1.067546E+02	1.070115E+02	1.150874E+02	
144	1.070651E+02	1.071405E+02	1.151005E+02	
145	1.069365E+02	1.075482E+02	1.151598E+02	
146	1.080889E+02	1.083288E+02	1.149194E+02	
147	1.082514E+02	1.086638E+02	1.157045E+02	
148	1.083970E+02	1.091824E+02	1.157958E+02	
149	1.085686E+02	1.097494E+02	1.154590E+02	
150	1.088807E+02	1.106337E+02	1.159337E+02	
151	1.091443E+02	1.096084E+02	1.157141E+02	
152	1.099129E+02	1.115524E+02	1.164345E+02	
153	1.102205E+02	1.113416E+02	1.173862E+02	
154	1.102800E+02	1.118591E+02	1.167481E+02	
155	1.110871E+02	1.127169E+02	1.172447E+02	
156	1.123480E+02	1.122876E+02	1.177996E+02	
157	1.122494E+02	1.130978E+02	1.180842E+02	
158	1.126338E+02	1.141332E+02	1.184666E+02	
159	1.137173E+02	1.147017E+02	1.178185E+02	
160	1.130764E+02	1.147577E+02	1.188642E+02	
161	1.139420E+02	1.158370E+02	1.187268E+02	
162	1.144756E+02	1.164015E+02	1.190196E+02	
163	1.147004E+02	1.182260E+02	1.193909E+02	
164	1.152661E+02	1.182621E+02	1.194201E+02	
165	1.150105E+02	1.189768E+02	1.199926E+02	
166	1.167317E+02	1.201631E+02	1.199873E+02	
167	1.177067E+02	1.213158E+02	1.210587E+02	
168	1.177924E+02	1.211072E+02	1.213562E+02	
169	1.189350E+02	1.220013E+02	1.215490E+02	
170	1.196523E+02	1.223907E+02	1.223603E+02	
171	1.196938E+02	1.229263E+02	1.222837E+02	
172	1.201181E+02	1.246313E+02	1.230399E+02	
173	1.214351E+02	1.244180E+02	1.230388E+02	
174	1.233559E+02	1.260106E+02	1.238705E+02	
175	1.229419E+02	1.261844E+02	1.238818E+02	
176	1.260781E+02	1.272822E+02	1.236461E+02	
177	1.254236E+02	1.281509E+02	1.246290E+02	
178	1.268762E+02	1.284775E+02	1.242456E+02	
179	1.279677E+02	1.277712E+02	1.249635E+02	
180	1.324636E+02	1.310735E+02	1.247873E+02	
181	1.314882E+02	1.301647E+02	1.252269E+02	
182	1.319624E+02	1.309050E+02	1.258307E+02	
183	1.308642E+02	1.325851E+02	1.253802E+02	
184	1.362457E+02	1.318647E+02	1.264784E+02	
185	1.355133E+02	1.348252E+02	1.257901E+02	
186	1.384675E+02	1.346956E+02	1.263895E+02	
187	1.362017E+02	1.375462E+02	1.268441E+02	
188	1.370928E+02	1.365988E+02	1.269152E+02	
189	1.447364E+02	1.384676E+02	1.272570E+02	
190	1.447949E+02	1.388835E+02	1.273670E+02	
191	1.469810E+02	1.405281E+02	1.276871E+02	
192	1.417529E+02	1.388760E+02	1.279137E+02	
193	1.412901E+02	1.391807E+02	1.276245E+02	
194	1.468036E+02	1.387943E+02	1.280676E+02	
195	1.457539E+02	1.416621E+02	1.276277E+02	
196	1.463271E+02	1.415879E+02	1.282872E+02	
197	1.478884E+02	1.417591E+02	1.281334E+02	
198	1.551669E+02	1.401563E+02	1.288803E+02	
199	1.483998E+02	1.416184E+02	1.284183E+02	
200	1.543747E+02	1.410781E+02	1.283528E+02	
201	1.520171E+02	1.410021E+02	1.288275E+02	
202	1.611299E+02	1.437158E+02	1.282909E+02	
203	1.549988E+02	1.424109E+02	1.282616E+02	
204	1.625279E+02	1.421643E+02	1.285741E+02	
205	1.634034E+02	1.383248E+02	1.288110E+02	
206	1.694645E+02	1.450757E+02	1.286218E+02	
207	1.582967E+02	1.446268E+02	1.282382E+02	
208	1.602992E+02	1.463157E+02	1.283528E+02	
209	1.599149E+02	1.434857E+02	1.294254E+02	
210	1.637122E+02	1.442655E+02	1.289232E+02	
211	1.593522E+02	1.450679E+02	1.284868E+02	
212	1.735655E+02	1.433324E+02	1.282672E+02	
213	1.698951E+02	1.468285E+02	1.285347E+02	
214	1.711841E+02	1.426568E+02	1.284634E+02	
215	1.696884E+02	1.437567E+02	1.293725E+02	
216	1.706361E+02	1.518296E+02	1.283960E+02	
217	1.751066E+02	1.421727E+02	1.276694E+02	
218	1.716993E+02	1.481745E+02	1.290757E+02	
219	1.761720E+02	1.473301E+02	1.286508E+02	
220	1.703083E+02	1.412482E+02	1.283443E+02	
221	1.728317E+02	1.404787E+02	1.290875E+02	
222	1.673838E+02	1.412683E+02	1.276699E+02	
223	1.569793E+02	1.389954E+02	1.284534E+02	
224	1.765243E+02	1.411006E+02	1.285448E+02	
225	1.657503E+02	1.361820E+02	1.283383E+02	
226	1.697646E+02	1.384403E+02	1.278681E+02	
227	1.719677E+02	1.388022E+02	1.276197E+02	
228	1.651460E+02	1.448968E+02	1.281347E+02	
229	1.710143E+02	1.395244E+02	1.279047E+02	
230	1.737534E+02	1.395745E+02	1.278685E+02	
231	1.662154E+02	1.349100E+02	1.277046E+02	
232	1.663533E+02	1.384976E+02	1.270607E+02	
233	1.728792E+02	1.389411E+02	1.273035E+02	
234	1.788018E+02	1.356999E+02	1.281735E+02	
235	1.600232E+02	1.419177E+02	1.279677E+02	
236	1.750182E+02	1.341336E+02	1.271770E+02	
237	1.614261E+02	1.349706E+02	1.271361E+02	
238	1.595908E+02	1.329756E+02	1.270104E+02	
239	1.651737E+02	1.351411E+02	1.280020E+02	
240	1.662951E+02	1.335651E+02	1.270844E+02	
241	1.548699E+02	1.325732E+02	1.272675E+02	
242	1.676660E+02	1.335016E+02	1.271099E+02	
243	1.449562E+02	1.296648E+02	1.273947E+02	
244	1.563358E+02	1.330329E+02	1.269339E+02	
245	1.453552E+02	1.344280E+02	1.266715E+02	
246	1.455534E+02	1.350486E+02	1.275155E+02	
247	1.540407E+02	1.334353E+02	1.275020E+02	
248	1.441402E+02	1.359338E+02	1.270040E+02	
249	1.500887E+02	1.309913E+02	1.276828E+02	
250	1.187198E+02	1.325566E+02	1.278684E+02	
251	1.614292E+02	1.380836E+02	1.275858E+02	
252	1.380367E+02	1.341314E+02	1.276070E+02	
253	1.437351E+02	1.341729E+02	1.274652E+02	
254	1.288215E+02	1.354618E+02	1.272102E+02	
255	1.383425E+02	1.340687E+02	1.275905E+02	
256	1.164597E+02	1.325131E+02	1.269777E+02	
257	1.264909E+02	1.381920E+02	1.267167E+02	
258	1.109233E+02	1.320762E+02	1.267455E+02	
259	1.115246E+02	1.329411E+02	1.267860E+02	
260	1.004378E+02	1.295920E+02	1.270434E+02	
261	1.119375E+02	1.329027E+02	1.267483E+02	
262	1.130378E+02	1.312864E+02	1.270519E+02	
263	8.814250E+01	1.309103E+02	1.266707E+02	
264	9.263292E+01	1.327024E+02	1.265395E+02	
265	9.050384E+01	1.346826E+02	1.263767E+02	
266	1.078626E+02	1.301730E+02	1.260678E+02	
267	9.225635E+01	1.302929E+02	1.264957E+02	
268	1.014092E+02	1.299918E+02	1.263211E+02	
269	1.008932E+02	1.309459E+02	1.262143E+02	
270	9.566502E+01	1.322170E+02	1.260462E+02	
271	9.979394E+01	1.297034E+02	1.254874E+02	
272	8.901980E+01	1.296150E+02	1.256001E+02	
273	7.972687E+01	1.343630E+02	1.265185E+02	
274	9.412945E+01	1.297719E+02	1.263561E+02	
275	8.704793E+01	1.306082E+02	1.262631E+02	
276	9.126044E+01	1.310402E+02	1.263363E+02	
277	7.791819E+01	1.283825E+02	1.256600E+02	
278	8.861879E+01	1.258395E+02	1.264942E+02	
279	8.618111E+01	1.314924E+02	1.265075E+02	
280	8.328399E+01	1.291916E+02	1.263361E+02	
281	8.419183E+01	1.302964E+02	1.258533E+02	
282	8.827613E+01	1.307639E+02	1.257644E+02	
283	9.708544E+01	1.268279E+02	1.256662E+02	
284	9.342364E+01	1.264190E+02	1.262311E+02	
285	9.038640E+01	1.290781E+02	1.258399E+02	
286	9.188289E+01	1.287780E+02	1.255175E+02	
287	8.648559E+01	1.298205E+02	1.257551E+02	
288	9.587764E+01	1.236467E+02	1.257699E+02	
289	9.048793E+01	1.310212E+02	1.257583E+02	
290	9.199849E+01	1.270938E+02	1.255930E+02	
291	9.445981E+01	1.261836E+02	1.258040E+02	
292	8.985147E+01	1.254838E+02	1.257375E+02	
293	9.200494E+01	1.270539E+02	1.259355E+02	
294	8.178075E+01	1.292305E+02	1.255792E+02	
295	8.545459E+01	1.249603E+02	1.257514E+02	
296	8.437782E+01	1.290026E+02	1.258131E+02	
297	8.335601E+01	1.282283E+02	1.258751E+02	
298	8.458998E+01	1.290259E+02	1.263230E+02	
299	9.061641E+01	1.273903E+02	1.261255E+02	
300	8.694406E+01	1.268830E+02	1.258927E+02	
301	8.962223E+01	1.277058E+02	1.258973E+02	
302	8.781181E+01	1.237045E+02	1.262576E+02	
303	9.203770E+01	1.267328E+02	1.267162E+02	
304	1.015575E+02	1.269463E+02	1.266551E+02	
305	9.202397E+01	1.249702E+02	1.263041E+02	
306	9.708620E+01	1.232406E+02	1.265841E+02	
307	1.021566E+02	1.252651E+02	1.265006E+02	
308	9.642736E+01	1.257141E+02	1.267233E+02	
309	1.072899E+02	1.281866E+02	1.262203E+02	
310	9.685661E+01	1.270373E+02	1.265500E+02	
311	9.838688E+01	1.243081E+02	1.262525E+02	
312	1.033962E+02	1.263020E+02	1.261654E+02	
313	9.964389E+01	1.271317E+02	1.264682E+02	
314	9.780587E+01	1.246980E+02	1.268684E+02	
315	9.134977E+01	1.241834E+02	1.264205E+02	
316	9.983155E+01	1.266624E+02	1.265294E+02	
317	9.966315E+01	1.255084E+02	1.259735E+02	
318	1.123063E+02	1.250758E+02	1.266870E+02	
319	1.092829E+02	1.300640E+02	1.264279E+02	
320	1.130702E+02	1.245626E+02	1.267365E+02	
321	1.121833E+02	1.268193E+02	1.268654E+02	
322	1.112342E+02	1.233518E+02	1.266210E+02	
323	1.114024E+02	1.257614E+02	1.269411E+02	
324	1.162164E+02	1.276698E+02	1.269058E+02	
325	1.137943E+02	1.264850E+02	1.263923E+02	
326	1.128426E+02	1.252800E+02	1.269999E+02	
327	1.178238E+02	1.249152E+02	1.263899E+02	
328	1.258883E+02	1.257972E+02	1.266770E+02	
329	1.212819E+02	1.256509E+02	1.267967E+02	
330	1.189668E+02	1.239407E+02	1.264282E+02	
331	1.267301E+02	1.229147E+02	1.267687E+02	
332	1.318390E+02	1.246648E+02	1.267560E+02	
333	1.299219E+02	1.245625E+02	1.268771E+02	
334	1.242606E+02	1.273159E+02	1.271156E+02	
335	1.249505E+02	1.255978E+02	1.272032E+02	
336	1.236114E+02	1.211579E+02	1.272004E+02	
337	1.136866E+02	1.286118E+02	1.267936E+02	
338	1.344644E+02	1.288322E+02	1.270040E+02	
339	1.200317E+02	1.286973E+02	1.270697E+02	
340	1.283540E+02	1.286989E+02	1.268276E+02	
341	1.239278E+02	1.272864E+02	1.270499E+02	
342	1.083654E+02	1.263359E+02	1.265926E+02	
343	1.174169E+02	1.298892E+02	1.264857E+02	
344	1.160262E+02	1.315406E+02	1.271003E+02	
345	1.393112E+02	1.321391E+02	1.264179E+02	
346	1.165644E+02	1.280603E+02	1.265700E+02	
347	1.130463E+02	1.280862E+02	1.272633E+02	
348	1.235828E+02	1.324524E+02	1.262951E+02	
349	9.913537E+01	1.289822E+02	1.268503E+02	
350	1.142858E+02	1.329225E+02	1.271285E+02	
351	1.212726E+02	1.342503E+02	1.269713E+02	
352	1.283506E+02	1.351862E+02	1.271046E+02	
353	1.051231E+02	1.320083E+02	1.267263E+02	
354	1.324045E+02	1.367097E+02	1.266392E+02	
355	1.408166E+02	1.336232E+02	1.266835E+02	
356	1.373821E+02	1.358687E+02	1.265638E+02	
357	1.155050E+02	1.342741E+02	1.270816E+02	
358	1.396871E+02	1.337654E+02	1.270933E+02	
359	1.541924E+02	1.344894E+02	1.260045E+02	
360	1.152627E+02	1.332492E+02	1.265363E+02	
361	1.461856E+02	1.312366E+02	1.269041E+02	
362	1.050109E+02	1.353628E+02	1.260263E+02	
363	1.196884E+02	1.331422E+02	1.261316E+02	
364	1.789431E+02	1.335751E+02	1.262760E+02	
365	1.638926E+02	1.266312E+02	1.258075E+02	
366	1.298605E+02	1.343439E+02	1.257295E+02	
367	1.580639E+02	1.322913E+02	1.260583E+02	
368	1.307382E+02	1.309285E+02	1.258921E+02	
369	1.534867E+02	1.360717E+02	1.258147E+02	
370	1.481642E+02	1.318914E+02	1.256034E+02	
371	1.370993E+02	1.328938E+02	1.253717E+02	
372	1.365904E+02	1.326046E+02	1.258774E+02	
373	1.656616E+02	1.375002E+02	1.258712E+02	
374	1.192597E+02	1.347879E+02	1.257292E+02	
375	1.493933E+02	1.329067E+02	1.249709E+02	
376	1.739399E+02	1.310181E+02	1.260555E+02	
377	1.606639E+02	1.294488E+02	1.257673E+02	
378	1.582880E+02	1.321280E+02	1.263979E+02	
379	1.420899E+02	1.278123E+02	1.258173E+02	
380	1.651015E+02	1.297426E+02	1.257082E+02	
381	1.387494E+02	1.293948E+02	1.257623E+02	
382	1.426700E+02	1.310637E+02	1.259986E+02	
383	1.960795E+02	1.289437E+02	1.255953E+02	
384	1.785242E+02	1.304348E+02	1.263217E+02	
385	1.551012E+02	1.276515E+02	1.263179E+02	
386	1.328450E+02	1.307562E+02	1.259142E+02	
387	1.244763E+02	1.249093E+02	1.263618E+02	
388	1.035822E+02	1.289296E+02	1.254345E+02	
389	7.781739E+01	1.257338E+02	1.255414E+02	
390	9.055610E+01	1.264289E+02	1.257072E+02	
391	8.332887E+01	1.344004E+02	1.249174E+02	
392	1.092079E+02	1.271679E+02	1.250094E+02	
393	8.425163E+01	1.328263E+02	1.256792E+02	
394	9.583707E+01	1.262373E+02	1.249516E+02	
395	8.385724E+01	1.280882E+02	1.252354E+02	
396	1.018595E+02	1.317713E+02	1.256892E+02	
397	9.017487E+01	1.273016E+02	1.253582E+02	
398	1.019875E+02	1.289496E+02	1.255541E+02	
399	1.183120E+02	1.228984E+02	1.254015E+02	
400	1.121330E+02	1.288063E+02	1.247551E+02	
401	9.460628E+01	1.264941E+02	1.259344E+02	
402	1.108921E+02	1.226532E+02	1.260574E+02	
403	1.068507E+02	1.270168E+02	1.247944E+02	
404	1.127355E+02	1.226928E+02	1.253848E+02	
405	1.088845E+02	1.223487E+02	1.255515E+02	
406	1.074545E+02	1.228581E+02	1.252864E+02	
407	1.060933E+02	1.225677E+02	1.254259E+02	
408	1.085521E+02	1.226035E+02	1.260878E+02	
409	1.012388E+02	1.221455E+02	1.254177E+02	
410	9.642400E+01	1.229144E+02	1.257010E+02	
411	9.536834E+01	1.253791E+02	1.258630E+02	
412	1.003581E+02	1.210708E+02	1.256564E+02	
413	9.896388E+01	1.224918E+02	1.272872E+02	
414	1.018690E+02	1.230583E+02	1.260338E+02	
415	9.497680E+01	1.213803E+02	1.262151E+02	
416	9.255405E+01	1.282485E+02	1.268524E+02	
417	9.613880E+01	1.255565E+02	1.255941E+02	
418	9.493121E+01	1.288512E+02	1.270517E+02	
419	9.327185E+01	1.228378E+02	1.267905E+02	
420	9.265106E+01	1.221277E+02	1.264627E+02	
421	9.194426E+01	1.208173E+02	1.262399E+02	
422	8.380512E+01	1.234787E+02	1.263034E+02	
423	8.283871E+01	1.263784E+02	1.262963E+02	
424	8.601423E+01	1.261677E+02	1.255659E+02	
425	9.810807E+01	1.168994E+02	1.255680E+02	
426	9.158157E+01	1.238888E+02	1.249078E+02	
427	8.731212E+01	1.211510E+02	1.247637E+02	
428	8.659358E+01	1.182619E+02	1.248850E+02	
429	8.347765E+01	1.079511E+02	1.255529E+02	
430	9.291940E+01	1.214638E+02	1.244337E+02	
431	8.066280E+01	1.151016E+02	1.237180E+02	
432	8.143336E+01	1.189075E+02	1.246868E+02	
433	7.625616E+01	1.133313E+02	1.256927E+02	
434	8.073383E+01	1.176191E+02	1.246352E+02	
435	8.143040E+01	1.071524E+02	1.264147E+02	
436	7.807842E+01	1.185594E+02	1.249030E+02	
437	6.993781E+01	1.118118E+02	1.256975E+02	
438	8.616514E+01	1.173191E+02	1.251092E+02	
439	8.838820E+01	1.079437E+02	1.253098E+02	
440	8.447854E+01	1.137652E+02	1.255500E+02	
441	8.503197E+01	1.131210E+02	1.240705E+02	
442	7.895781E+01	1.099186E+02	1.259038E+02	
443	8.853087E+01	1.146537E+02	1.236201E+02	
444	7.392282E+01	1.114525E+02	1.249841E+02	
445	7.328909E+01	1.167026E+02	1.242616E+02	
446	6.763958E+01	1.155830E+02	1.246110E+02	
447	7.105003E+01	1.301930E+02	1.254538E+02	
448	7.164760E+01	1.247528E+02	1.233785E+02	
449	7.337129E+01	1.249961E+02	1.246035E+02	
450	8.061689E+01	1.259601E+02	1.223752E+02	
451	7.381179E+01	1.304157E+02	1.233326E+02	
452	6.846804E+01	1.302832E+02	1.256294E+02	
453	7.576643E+01	1.159113E+02	1.237539E+02	
454	6.393706E+01	1.220639E+02	1.259649E+02	
455	6.271397E+01	1.327372E+02	1.227237E+02	
456	6.156376E+01	1.153485E+02	1.252297E+02	
457	5.467439E+01	1.263876E+02	1.261755E+02	
458	6.053171E+01	1.178043E+02	1.257301E+02	
459	5.264445E+01	1.189715E+02	1.239152E+02	
460	5.558543E+01	1.298581E+02	1.262329E+02	
461	5.381968E+01	1.138646E+02	1.267671E+02	
462	5.146922E+01	1.316151E+02	1.271463E+02	
463	5.499491E+01	1.217288E+02	1.263417E+02	
464	5.499491E+01	1.330656E+02	1.277594E+02	
465	5.852061E+01	1.306900E+02	1.254697E+02	
466	5.146922E+01	1.225686E+02	1.281857E+02	
467	5.852061E+01	1.270732E+02	1.283517E+02	
468	5.146922E+01	1.230449E+02	1.275729E+02	
469	5.146922E+01	1.289978E+02	1.272523E+02	
470	0.000000E+00	1.251827E+02	1.243764E+02	
471	0.000000E+00	1.390109E+02	1.272196E+02	
472	0.000000E+00	1.237636E+02	1.266602E+02	
473	0.000000E+00	1.370570E+02	1.282959E+02	
474	0.000000E+00	1.449477E+02	1.265694E+02	
475	0.000000E+00	1.323848E+02	1.268564E+02	
476	0.000000E+00	1.395813E+02	1.300581E+02	
477	0.000000E+00	1.279751E+02	1.248281E+02	
478	0.000000E+00	1.414581E+02	1.306902E+02	
479	0.000000E+00	1.313904E+02	1.270185E+02	
480	0.000000E+00	1.464261E+02	1.290784E+02	
481	0.000000E+00	1.267761E+02	1.322460E+02	
482	0.000000E+00	1.279215E+02	1.289483E+02	
483	0.000000E+00	1.423321E+02	1.300211E+02	
484	0.000000E+00	1.383482E+02	1.249521E+02	
485	0.000000E+00	1.426981E+02	1.308172E+02	
486	0.000000E+00	1.416595E+02	1.264819E+02	
487	0.000000E+00	1.476594E+02	1.320112E+02	
488	0.000000E+00	1.329901E+02	1.284727E+02	
489	0.000000E+00	1.339280E+02	1.326441E+02	
490	0.000000E+00	1.252138E+02	1.298028E+02	
491	0.000000E+00	1.403930E+02	1.313489E+02	
492	0.000000E+00	1.365374E+02	1.319852E+02	
493	0.000000E+00	1.274496E+02	1.408634E+02	
494	0.000000E+00	1.424845E+02	1.326703E+02	
495	0.000000E+00	1.175269E+02	1.455293E+02	
496	0.000000E+00	1.454642E+02	1.360285E+02	
497	0.000000E+00	1.391586E+02	1.409027E+02	
498	0.000000E+00	1.424275E+02	1.322683E+02	
499	0.000000E+00	1.443164E+02	1.362757E+02	
500	0.000000E+00	0.000000E+00	0.000000E+00	
501	0.000000E+00	1.550044E+02	1.397619E+02	
502	0.000000E+00	0.000000E+00	0.000000E+00	
503	0.000000E+00	1.574590E+02	1.360510E+02	
504	0.000000E+00	0.000000E+00	0.000000E+00	
505	0.000000E+00	1.730802E+02	1.392184E+02	
506	0.000000E+00	0.000000E+00	1.559344E+02	
507	0.000000E+00	0.000000E+00	0.000000E+00	
508	0.000000E+00	2.089914E+02	1.378882E+02	
509	0.000000E+00	0.000000E+00	0.000000E+00	
510	0.000000E+00	0.000000E+00	1.319890E+02	
511	0.000000E+00	0.000000E+00	0.000000E+00	
512	0.000000E+00	0.000000E+00	1.406305E+02	
513	0.000000E+00	0.000000E+00	0.000000E+00	
514	0.000000E+00	0.000000E+00	0.000000E+00	
515	0.000000E+00	0.000000E+00	1.368527E+02	
516	0.000000E+00	0.000000E+00	0.000000E+00	
517	0.000000E+00	0.000000E+00	1.280988E+02	
518	0.000000E+00	0.000000E+00	0.000000E+00	
519	0.000000E+00	0.000000E+00	1.116024E+02	
520	0.000000E+00	0.000000E+00	0.000000E+00	
521	0.000000E+00	0.000000E+00	0.000000E+00	
522	0.000000E+00	0.000000E+00	0.000000E+00	
523	0.000000E+00	0.000000E+00	0.000000E+00	
524	0.000000E+00	0.000000E+00	0.000000E+00	
525	0.000000E+00	0.000000E+00	0.000000E+00	
526	0.000000E+00	0.000000E+00	0.000000E+00	
527	0.000000E+00	0.000000E+00	0.000000E+00	
528	0.000000E+00	0.000000E+00	0.000000E+00	
529	0.000000E+00	0.000000E+00	0.000000E+00	
530	0.000000E+00	0.000000E+00	0.000000E+00	
531	0.000000E+00	0.000000E+00	0.000000E+00	
532	0.000000E+00	0.000000E+00	0.000000E+00	
533	0.000000E+00	0.000000E+00	0.000000E+00	
534	0.000000E+00	0.000000E+00	0.000000E+00	
535	0.000000E+00	0.000000E+00	0.000000E+00	
536	0.000000E+00	0.000000E+00	0.000000E+00	
537	0.000000E+00	0.000000E+00	0.000000E+00	
538	0.000000E+00	0.000000E+00	0.000000E+00	
539	0.000000E+00	0.000000E+00	0.000000E+00	
540	0.000000E+00	0.000000E+00	0.000000E+00	
541	0.000000E+00	0.000000E+00	0.000000E+00	
542	0.000000E+00	0.000000E+00	0.000000E+00	
543	0.000000E+00	0.000000E+00	0.000000E+00	
544	0.000000E+00	0.000000E+00	0.000000E+00	
545	0.000000E+00	0.000000E+00	0.000000E+00	
546	0.000000E+00	0.000000E+00	0.000000E+00	
547	0.000000E+00	0.000000E+00	0.000000E+00	
548	0.000000E+00	0.000000E+00	0.000000E+00	
549	0.000000E+00	0.000000E+00	0.000000E+00	
550	0.000000E+00	0.000000E+00	0.000000E+00	
551	0.000000E+00	0.000000E+00	0.000000E+00	
552	0.000000E+00	0.000000E+00	0.000000E+00	
553	0.000000E+00	0.000000E+00	0.000000E+00	
554	0.000000E+00	0.000000E+00	0.000000E+00	
555	0.000000E+00	0.000000E+00	0.000000E+00	
556	0.000000E+00	0.000000E+00	0.000000E+00	
557	0.000000E+00	0.000000E+00	0.000000E+00	
558	0.000000E+00	0.000000E+00	0.000000E+00	
559	0.000000E+00	0.000000E+00	0.000000E+00	
560	0.000000E+00	0.000000E+00	0.000000E+00	
561	0.000000E+00	0.000000E+00	0.000000E+00	
562	0.000000E+00	0.000000E+00	0.000000E+00	
563	0.000000E+00	0.000000E+00	0.000000E+00	
564	0.000000E+00	0.000000E+00	0.000000E+00	
565	0.000000E+00	0.000000E+00	0.000000E+00	
566	0.000000E+00	0.000000E+00	0.000000E+00	
567	0.000000E+00	0.000000E+00	0.000000E+00	
568	0.000000E+00	0.000000E+00	0.000000E+00	
569	0.000000E+00	0.000000E+00	0.000000E+00	
570	0.000000E+00	0.000000E+00	0.000000E+00	
571	0.000000E+00	0.000000E+00	0.000000E+00	
572	0.000000E+00	0.000000E+00	0.000000E+00	
573	0.000000E+00	0.000000E+00	0.000000E+00	
574	0.000000E+00	0.000000E+00	0.000000E+00	
575	0.000000E+00	0.000000E+00	0.000000E+00	
576	0.000000E+00	0.000000E+00	0.000000E+00	
577	0.000000E+00	0.000000E+00	0.000000E+00	
578	0.000000E+00	0.000000E+00	0.000000E+00	
579	0.000000E+00	0.000000E+00	0.000000E+00	
580	0.000000E+00	0.000000E+00	0.000000E+00	
581	0.000000E+00	0.000000E+00	0.000000E+00	
582	0.000000E+00	0.000000E+00	0.000000E+00	
583	0.000000E+00	0.000000E+00	0.000000E+00	
584	0.000000E+00	0.000000E+00	0.000000E+00	
585	0.000000E+00	0.000000E+00	0.000000E+00	
586	0.000000E+00	0.000000E+00	0.000000E+00	
587	0.000000E+00	0.000000E+00	0.000000E+00	
588	0.000000E+00	0.000000E+00	0.000000E+00	
589	0.000000E+00	0.000000E+00	0.000000E+00	
590	0.000000E+00	0.000000E+00	0.000000E+00	
591	0.000000E+00	0.000000E+00	0.000000E+00	
592	0.000000E+00	0.000000E+00	0.000000E+00	
593	0.000000E+00	0.000000E+00	0.000000E+00	
594	0.000000E+00	0.000000E+00	0.000000E+00	
595	0.000000E+00	0.000000E+00	0.000000E+00	
596	0.000000E+00	0.000000E+00	0.000000E+00	
597	0.000000E+00	0.000000E+00	0.000000E+00	
598	0.000000E+00	0.000000E+00	0.000000E+00	
599	0.000000E+00	0.000000E+00	0.000000E+00	
#NewRun
0	1.214333E+02	1.131983E+02	0.000000E+00	
1	0.000000E+00	0.000000E+00	0.000000E+00	
2	0.000000E+00	0.000000E+00	0.000000E+00	
3	0.000000E+00	0.000000E+00	0.000000E+00	
4	1.176038E+02	1.164216E+02	6.980459E+01	
5	1.177363E+02	1.157302E+02	7.770363E+01	
6	1.182041E+02	1.151176E+02	1.249129E+02	
7	0.000000E+00	0.000000E+00	0.000000E+00	
8	1.181171E+02	1.151158E+02	1.158778E+02	
9	1.171311E+02	1.151671E+02	9.998651E+01	
10	0.000000E+00	0.000000E+00	0.000000E+00	
11	1.184884E+02	1.140463E+02	1.210335E+02	
12	1.189608E+02	1.150862E+02	1.377146E+02	
13	1.183080E+02	1.140501E+02	1.478537E+02	
14	1.180043E+02	1.136698E+02	1.333181E+02	
15	0.000000E+00	0.000000E+00	0.000000E+00	
16	1.184692E+02	1.136005E+02	1.432800E+02	
17	1.188524E+02	1.129853E+02	1.477708E+02	
18	1.174331E+02	1.131824E+02	1.551862E+02	
19	1.174725E+02	1.118775E+02	1.518997E+02	
20	1.177670E+02	1.127548E+02	1.516142E+02	
21	1.172295E+02	1.127024E+02	1.598213E+02	
22	1.164306E+02	1.135566E+02	1.655917E+02	
23	1.170887E+02	1.133497E+02	1.570699E+02	
24	1.168288E+02	1.128342E+02	1.580579E+02	
25	1.172431E+02	1.126203E+02	1.489037E+02	
26	1.168514E+02	1.126118E+02	1.516909E+02	
27	1.170070E+02	1.123603E+02	1.582932E+02	
28	1.169715E+02	1.128687E+02	1.478268E+02	
29	1.166021E+02	1.123628E+02	1.542931E+02	
30	1.158506E+02	1.132530E+02	1.442123E+02	
31	1.164826E+02	1.126395E+02	1.444027E+02	
32	1.159341E+02	1.122874E+02	1.439445E+02	
33	1.154868E+02	1.120350E+02	1.446123E+02	
34	1.154217E+02	1.118320E+02	1.477997E+02	
35	1.149710E+02	1.119845E+02	1.469117E+02	
36	1.151849E+02	1.114428E+02	1.410254E+02	
37	1.147176E+02	1.123338E+02	1.423971E+02	
38	1.142924E+02	1.118286E+02	1.438127E+02	
39	1.146064E+02	1.113786E+02	1.395750E+02	
40	1.142407E+02	1.112459E+02	1.435334E+02	
41	1.142849E+02	1.117780E+02	1.399608E+02	
42	1.143896E+02	1.109502E+02	1.296729E+02	
43	1.140822E+02	1.113254E+02	1.372189E+02	
44	1.139334E+02	1.110558E+02	1.382831E+02	
45	1.136027E+02	1.113142E+02	1.394131E+02	
46	1.138662E+02	1.109425E+02	1.323070E+02	
47	1.138843E+02	1.105079E+02	1.329641E+02	
48	1.135742E+02	1.105579E+02	1.349679E+02	
49	1.135007E+02	1.104732E+02	1.371340E+02	
50	1.131468E+02	1.104776E+02	1.308049E+02	
51	1.135498E+02	1.104051E+02	1.258065E+02	
52	1.129568E+02	1.099980E+02	1.282229E+02	
53	1.124690E+02	1.098646E+02	1.284267E+02	
54	1.124905E+02	1.094854E+02	1.237579E+02	
55	1.116962E+02	1.094382E+02	1.266985E+02	
56	1.118104E+02	1.092613E+02	1.259628E+02	
57	1.116102E+02	1.088817E+02	1.266773E+02	
58	1.116694E+02	1.091994E+02	1.222749E+02	
59	1.113147E+02	1.088293E+02	1.258590E+02	
60	1.111235E+02	1.088519E+02	1.224114E+02	
61	1.111183E+02	1.082708E+02	1.258578E+02	
62	1.105891E+02	1.084787E+02	1.236493E+02	
63	1.105672E+02	1.081117E+02	1.248517E+02	
64	1.104234E+02	1.079858E+02	1.205749E+02	
65	1.099081E+02	1.078271E+02	1.251558E+02	
66	1.097609E+02	1.076008E+02	1.256315E+02	
67	1.096996E+02	1.074835E+02	1.223031E+02	
68	1.095860E+02	1.074495E+02	1.216206E+02	
69	1.092774E+02	1.073579E+02	1.196489E+02	
70	1.088474E+02	1.070320E+02	1.212781E+02	
71	1.086269E+02	1.069116E+02	1.212582E+02	
72	1.082689E+02	1.065774E+02	1.185272E+02	
73	1.083772E+02	1.067453E+02	1.198533E+02	
74	1.082232E+02	1.064587E+02	1.195506E+02	
75	1.078519E+02	1.061930E+02	1.188017E+02	
76	1.075505E+02	1.059211E+02	1.188982E+02	
77	1.077698E+02	1.059536E+02	1.196462E+02	
78	1.073447E+02	1.058334E+02	1.178852E+02	
79	1.070867E+02	1.055301E+02	1.187504E+02	
80	1.072127E+02	1.055648E+02	1.164785E+02	
81	1.069572E+02	1.051441E+02	1.178170E+02	
82	1.068308E+02	1.050011E+02	1.168408E+02	
83	1.067295E+02	1.051207E+02	1.164496E+02	
84	1.064747E+02	1.046977E+02	1.167114E+02	
85	1.064714E+02	1.047208E+02	1.152871E+02	
86	1.062568E+02	1.043212E+02	1.153655E+02	
87	1.062215E+02	1.045201E+02	1.149611E+02	
88	1.061492E+02	1.042743E+02	1.146304E+02	
89	1.060755E+02	1.039754E+02	1.151856E+02	
90	1.058500E+02	1.041007E+02	1.138348E+02	
91	1.060617E+02	1.037789E+02	1.133172E+02	
92	1.056031E+02	1.038060E+02	1.135239E+02	
93	1.058327E+02	1.038734E+02	1.135067E+02	
94	1.053445E+02	1.037579E+02	1.125413E+02	
95	1.054221E+02	1.038584E+02	1.119787E+02	
96	1.055138E+02	1.036139E+02	1.125679E+02	
97	1.051378E+02	1.036558E+02	1.125096E+02	
98	1.052475E+02	1.035933E+02	1.121294E+02	
99	1.051041E+02	1.038779E+02	1.121088E+02	
100	1.050852E+02	1.034384E+02	1.119302E+02	
101	1.050168E+02	1.034583E+02	1.124281E+02	
102	1.049016E+02	1.035042E+02	1.120503E+02	
103	1.048338E+02	1.035450E+02	1.111677E+02	
104	1.047396E+02	1.034035E+02	1.122246E+02	
105	1.049034E+02	1.033884E+02	1.112908E+02	
106	1.045984E+02	1.034580E+02	1.112953E+02	
107	1.048885E+02	1.033927E+02	1.120973E+02	
108	1.045489E+02	1.033282E+02	1.114059E+02	
109	1.046741E+02	1.033900E+02	1.115128E+02	
110	1.045262E+02	1.033350E+02	1.120837E+02	
111	1.046249E+02	1.034108E+02	1.115010E+02	
112	1.041740E+02	1.031258E+02	1.110882E+02	
113	1.042275E+02	1.031833E+02	1.116531E+02	
114	1.045809E+02	1.034480E+02	1.115024E+02	
115	1.042639E+02	1.032303E+02	1.119776E+02	
116	1.042283E+02	1.032185E+02	1.119500E+02	
117	1.044659E+02	1.033736E+02	1.122115E+02	
118	1.041650E+02	1.032868E+02	1.121099E+02	
119	1.042537E+02	1.034122E+02	1.118264E+02	
120	1.042996E+02	1.035827E+02	1.122295E+02	
121	1.042589E+02	1.037375E+02	1.118190E+02	
122	1.040153E+02	1.035723E+02	1.128076E+02	
123	1.039957E+02	1.038324E+02	1.120300E+02	
124	1.040695E+02	1.039163E+02	1.120625E+02	
125	1.043533E+02	1.042188E+02	1.126668E+02	
126	1.041353E+02	1.043645E+02	1.125464E+02	
127	1.041020E+02	1.044353E+02	1.121363E+02	
128	1.045467E+02	1.045794E+02	1.126814E+02	
129	1.044760E+02	1.049037E+02	1.129698E+02	
130	1.044176E+02	1.050900E+02	1.126946E+02	
131	1.050291E+02	1.051556E+02	1.129481E+02	
132	1.051164E+02	1.052940E+02	1.125347E+02	
133	1.049621E+02	1.057620E+02	1.130558E+02	
134	1.053188E+02	1.054180E+02	1.128488E+02	
135	1.055214E+02	1.059645E+02	1.124734E+02	
136	1.056368E+02	1.058416E+02	1.130735E+02	
137	1.061958E+02	1.062650E+02	1.127627E+02	
138	1.062616E+02	1.063029E+02	1.130206E+02	
139	1.063291E+02	1.070806E+02	1.130824E+02	
140	1.065292E+02	1.070793E+02	1.132477E+02	
141	1.067916E+02	1.076285E+02	1.132928E+02	
142	1.068558E+02	1.081040E+02	1.133940E+02	
143	1.072127E+02	1.081671E+02	1.132662E+02	
144	1.073892E+02	1.079622E+02	1.137322E+02	
145	1.076436E+02	1.094939E+02	1.143602E+02	
146	1.078577E+02	1.098636E+02	1.145399E+02	
147	1.079554E+02	1.099716E+02	1.140008E+02	
148	1.080363E+02	1.105335E+02	1.147186E+02	
149	1.088764E+02	1.103962E+02	1.153148E+02	
150	1.090394E+02	1.117928E+02	1.152001E+02	
151	1.090799E+02	1.111143E+02	1.154245E+02	
152	1.090238E+02	1.124197E+02	1.158702E+02	
153	1.096039E+02	1.130411E+02	1.160402E+02	
154	1.112244E+02	1.134479E+02	1.162085E+02	
155	1.112878E+02	1.132935E+02	1.165716E+02	
156	1.110281E+02	1.150117E+02	1.173321E+02	
157	1.117335E+02	1.151861E+02	1.169238E+02	
158	1.128633E+02	1.159936E+02	1.170965E+02	
159	1.132992E+02	1.170295E+02	1.180908E+02	
160	1.136843E+02	1.172322E+02	1.186445E+02	
161	1.140390E+02	1.180629E+02	1.185386E+02	
162	1.151884E+02	1.179884E+02	1.190365E+02	
163	1.169121E+02	1.192177E+02	1.194944E+02	
164	1.152020E+02	1.198613E+02	1.193657E+02	
165	1.179181E+02	1.216468E+02	1.196009E+02	
166	1.192328E+02	1.222734E+02	1.200466E+02	
167	1.184797E+02	1.232782E+02	1.203892E+02	
168	1.193973E+02	1.245869E+02	1.213453E+02	
169	1.217044E+02	1.255386E+02	1.212368E+02	
170	1.205331E+02	1.242149E+02	1.216191E+02	
171	1.211815E+02	1.251409E+02	1.215954E+02	
172	1.227827E+02	1.262183E+02	1.223434E+02	
173	1.227685E+02	1.260401E+02	1.226110E+02	
174	1.255922E+02	1.279850E+02	1.227208E+02	
175	1.285844E+02	1.282637E+02	1.227044E+02	
176	1.258106E+02	1.286543E+02	1.233812E+02	
177	1.280405E+02	1.307615E+02	1.234881E+02	
178	1.296113E+02	1.312096E+02	1.238602E+02	
179	1.302578E+02	1.298890E+02	1.243637E+02	
180	1.299351E+02	1.323583E+02	1.246337E+02	
181	1.316341E+02	1.312142E+02	1.246922E+02	
182	1.324921E+02	1.330382E+02	1.252912E+02	
183	1.355857E+02	1.336377E+02	1.258588E+02	
184	1.340045E+02	1.294399E+02	1.260248E+02	
185	1.337363E+02	1.349653E+02	1.260517E+02	
186	1.346462E+02	1.344661E+02	1.263678E+02	
187	1.381682E+02	1.329591E+02	1.267528E+02	
188	1.361747E+02	1.340144E+02	1.265820E+02	
189	1.378961E+02	1.376381E+02	1.270097E+02	
190	1.409980E+02	1.347322E+02	1.270949E+02	
191	1.439188E+02	1.376875E+02	1.272826E+02	
192	1.420281E+02	1.387022E+02	1.272422E+02	
193	1.449717E+02	1.394021E+02	1.271943E+02	
194	1.456026E+02	1.418526E+02	1.275677E+02	
195	1.481024E+02	1.404650E+02	1.276981E+02	
196	1.510536E+02	1.418212E+02	1.274034E+02	
197	1.560347E+02	1.415423E+02	1.276818E+02	
198	1.631960E+02	1.456387E+02	1.272679E+02	
199	1.594321E+02	1.479233E+02	1.280657E+02	
200	1.613682E+02	1.449941E+02	1.281407E+02	
201	1.621166E+02	1.507660E+02	1.283793E+02	
202	1.662147E+02	1.492266E+02	1.280538E+02	
203	1.613582E+02	1.508730E+02	1.278682E+02	
204	1.659385E+02	1.496386E+02	1.288442E+02	
205	1.650659E+02	1.505230E+02	1.288651E+02	
206	1.716695E+02	1.532604E+02	1.287047E+02	
207	1.713269E+02	1.486370E+02	1.295466E+02	
208	1.633918E+02	1.527975E+02	1.292869E+02	
209	1.723856E+02	1.509277E+02	1.293678E+02	
210	1.751379E+02	1.558913E+02	1.293579E+02	
211	1.791012E+02	1.508283E+02	1.290906E+02	
212	1.715121E+02	1.477776E+02	1.294519E+02	
213	1.806928E+02	1.505893E+02	1.288608E+02	
214	1.898960E+02	1.474821E+02	1.288892E+02	
215	1.811000E+02	1.438223E+02	1.287226E+02	
216	1.769802E+02	1.464780E+02	1.285719E+02	
217	1.798981E+02	1.470348E+02	1.287004E+02	
218	1.826699E+02	1.480724E+02	1.280518E+02	
219	1.875750E+02	1.505462E+02	1.279511E+02	
220	1.745320E+02	1.476007E+02	1.289351E+02	
221	1.815003E+02	1.443416E+02	1.276263E+02	
222	1.786124E+02	1.449603E+02	1.287657E+02	
223	1.989594E+02	1.446356E+02	1.278529E+02	
224	1.801048E+02	1.445840E+02	1.283189E+02	
225	1.985827E+02	1.459943E+02	1.283035E+02	
226	1.731784E+02	1.430756E+02	1.286557E+02	
227	1.904041E+02	1.407714E+02	1.283049E+02	
228	1.909451E+02	1.476064E+02	1.285307E+02	
229	1.823325E+02	1.457756E+02	1.287669E+02	
230	1.698273E+02	1.443722E+02	1.285063E+02	
231	1.842970E+02	1.469507E+02	1.283548E+02	
232	1.788542E+02	1.468994E+02	1.281800E+02	
233	1.786284E+02	1.403299E+02	1.284880E+02	
234	1.964596E+02	1.442658E+02	1.278796E+02	
235	1.783672E+02	1.380081E+02	1.276344E+02	
236	1.893713E+02	1.397925E+02	1.274946E+02	
237	2.023922E+02	1.390009E+02	1.277829E+02	
238	1.997744E+02	1.364004E+02	1.272277E+02	
239	1.945861E+02	1.372348E+02	1.280130E+02	
240	2.281117E+02	1.414438E+02	1.276623E+02	
241	2.290288E+02	1.421657E+02	1.278649E+02	
242	2.615908E+02	1.344622E+02	1.276161E+02	
243	2.316557E+02	1.413659E+02	1.280513E+02	
244	2.313135E+02	1.383460E+02	1.276244E+02	
245	2.416744E+02	1.330202E+02	1.278223E+02	
246	2.401360E+02	1.387583E+02	1.279577E+02	
247	2.465802E+02	1.411243E+02	1.274360E+02	
248	2.786333E+02	1.353069E+02	1.271630E+02	
249	2.481250E+02	1.376456E+02	1.270695E+02	
250	2.952136E+02	1.335182E+02	1.270856E+02	
251	2.380651E+02	1.349329E+02	1.268849E+02	
252	3.025649E+02	1.366908E+02	1.268449E+02	
253	2.548025E+02	1.299233E+02	1.270162E+02	
254	2.906003E+02	1.339275E+02	1.268407E+02	
255	2.624402E+02	1.352900E+02	1.263812E+02	
256	2.940645E+02	1.301864E+02	1.263686E+02	
257	2.833004E+02	1.317142E+02	1.261104E+02	
258	3.157993E+02	1.286147E+02	1.262942E+02	
259	2.600230E+02	1.276900E+02	1.260341E+02	
260	2.773459E+02	1.269727E+02	1.265312E+02	
261	3.145906E+02	1.272780E+02	1.262453E+02	
262	3.182165E+02	1.294072E+02	1.262056E+02	
263	2.624402E+02	1.244890E+02	1.260629E+02	
264	0.000000E+00	1.242561E+02	1.265214E+02	
265	2.996244E+02	1.252498E+02	1.260804E+02	
266	3.739928E+02	1.210221E+02	1.262898E+02	
267	3.739928E+02	1.218116E+02	1.259985E+02	
268	3.182165E+02	1.257536E+02	1.256814E+02	
269	3.739928E+02	1.226661E+02	1.262127E+02	
270	0.000000E+00	1.163058E+02	1.262346E+02	
271	3.739928E+02	1.271284E+02	1.261978E+02	
272	3.739928E+02	1.215340E+02	1.267035E+02	
273	3.739928E+02	1.222519E+02	1.266187E+02	
274	0.000000E+00	1.219270E+02	1.263758E+02	
275	3.739928E+02	1.233556E+02	1.264154E+02	
276	3.739928E+02	1.208443E+02	1.266598E+02	
277	3.739928E+02	1.183233E+02	1.262562E+02	
278	3.739928E+02	1.243854E+02	1.264276E+02	
279	3.739928E+02	1.197805E+02	1.263319E+02	
280	3.739928E+02	1.186031E+02	1.263395E+02	
281	3.739928E+02	1.232995E+02	1.259763E+02	
282	0.000000E+00	1.227624E+02	1.261809E+02	
283	3.739928E+02	1.239955E+02	1.262517E+02	
284	3.739928E+02	1.255223E+02	1.265839E+02	
285	3.739928E+02	1.254397E+02	1.264381E+02	
286	3.739928E+02	1.243499E+02	1.259527E+02	
287	3.739928E+02	1.279473E+02	1.262622E+02	
288	3.739928E+02	1.224229E+02	1.264339E+02	
289	3.739928E+02	1.215479E+02	1.261561E+02	
290	0.000000E+00	1.196689E+02	1.260754E+02	
291	0.000000E+00	1.247026E+02	1.256010E+02	
292	0.000000E+00	1.212852E+02	1.267818E+02	
293	0.000000E+00	1.236657E+02	1.262793E+02	
294	0.000000E+00	1.187323E+02	1.262278E+02	
295	0.000000E+00	1.207407E+02	1.265722E+02	
296	0.000000E+00	1.248274E+02	1.268573E+02	
297	0.000000E+00	1.198984E+02	1.262384E+02	
298	0.000000E+00	1.203769E+02	1.267444E+02	
299	0.000000E+00	1.195925E+02	1.261792E+02	
300	0.000000E+00	1.187263E+02	1.264472E+02	
301	0.000000E+00	1.184167E+02	1.261484E+02	
302	0.000000E+00	1.202070E+02	1.261313E+02	
303	0.000000E+00	1.188868E+02	1.262091E+02	
304	0.000000E+00	1.176644E+02	1.260540E+02	
305	0.000000E+00	1.215684E+02	1.261343E+02	
306	0.000000E+00	1.222485E+02	1.261974E+02	
307	0.000000E+00	1.209247E+02	1.264418E+02	
308	0.000000E+00	1.217554E+02	1.262407E+02	
309	0.000000E+00	1.258063E+02	1.256542E+02	
310	0.000000E+00	1.180302E+02	1.262282E+02	
311	0.000000E+00	1.241579E+02	1.260153E+02	
312	0.000000E+00	1.218065E+02	1.259982E+02	
313	0.000000E+00	1.252663E+02	1.258321E+02	
314	0.000000E+00	1.243182E+02	1.257619E+02	
315	0.000000E+00	1.231964E+02	1.261979E+02	
316	0.000000E+00	1.261908E+02	1.254992E+02	
317	0.000000E+00	1.216783E+02	1.261704E+02	
318	0.000000E+00	1.214858E+02	1.256663E+02	
319	0.000000E+00	1.181702E+02	1.254244E+02	
320	0.000000E+00	1.195688E+02	1.260554E+02	
321	0.000000E+00	1.228168E+02	1.252956E+02	
322	0.000000E+00	1.199344E+02	1.257030E+02	
323	0.000000E+00	1.238375E+02	1.255778E+02	
324	0.000000E+00	1.260615E+02	1.254861E+02	
325	0.000000E+00	1.193269E+02	1.258300E+02	
326	0.000000E+00	1.193445E+02	1.253344E+02	
327	0.000000E+00	1.178995E+02	1.253933E+02	
328	0.000000E+00	1.210796E+02	1.254810E+02	
329	0.000000E+00	1.193282E+02	1.259692E+02	
330	0.000000E+00	1.216474E+02	1.259583E+02	
331	0.000000E+00	1.165247E+02	1.255585E+02	
332	0.000000E+00	1.224365E+02	1.261211E+02	
333	0.000000E+00	1.230821E+02	1.260138E+02	
334	0.000000E+00	1.196019E+02	1.256596E+02	
335	0.000000E+00	1.249261E+02	1.263331E+02	
336	0.000000E+00	1.202536E+02	1.256568E+02	
337	0.000000E+00	1.183821E+02	1.260120E+02	
338	0.000000E+00	1.192821E+02	1.259554E+02	
339	0.000000E+00	1.205741E+02	1.260871E+02	
340	0.000000E+00	1.180194E+02	1.260139E+02	
341	0.000000E+00	1.197962E+02	1.262639E+02	
342	0.000000E+00	1.212426E+02	1.265357E+02	
343	0.000000E+00	1.202920E+02	1.267224E+02	
344	0.000000E+00	1.243022E+02	1.261749E+02	
345	0.000000E+00	1.199148E+02	1.262396E+02	
346	0.000000E+00	1.180859E+02	1.262279E+02	
347	0.000000E+00	1.242209E+02	1.267954E+02	
348	0.000000E+00	1.255270E+02	1.262276E+02	
349	0.000000E+00	1.205306E+02	1.268394E+02	
350	0.000000E+00	1.250773E+02	1.265526E+02	
351	0.000000E+00	1.204314E+02	1.261370E+02	
352	0.000000E+00	1.265564E+02	1.261048E+02	
353	0.000000E+00	1.235846E+02	1.264426E+02	
354	0.000000E+00	1.278879E+02	1.266530E+02	
355	0.000000E+00	1.206914E+02	1.261974E+02	
356	0.000000E+00	1.248474E+02	1.271964E+02	
357	0.000000E+00	1.235005E+02	1.260161E+02	
358	0.000000E+00	1.296655E+02	1.267001E+02	
359	0.000000E+00	1.234423E+02	1.264363E+02	
360	0.000000E+00	1.261654E+02	1.262416E+02	
361	0.000000E+00	1.263632E+02	1.263159E+02	
362	0.000000E+00	1.271562E+02	1.260558E+02	
363	0.000000E+00	1.242209E+02	1.260136E+02	
364	0.000000E+00	1.254147E+02	1.261577E+02	
365	0.000000E+00	1.195501E+02	1.261721E+02	
366	0.000000E+00	1.229322E+02	1.258366E+02	
367	0.000000E+00	1.232867E+02	1.256675E+02	
368	0.000000E+00	1.243056E+02	1.255612E+02	
369	0.000000E+00	1.216148E+02	1.258460E+02	
370	0.000000E+00	1.236472E+02	1.251428E+02	
371	0.000000E+00	1.214778E+02	1.259484E+02	
372	0.000000E+00	1.237791E+02	1.262381E+02	
373	0.000000E+00	1.232865E+02	1.253726E+02	
374	0.000000E+00	1.216225E+02	1.257578E+02	
375	0.000000E+00	1.239100E+02	1.257454E+02	
376	0.000000E+00	1.198011E+02	1.255467E+02	
377	0.000000E+00	1.202987E+02	1.256873E+02	
378	0.000000E+00	1.206888E+02	1.260540E+02	
379	0.000000E+00	1.276089E+02	1.255797E+02	
380	0.000000E+00	1.183006E+02	1.257109E+02	
381	0.000000E+00	1.236876E+02	1.253656E+02	
382	0.000000E+00	1.286195E+02	1.256758E+02	
383	0.000000E+00	1.226065E+02	1.249350E+02	
384	0.000000E+00	1.274944E+02	1.246678E+02	
385	0.000000E+00	1.257427E+02	1.253877E+02	
386	0.000000E+00	1.218928E+02	1.258301E+02	
387	0.000000E+00	1.259625E+02	1.249214E+02	
388	0.000000E+00	1.272769E+02	1.246587E+02	
389	0.000000E+00	1.256190E+02	1.250574E+02	
390	0.000000E+00	1.259449E+02	1.248472E+02	
391	0.000000E+00	1.210336E+02	1.250327E+02	
392	0.000000E+00	1.190537E+02	1.248533E+02	
393	0.000000E+00	1.246698E+02	1.256071E+02	
394	0.000000E+00	1.222945E+02	1.252853E+02	
395	0.000000E+00	1.257840E+02	1.246866E+02	
396	0.000000E+00	1.258127E+02	1.257639E+02	
397	0.000000E+00	1.238821E+02	1.254751E+02	
398	0.000000E+00	1.217470E+02	1.247211E+02	
399	0.000000E+00	1.235521E+02	1.262178E+02	
400	0.000000E+00	1.266333E+02	1.251165E+02	
401	0.000000E+00	1.275311E+02	1.259397E+02	
402	0.000000E+00	1.291783E+02	1.252483E+02	
403	0.000000E+00	1.202031E+02	1.255795E+02	
404	0.000000E+00	1.244976E+02	1.260223E+02	
405	0.000000E+00	1.208930E+02	1.255330E+02	
406	0.000000E+00	1.217342E+02	1.254705E+02	
407	0.000000E+00	1.267416E+02	1.254427E+02	
408	0.000000E+00	1.236443E+02	1.253898E+02	
409	0.000000E+00	1.174222E+02	1.246904E+02	
410	0.000000E+00	1.210742E+02	1.250909E+02	
411	0.000000E+00	1.187738E+02	1.242144E+02	
412	0.000000E+00	1.240881E+02	1.250348E+02	
413	0.000000E+00	1.173077E+02	1.244184E+02	
414	0.000000E+00	1.218315E+02	1.241587E+02	
415	0.000000E+00	1.105186E+02	1.245286E+02	
416	0.000000E+00	1.132331E+02	1.250119E+02	
417	0.000000E+00	1.125581E+02	1.245999E+02	
418	0.000000E+00	1.121659E+02	1.248760E+02	
419	0.000000E+00	1.189290E+02	1.257231E+02	
420	0.000000E+00	1.091128E+02	1.237715E+02	
421	0.000000E+00	1.197479E+02	1.259945E+02	
422	0.000000E+00	1.190464E+02	1.248354E+02	
423	0.000000E+00	1.174308E+02	1.246213E+02	
424	0.000000E+00	1.094244E+02	1.246053E+02	
425	0.000000E+00	1.162715E+02	1.238869E+02	
426	0.000000E+00	1.165731E+02	1.251161E+02	
427	0.000000E+00	1.133673E+02	1.230818E+02	
428	0.000000E+00	1.058912E+02	1.238282E+02	
429	0.000000E+00	1.190141E+02	1.239618E+02	
430	0.000000E+00	1.152364E+02	1.254190E+02	
431	0.000000E+00	1.145620E+02	1.248272E+02	
432	0.000000E+00	1.140929E+02	1.235435E+02	
433	0.000000E+00	1.186020E+02	1.252086E+02	
434	0.000000E+00	1.182081E+02	1.248772E+02	
435	0.000000E+00	1.160558E+02	1.247020E+02	
436	0.000000E+00	1.213482E+02	1.245311E+02	
437	0.000000E+00	1.220190E+02	1.251735E+02	
438	0.000000E+00	1.215566E+02	1.229791E+02	
439	0.000000E+00	1.146302E+02	1.251097E+02	
440	0.000000E+00	1.148529E+02	1.246039E+02	
441	0.000000E+00	1.129919E+02	1.243866E+02	
442	0.000000E+00	1.215772E+02	1.241150E+02	
443	0.000000E+00	1.132106E+02	1.229379E+02	
444	0.000000E+00	1.263453E+02	1.244307E+02	
445	0.000000E+00	1.193940E+02	1.239432E+02	
446	0.000000E+00	1.231759E+02	1.235626E+02	
447	0.000000E+00	1.119819E+02	1.259393E+02	
448	0.000000E+00	1.091012E+02	1.243254E+02	
449	0.000000E+00	1.126570E+02	1.249713E+02	
450	0.000000E+00	1.113047E+02	1.237454E+02	
451	0.000000E+00	1.100584E+02	1.248516E+02	
452	0.000000E+00	1.120289E+02	1.249464E+02	
453	0.000000E+00	1.107945E+02	1.242205E+02	
454	0.000000E+00	1.081959E+02	1.247126E+02	
455	0.000000E+00	1.201118E+02	1.233376E+02	
456	0.000000E+00	1.081526E+02	1.241429E+02	
457	0.000000E+00	1.116028E+02	1.260322E+02	
458	0.000000E+00	1.117008E+02	1.251122E+02	
459	0.000000E+00	1.048134E+02	1.246427E+02	
460	0.000000E+00	9.794677E+01	1.234680E+02	
461	0.000000E+00	1.032434E+02	1.243880E+02	
462	0.000000E+00	1.104964E+02	1.251862E+02	
463	0.000000E+00	1.098345E+02	1.263032E+02	
464	0.000000E+00	1.146534E+02	1.237322E+02	
465	0.000000E+00	1.139842E+02	1.240133E+02	
466	0.000000E+00	1.047129E+02	1.235913E+02	
467	0.000000E+00	1.027844E+02	1.239764E+02	
468	0.000000E+00	1.147701E+02	1.224152E+02	
469	0.000000E+00	9.278432E+01	1.248048E+02	
470	0.000000E+00	9.715278E+01	1.232603E+02	
471	0.000000E+00	1.203168E+02	1.215757E+02	
472	0.000000E+00	1.065367E+02	1.243204E+02	
473	0.000000E+00	1.118819E+02	1.224660E+02	
474	0.000000E+00	1.156498E+02	1.207333E+02	
475	0.000000E+00	1.097077E+02	1.210553E+02	
476	0.000000E+00	1.257984E+02	1.184355E+02	
477	0.000000E+00	1.031974E+02	1.202922E+02	
478	0.000000E+00	1.083125E+02	1.189628E+02	
479	0.000000E+00	9.214189E+01	1.228309E+02	
480	0.000000E+00	1.147740E+02	1.189539E+02	
481	0.000000E+00	1.141518E+02	1.227438E+02	
482	0.000000E+00	1.192073E+02	1.223163E+02	
483	0.000000E+00	1.261130E+02	1.203737E+02	
484	0.000000E+00	1.513772E+02	1.299304E+02	
485	0.000000E+00	1.332195E+02	1.173937E+02	
486	0.000000E+00	2.283746E+02	1.320479E+02	
487	0.000000E+00	1.331853E+02	1.176097E+02	
488	0.000000E+00	1.605627E+02	1.270885E+02	
489	0.000000E+00	1.589807E+02	1.160583E+02	
490	0.000000E+00	9.596175E+01	1.170227E+02	
491	0.000000E+00	1.719102E+02	1.175716E+02	
492	0.000000E+00	1.312238E+02	1.159347E+02	
493	0.000000E+00	2.283746E+02	1.420032E+02	
494	0.000000E+00	1.401563E+02	1.134665E+02	
495	0.000000E+00	2.283746E+02	1.232033E+02	
496	0.000000E+00	1.754173E+02	1.123612E+02	
497	0.000000E+00	1.605627E+02	1.223328E+02	
498	0.000000E+00	1.346386E+02	1.139851E+02	
499	0.000000E+00	1.357453E+02	1.114191E+02	
500	0.000000E+00	0.000000E+00	0.000000E+00	
501	0.000000E+00	1.677382E+02	1.127654E+02	
502	0.000000E+00	0.000000E+00	0.000000E+00	
503	0.000000E+00	1.567134E+02	1.177798E+02	
504	0.000000E+00	0.000000E+00	0.000000E+00	
505	0.000000E+00	2.057889E+02	1.134968E+02	
506	0.000000E+00	2.283746E+02	1.237681E+02	
507	0.000000E+00	0.000000E+00	0.000000E+00	
508	0.000000E+00	1.154459E+02	1.119161E+02	
509	0.000000E+00	0.000000E+00	0.000000E+00	
510	0.000000E+00	1.530888E+02	1.074911E+02	
511	0.000000E+00	0.000000E+00	0.000000E+00	
512	0.000000E+00	0.000000E+00	1.188144E+02	
513	0.000000E+00	0.000000E+00	0.000000E+00	
514	0.000000E+00	0.000000E+00	0.000000E+00	
515	0.000000E+00	0.000000E+00	1.152110E+02	
516	0.000000E+00	0.000000E+00	0.000000E+00	
517	0.000000E+00	0.000000E+00	1.364287E+02	
518	0.000000E+00	0.000000E+00	0.000000E+00	
519	0.000000E+00	0.000000E+00	2.131925E+02	
520	0.000000E+00	0.000000E+00	0.000000E+00	
521	0.000000E+00	0.000000E+00	0.000000E+00	
522	0.000000E+00	0.000000E+00	0.000000E+00	
523	0.000000E+00	0.000000E+00	0.000000E+00	
524	0.000000E+00	0.000000E+00	0.000000E+00	
525	0.000000E+00	0.000000E+00	0.000000E+00	
526	0.000000E+00	0.000000E+00	0.000000E+00	
527	0.000000E+00	0.000000E+00	0.000000E+00	
528	0.000000E+00	0.000000E+00	0.000000E+00	
529	0.000000E+00	0.000000E+00	0.000000E+00	
530	0.000000E+00	0.000000E+00	0.000000E+00	
531	0.000000E+00	0.000000E+00	0.000000E+00	
532	0.000000E+00	0.000000E+00	0.000000E+00	
533	0.000000E+00	0.000000E+00	0.000000E+00	
534	0.000000E+00	0.000000E+00	0.000000E+00	
535	0.000000E+00	0.000000E+00	0.000000E+00	
536	0.000000E+00	0.000000E+00	0.000000E+00	
537	0.000000E+00	0.000000E+00	0.000000E+00	
538	0.000000E+00	0.000000E+00	0.000000E+00	
539	0.000000E+00	0.000000E+00	0.000000E+00	
540	0.000000E+00	0.000000E+00	0.000000E+00	
541	0.000000E+00	0.000000E+00	0.000000E+00	
542	0.000000E+00	0.000000E+00	0.000000E+00	
543	0.000000E+00	0.000000E+00	0.000000E+00	
544	0.000000E+00	0.000000E+00	0.000000E+00	
545	0.000000E+00	0.000000E+00	0.000000E+00	
546	0.000000E+00	0.000000E+00	0.000000E+00	
547	0.000000E+00	0.000000E+00	0.000000E+00	
548	0.000000E+00	0.000000E+00	0.000000E+00	
549	0.000000E+00	0.000000E+00	0.000000E+00	
550	0.000000E+00	0.000000E+00	0.000000E+00	
551	0.000000E+00	0.000000E+00	0.000000E+00	
552	0.000000E+00	0.000000E+00	0.000000E+00	
553	0.000000E+00	0.000000E+00	0.000000E+00	
554	0.000000E+00	0.000000E+00	0.000000E+00	
555	0.000000E+00	0.000000E+00	0.000000E+00	
556	0.000000E+00	0.000000E+00	0.000000E+00	
557	0.000000E+00	0.000000E+00	0.000000E+00	
558	0.000000E+00	0.000000E+00	0.000000E+00	
559	0.000000E+00	0.000000E+00	0.000000E+00	
560	0.000000E+00	0.000000E+00	0.000000E+00	
561	0.000000E+00	0.000000E+00	0.000000E+00	
562	0.000000E+00	0.000000E+00	0.000000E+00	
563	0.000000E+00	0.000000E+00	0.000000E+00	
564	0.000000E+00	0.000000E+00	0.000000E+00	
565	0.000000E+00	0.000000E+00	0.000000E+00	
566	0.000000E+00	0.000000E+00	0.000000E+00	
567	0.000000E+00	0.000000E+00	0.000000E+00	
568	0.000000E+00	0.000000E+00	0.000000E+00	
569	0.000000E+00	0.000000E+00	0.000000E+00	
570	0.000000E+00	0.000000E+00	0.000000E+00	
571	0.000000E+00	0.000000E+00	0.000000E+00	
572	0.000000E+00	0.000000E+00	0.000000E+00	
573	0.000000E+00	0.000000E+00	0.000000E+00	
574	0.000000E+00	0.000000E+00	0.000000E+00	
575	0.000000E+00	0.000000E+00	0.000000E+00	
576	0.000000E+00	0.000000E+00	0.000000E+00	
577	0.000000E+00	0.000000E+00	0.000000E+00	
578	0.000000E+00	0.000000E+00	0.000000E+00	
579	0.000000E+00	0.000000E+00	0.000000E+00	
580	0.000000E+00	0.000000E+00	0.000000E+00	
581	0.000000E+00	0.000000E+00	0.000000E+00	
582	0.000000E+00	0.000000E+00	0.000000E+00	
583	0.000000E+00	0.000000E+00	0.000000E+00	
584	0.000000E+00	0.000000E+00	0.000000E+00	
585	0.000000E+00	0.000000E+00	0.000000E+00	
586	0.000000E+00	0.000000E+00	0.000000E+00	
587	0.000000E+00	0.000000E+00	0.000000E+00	
588	0.000000E+00	0.000000E+00	0.000000E+00	
589	0.000000E+00	0.000000E+00	0.000000E+00	
590	0.000000E+00	0.000000E+00	0.000000E+00	
591	0.000000E+00	0.000000E+00	0.000000E+00	
592	0.000000E+00	0.000000E+00	0.000000E+00	
593	0.000000E+00	0.000000E+00	0.000000E+00	
594	0.000000E+00	0.000000E+00	0.000000E+00	
595	0.000000E+00	0.000000E+00	0.000000E+00	
596	0.000000E+00	0.000000E+00	0.000000E+00	
597	0.000000E+00	0.000000E+00	0.000000E+00	
598	0.000000E+00	0.000000E+00	0.000000E+00	
599	0.000000E+00	0.000000E+00	0.000000E+00	
#NewRun
0	1.135111E+02	1.165225E+02	0.000000E+00	
1	0.000000E+00	0.000000E+00	0.000000E+00	
2	0.000000E+00	0.000000E+00	0.000000E+00	
3	0.000000E+00	0.000000E+00	0.000000E+00	
4	1.185802E+02	1.168851E+02	1.111135E+02	
5	1.190957E+02	1.153629E+02	1.501904E+02	
6	1.163404E+02	1.147901E+02	1.006380E+02	
7	0.000000E+00	0.000000E+00	0.000000E+00	
8	1.169471E+02	1.151035E+02	1.589406E+02	
9	1.170831E+02	1.156223E+02	1.685291E+02	
10	0.000000E+00	0.000000E+00	0.000000E+00	
11	1.172201E+02	1.142678E+02	1.485808E+02	
12	1.168304E+02	1.150837E+02	1.461987E+02	
13	1.165678E+02	1.148163E+02	1.368637E+02	
14	1.169789E+02	1.156277E+02	1.254204E+02	
15	0.000000E+00	0.000000E+00	0.000000E+00	
16	1.170254E+02	1.154727E+02	1.363448E+02	
17	1.177667E+02	1.155009E+02	1.455009E+02	
18	1.170485E+02	1.149790E+02	1.323022E+02	
19	1.172865E+02	1.139116E+02	1.189763E+02	
20	1.166294E+02	1.143547E+02	1.529560E+02	
21	1.165527E+02	1.156594E+02	1.390739E+02	
22	1.171979E+02	1.143376E+02	1.495620E+02	
23	1.177290E+02	1.139468E+02	1.365220E+02	
24	1.159103E+02	1.142863E+02	1.551156E+02	
25	1.172231E+02	1.142071E+02	1.470166E+02	
26	1.168468E+02	1.137440E+02	1.413821E+02	
27	1.166720E+02	1.139561E+02	1.589319E+02	
28	1.163279E+02	1.134316E+02	1.421239E+02	
29	1.165003E+02	1.129181E+02	1.497655E+02	
30	1.158094E+02	1.133419E+02	1.510334E+02	
31	1.163779E+02	1.126557E+02	1.422261E+02	
32	1.158948E+02	1.127169E+02	1.451052E+02	
33	1.158808E+02	1.128424E+02	1.451263E+02	
34	1.156622E+02	1.119673E+02	1.483147E+02	
35	1.153015E+02	1.125810E+02	1.496429E+02	
36	1.154282E+02	1.123700E+02	1.436756E+02	
37	1.149756E+02	1.120619E+02	1.404505E+02	
38	1.146352E+02	1.121211E+02	1.445419E+02	
39	1.147119E+02	1.114993E+02	1.412270E+02	
40	1.145160E+02	1.121176E+02	1.414430E+02	
41	1.141891E+02	1.113920E+02	1.424984E+02	
42	1.138951E+02	1.110875E+02	1.396961E+02	
43	1.143103E+02	1.115885E+02	1.419647E+02	
44	1.136171E+02	1.112500E+02	1.410333E+02	
45	1.139372E+02	1.111538E+02	1.388877E+02	
46	1.135982E+02	1.108167E+02	1.388669E+02	
47	1.130976E+02	1.107306E+02	1.407907E+02	
48	1.135668E+02	1.102431E+02	1.367986E+02	
49	1.129263E+02	1.100290E+02	1.378338E+02	
50	1.131481E+02	1.099192E+02	1.342723E+02	
51	1.129648E+02	1.096036E+02	1.385259E+02	
52	1.127926E+02	1.098585E+02	1.343026E+02	
53	1.123737E+02	1.096743E+02	1.319759E+02	
54	1.118955E+02	1.093163E+02	1.313411E+02	
55	1.116509E+02	1.094244E+02	1.302046E+02	
56	1.119327E+02	1.091114E+02	1.318189E+02	
57	1.113172E+02	1.090199E+02	1.294311E+02	
58	1.115902E+02	1.089366E+02	1.292587E+02	
59	1.114438E+02	1.088934E+02	1.309114E+02	
60	1.113213E+02	1.088626E+02	1.279859E+02	
61	1.106894E+02	1.084905E+02	1.256024E+02	
62	1.106499E+02	1.082445E+02	1.265087E+02	
63	1.108671E+02	1.083077E+02	1.256742E+02	
64	1.102134E+02	1.078699E+02	1.221892E+02	
65	1.101191E+02	1.076952E+02	1.238187E+02	
66	1.096667E+02	1.076661E+02	1.241476E+02	
67	1.100269E+02	1.073811E+02	1.240396E+02	
68	1.095570E+02	1.074544E+02	1.243909E+02	
69	1.093269E+02	1.070192E+02	1.218009E+02	
70	1.088508E+02	1.068523E+02	1.214418E+02	
71	1.089650E+02	1.068416E+02	1.224533E+02	
72	1.084908E+02	1.069431E+02	1.199614E+02	
73	1.082101E+02	1.066915E+02	1.202565E+02	
74	1.081223E+02	1.065318E+02	1.195124E+02	
75	1.080707E+02	1.064420E+02	1.198308E+02	
76	1.074631E+02	1.063842E+02	1.185192E+02	
77	1.076139E+02	1.059384E+02	1.196457E+02	
78	1.072531E+02	1.060188E+02	1.174518E+02	
79	1.074723E+02	1.055788E+02	1.191777E+02	
80	1.070430E+02	1.058057E+02	1.176045E+02	
81	1.067362E+02	1.056617E+02	1.154275E+02	
82	1.070456E+02	1.053776E+02	1.173455E+02	
83	1.070139E+02	1.051031E+02	1.153166E+02	
84	1.067430E+02	1.052066E+02	1.159439E+02	
85	1.066828E+02	1.049147E+02	1.154675E+02	
86	1.065365E+02	1.047373E+02	1.148582E+02	
87	1.064429E+02	1.047915E+02	1.156467E+02	
88	1.063073E+02	1.045328E+02	1.143623E+02	
89	1.062580E+02	1.045482E+02	1.156278E+02	
90	1.060680E+02	1.041202E+02	1.147669E+02	
91	1.062011E+02	1.044923E+02	1.154015E+02	
92	1.060354E+02	1.042571E+02	1.143148E+02	
93	1.058408E+02	1.041249E+02	1.149073E+02	
94	1.057340E+02	1.038100E+02	1.153094E+02	
95	1.056866E+02	1.038784E+02	1.145218E+02	
96	1.056084E+02	1.036072E+02	1.145263E+02	
97	1.057328E+02	1.036875E+02	1.136093E+02	
98	1.055705E+02	1.032564E+02	1.144904E+02	
99	1.056224E+02	1.032816E+02	1.143820E+02	
100	1.055974E+02	1.033498E+02	1.131600E+02	
101	1.052251E+02	1.032907E+02	1.131849E+02	
102	1.054343E+02	1.032237E+02	1.139166E+02	
103	1.054425E+02	1.029618E+02	1.127712E+02	
104	1.052764E+02	1.031807E+02	1.127698E+02	
105	1.050285E+02	1.032715E+02	1.129634E+02	
106	1.050711E+02	1.031551E+02	1.127798E+02	
107	1.050697E+02	1.029578E+02	1.126602E+02	
108	1.048010E+02	1.030280E+02	1.124890E+02	
109	1.050103E+02	1.031763E+02	1.116501E+02	
110	1.049208E+02	1.028433E+02	1.118641E+02	
111	1.051027E+02	1.029097E+02	1.124375E+02	
112	1.049132E+02	1.028548E+02	1.122994E+02	
113	1.049277E+02	1.030055E+02	1.120139E+02	
114	1.047267E+02	1.027730E+02	1.122633E+02	
115	1.048975E+02	1.030692E+02	1.119125E+02	
116	1.046251E+02	1.028136E+02	1.122328E+02	
117	1.048023E+02	1.029108E+02	1.118598E+02	
118	1.048995E+02	1.029959E+02	1.120900E+02	
119	1.047793E+02	1.032347E+02	1.118621E+02	
120	1.046002E+02	1.030775E+02	1.115606E+02	
121	1.046784E+02	1.030018E+02	1.119860E+02	
122	1.048560E+02	1.032716E+02	1.118286E+02	
123	1.048712E+02	1.034300E+02	1.120799E+02	
124	1.047566E+02	1.033778E+02	1.117937E+02	
125	1.046010E+02	1.036432E+02	1.119456E+02	
126	1.047700E+02	1.035589E+02	1.123402E+02	
127	1.048508E+02	1.037819E+02	1.120567E+02	
128	1.048158E+02	1.035162E+02	1.124421E+02	
129	1.048364E+02	1.034239E+02	1.125214E+02	
130	1.053819E+02	1.040402E+02	1.129085E+02	
131	1.050626E+02	1.040009E+02	1.128335E+02	
132	1.051553E+02	1.038221E+02	1.128654E+02	
133	1.052399E+02	1.042845E+02	1.134121E+02	
134	1.052427E+02	1.042597E+02	1.129130E+02	
135	1.056449E+02	1.046791E+02	1.131282E+02	
136	1.057807E+02	1.048699E+02	1.127557E+02	
137	1.064901E+02	1.047948E+02	1.135658E+02	
138	1.060658E+02	1.050407E+02	1.131042E+02	
139	1.061318E+02	1.058338E+02	1.131089E+02	
140	1.060939E+02	1.052085E+02	1.134741E+02	
141	1.064543E+02	1.053399E+02	1.132567E+02	
142	1.059965E+02	1.060159E+02	1.134155E+02	
143	1.065251E+02	1.064341E+02	1.134617E+02	
144	1.069050E+02	1.061687E+02	1.132460E+02	
145	1.071578E+02	1.063256E+02	1.137879E+02	
146	1.071766E+02	1.069776E+02	1.136139E+02	
147	1.076192E+02	1.070754E+02	1.149386E+02	
148	1.083244E+02	1.073563E+02	1.146223E+02	
149	1.078512E+02	1.068479E+02	1.148556E+02	
150	1.083117E+02	1.075133E+02	1.151973E+02	
151	1.088655E+02	1.074623E+02	1.156094E+02	
152	1.088415E+02	1.083240E+02	1.161015E+02	
153	1.094567E+02	1.089311E+02	1.167393E+02	
154	1.094879E+02	1.087973E+02	1.159604E+02	
155	1.094814E+02	1.099000E+02	1.166753E+02	
156	1.098900E+02	1.100404E+02	1.170335E+02	
157	1.098257E+02	1.105138E+02	1.175722E+02	
158	1.104457E+02	1.114803E+02	1.182997E+02	
159	1.103384E+02	1.118814E+02	1.185772E+02	
160	1.109959E+02	1.127477E+02	1.181188E+02	
161	1.115149E+02	1.140349E+02	1.192073E+02	
162	1.123735E+02	1.152964E+02	1.192624E+02	
163	1.119668E+02	1.151575E+02	1.195692E+02	
164	1.135226E+02	1.157907E+02	1.198749E+02	
165	1.135434E+02	1.171827E+02	1.201674E+02	
166	1.140733E+02	1.180461E+02	1.202999E+02	
167	1.142294E+02	1.168837E+02	1.204056E+02	
168	1.148878E+02	1.184709E+02	1.207851E+02	
169	1.155742E+02	1.202152E+02	1.212647E+02	
170	1.154510E+02	1.198206E+02	1.209721E+02	
171	1.148385E+02	1.211465E+02	1.213413E+02	
172	1.169762E+02	1.208190E+02	1.216349E+02	
173	1.170647E+02	1.212953E+02	1.217322E+02	
174	1.164848E+02	1.223723E+02	1.220201E+02	
175	1.175363E+02	1.236375E+02	1.222259E+02	
176	1.177078E+02	1.250335E+02	1.227872E+02	
177	1.168594E+02	1.248788E+02	1.228208E+02	
178	1.195962E+02	1.249859E+02	1.226648E+02	
179	1.173395E+02	1.260050E+02	1.236446E+02	
180	1.198768E+02	1.293299E+02	1.235789E+02	
181	1.174476E+02	1.277760E+02	1.236328E+02	
182	1.193923E+02	1.298498E+02	1.240279E+02	
183	1.187966E+02	1.303764E+02	1.232287E+02	
184	1.213327E+02	1.311248E+02	1.246497E+02	
185	1.243622E+02	1.307680E+02	1.245894E+02	
186	1.224402E+02	1.332990E+02	1.248626E+02	
187	1.238205E+02	1.342113E+02	1.255553E+02	
188	1.237561E+02	1.328162E+02	1.259016E+02	
189	1.275110E+02	1.352353E+02	1.256792E+02	
190	1.314704E+02	1.353808E+02	1.259287E+02	
191	1.296769E+02	1.341821E+02	1.262630E+02	
192	1.299177E+02	1.377004E+02	1.272926E+02	
193	1.323347E+02	1.416141E+02	1.260719E+02	
194	1.312600E+02	1.405169E+02	1.263957E+02	
195	1.355454E+02	1.422703E+02	1.267113E+02	
196	1.372321E+02	1.434238E+02	1.271451E+02	
197	1.333325E+02	1.435423E+02	1.267798E+02	
198	1.398052E+02	1.452981E+02	1.275925E+02	
199	1.422043E+02	1.459869E+02	1.269380E+02	
200	1.386768E+02	1.426268E+02	1.276920E+02	
201	1.418817E+02	1.447920E+02	1.276117E+02	
202	1.414384E+02	1.484258E+02	1.273184E+02	
203	1.409673E+02	1.456985E+02	1.276419E+02	
204	1.461539E+02	1.467668E+02	1.280592E+02	
205	1.390521E+02	1.455301E+02	1.277746E+02	
206	1.466965E+02	1.445438E+02	1.278291E+02	
207	1.462787E+02	1.429396E+02	1.282907E+02	
208	1.457299E+02	1.455239E+02	1.278614E+02	
209	1.437042E+02	1.444728E+02	1.284085E+02	
210	1.562559E+02	1.456862E+02	1.285697E+02	
211	1.569255E+02	1.423673E+02	1.288648E+02	
212	1.618572E+02	1.452076E+02	1.283875E+02	
213	1.571543E+02	1.488999E+02	1.284827E+02	
214	1.611770E+02	1.456860E+02	1.291088E+02	
215	1.743861E+02	1.465746E+02	1.287933E+02	
216	1.693485E+02	1.459636E+02	1.278458E+02	
217	1.702266E+02	1.454882E+02	1.283540E+02	
218	1.622487E+02	1.495451E+02	1.275054E+02	
219	1.673130E+02	1.497450E+02	1.279354E+02	
220	1.705252E+02	1.489148E+02	1.273408E+02	
221	1.738052E+02	1.510271E+02	1.273231E+02	
222	1.697603E+02	1.495794E+02	1.272322E+02	
223	1.734324E+02	1.497679E+02	1.268958E+02	
224	1.797106E+02	1.491746E+02	1.269148E+02	
225	1.796619E+02	1.501020E+02	1.273665E+02	
226	1.666582E+02	1.473350E+02	1.279218E+02	
227	1.776023E+02	1.489812E+02	1.274726E+02	
228	1.836835E+02	1.522031E+02	1.277132E+02	
229	1.734084E+02	1.473243E+02	1.272743E+02	
230	1.896533E+02	1.475218E+02	1.282783E+02	
231	1.635361E+02	1.473541E+02	1.271803E+02	
232	1.815919E+02	1.459224E+02	1.277458E+02	
233	1.709126E+02	1.444732E+02	1.270154E+02	
234	1.945772E+02	1.449805E+02	1.277607E+02	
235	1.877004E+02	1.467923E+02	1.272664E+02	
236	2.031332E+02	1.427595E+02	1.272604E+02	
237	1.882256E+02	1.406387E+02	1.274741E+02	
238	2.079122E+02	1.425215E+02	1.276440E+02	
239	2.046191E+02	1.453117E+02	1.269939E+02	
240	1.960238E+02	1.427719E+02	1.269897E+02	
241	1.789780E+02	1.476873E+02	1.275944E+02	
242	1.793607E+02	1.422679E+02	1.269704E+02	
243	2.223573E+02	1.387710E+02	1.269416E+02	
244	1.920696E+02	1.350656E+02	1.269235E+02	
245	2.138983E+02	1.377420E+02	1.266692E+02	
246	2.140257E+02	1.350548E+02	1.265240E+02	
247	2.246679E+02	1.410891E+02	1.271250E+02	
248	2.159741E+02	1.330697E+02	1.273958E+02	
249	2.216024E+02	1.352659E+02	1.271115E+02	
250	2.154083E+02	1.405969E+02	1.268611E+02	
251	2.086399E+02	1.383730E+02	1.262898E+02	
252	2.361423E+02	1.324390E+02	1.275686E+02	
253	2.007099E+02	1.361777E+02	1.263315E+02	
254	1.923674E+02	1.372742E+02	1.272907E+02	
255	2.115808E+02	1.374204E+02	1.263216E+02	
256	1.639355E+02	1.332067E+02	1.268540E+02	
257	2.063854E+02	1.373006E+02	1.267912E+02	
258	1.856372E+02	1.308585E+02	1.263602E+02	
259	2.459240E+02	1.374304E+02	1.261530E+02	
260	2.136982E+02	1.281307E+02	1.266398E+02	
261	1.939505E+02	1.293028E+02	1.262618E+02	
262	1.857363E+02	1.331713E+02	1.268006E+02	
263	1.231367E+02	1.326956E+02	1.262893E+02	
264	2.558256E+02	1.289484E+02	1.266289E+02	
265	2.412233E+02	1.278428E+02	1.262969E+02	
266	1.280756E+02	1.307538E+02	1.262395E+02	
267	1.842685E+02	1.294904E+02	1.264044E+02	
268	2.582138E+02	1.280199E+02	1.263043E+02	
269	2.351495E+02	1.245459E+02	1.262168E+02	
270	2.341151E+02	1.262486E+02	1.262842E+02	
271	1.615772E+02	1.264173E+02	1.264454E+02	
272	2.197733E+02	1.202089E+02	1.264637E+02	
273	2.197733E+02	1.237573E+02	1.259975E+02	
274	1.428924E+02	1.197816E+02	1.265450E+02	
275	2.293834E+02	1.221349E+02	1.260633E+02	
276	2.293834E+02	1.244852E+02	1.265393E+02	
277	2.005531E+02	1.227233E+02	1.263481E+02	
278	2.582138E+02	1.222804E+02	1.264167E+02	
279	0.000000E+00	1.226477E+02	1.268270E+02	
280	2.582138E+02	1.263504E+02	1.267951E+02	
281	0.000000E+00	1.253714E+02	1.262369E+02	
282	0.000000E+00	1.223678E+02	1.264041E+02	
283	0.000000E+00	1.227822E+02	1.262696E+02	
284	0.000000E+00	1.250736E+02	1.265701E+02	
285	0.000000E+00	1.284960E+02	1.262915E+02	
286	0.000000E+00	1.236415E+02	1.260160E+02	
287	0.000000E+00	1.277954E+02	1.258835E+02	
288	0.000000E+00	1.271398E+02	1.262362E+02	
289	0.000000E+00	1.261063E+02	1.254323E+02	
290	0.000000E+00	1.263736E+02	1.258302E+02	
291	0.000000E+00	1.249964E+02	1.257871E+02	
292	0.000000E+00	1.287265E+02	1.261623E+02	
293	0.000000E+00	1.248723E+02	1.257840E+02	
294	0.000000E+00	1.248349E+02	1.265399E+02	
295	0.000000E+00	1.242644E+02	1.260608E+02	
296	0.000000E+00	1.216637E+02	1.261660E+02	
297	0.000000E+00	1.203292E+02	1.262370E+02	
298	0.000000E+00	1.216789E+02	1.267812E+02	
299	0.000000E+00	1.203985E+02	1.262234E+02	
300	0.000000E+00	1.220778E+02	1.260760E+02	
301	0.000000E+00	1.227083E+02	1.264134E+02	
302	0.000000E+00	1.214786E+02	1.264524E+02	
303	0.000000E+00	1.225745E+02	1.267468E+02	
304	0.000000E+00	1.242008E+02	1.264376E+02	
305	0.000000E+00	1.240630E+02	1.268485E+02	
306	0.000000E+00	1.248972E+02	1.264021E+02	
307	0.000000E+00	1.249437E+02	1.267230E+02	
308	0.000000E+00	1.254787E+02	1.266391E+02	
309	0.000000E+00	1.236776E+02	1.268940E+02	
310	0.000000E+00	1.216668E+02	1.264133E+02	
311	0.000000E+00	1.246523E+02	1.261435E+02	
312	0.000000E+00	1.245308E+02	1.265326E+02	
313	0.000000E+00	1.236436E+02	1.268073E+02	
314	0.000000E+00	1.232783E+02	1.264676E+02	
315	0.000000E+00	1.265563E+02	1.268369E+02	
316	0.000000E+00	1.242392E+02	1.274251E+02	
317	0.000000E+00	1.239967E+02	1.270671E+02	
318	0.000000E+00	1.226782E+02	1.267649E+02	
319	0.000000E+00	1.250280E+02	1.273541E+02	
320	0.000000E+00	1.251565E+02	1.273262E+02	
321	0.000000E+00	1.260813E+02	1.271691E+02	
322	0.000000E+00	1.221157E+02	1.278445E+02	
323	0.000000E+00	1.232041E+02	1.276639E+02	
324	0.000000E+00	1.194053E+02	1.279866E+02	
325	0.000000E+00	1.212181E+02	1.276756E+02	
326	0.000000E+00	1.203282E+02	1.272575E+02	
327	0.000000E+00	1.176882E+02	1.284030E+02	
328	0.000000E+00	1.199982E+02	1.276980E+02	
329	0.000000E+00	1.231657E+02	1.278149E+02	
330	0.000000E+00	1.205226E+02	1.274615E+02	
331	0.000000E+00	1.176872E+02	1.282040E+02	
332	0.000000E+00	1.209720E+02	1.281235E+02	
333	0.000000E+00	1.177969E+02	1.274750E+02	
334	0.000000E+00	1.213389E+02	1.279938E+02	
335	0.000000E+00	1.194977E+02	1.276356E+02	
336	0.000000E+00	1.199799E+02	1.273202E+02	
337	0.000000E+00	1.224717E+02	1.271356E+02	
338	0.000000E+00	1.246809E+02	1.277497E+02	
339	0.000000E+00	1.227568E+02	1.275282E+02	
340	0.000000E+00	1.228808E+02	1.264572E+02	
341	0.000000E+00	1.215093E+02	1.273239E+02	
342	0.000000E+00	1.229098E+02	1.269491E+02	
343	0.000000E+00	1.265560E+02	1.268723E+02	
344	0.000000E+00	1.216115E+02	1.264212E+02	
345	0.000000E+00	1.246619E+02	1.260149E+02	
346	0.000000E+00	1.254300E+02	1.268280E+02	
347	0.000000E+00	1.237948E+02	1.259741E+02	
348	0.000000E+00	1.227020E+02	1.264843E+02	
349	0.000000E+00	1.214458E+02	1.261977E+02	
350	0.000000E+00	1.189891E+02	1.264581E+02	
351	0.000000E+00	1.153143E+02	1.263839E+02	
352	0.000000E+00	1.201611E+02	1.254178E+02	
353	0.000000E+00	1.165126E+02	1.265455E+02	
354	0.000000E+00	1.199012E+02	1.265789E+02	
355	0.000000E+00	1.184527E+02	1.258495E+02	
356	0.000000E+00	1.190794E+02	1.261980E+02	
357	0.000000E+00	1.192728E+02	1.259015E+02	
358	0.000000E+00	1.220742E+02	1.261784E+02	
359	0.000000E+00	1.239166E+02	1.259581E+02	
360	0.000000E+00	1.221503E+02	1.256918E+02	
361	0.000000E+00	1.219225E+02	1.259079E+02	
362	0.000000E+00	1.227560E+02	1.264222E+02	
363	0.000000E+00	1.234441E+02	1.268591E+02	
364	0.000000E+00	1.192274E+02	1.263018E+02	
365	0.000000E+00	1.217971E+02	1.269225E+02	
366	0.000000E+00	1.289322E+02	1.264917E+02	
367	0.000000E+00	1.278965E+02	1.260392E+02	
368	0.000000E+00	1.261122E+02	1.265281E+02	
369	0.000000E+00	1.231660E+02	1.261727E+02	
370	0.000000E+00	1.217425E+02	1.260614E+02	
371	0.000000E+00	1.270369E+02	1.265192E+02	
372	0.000000E+00	1.237949E+02	1.264914E+02	
373	0.000000E+00	1.274085E+02	1.258146E+02	
374	0.000000E+00	1.277796E+02	1.262626E+02	
375	0.000000E+00	1.263488E+02	1.267576E+02	
376	0.000000E+00	1.364766E+02	1.263390E+02	
377	0.000000E+00	1.293010E+02	1.265998E+02	
378	0.000000E+00	1.272486E+02	1.263523E+02	
379	0.000000E+00	1.313749E+02	1.263971E+02	
380	0.000000E+00	1.248759E+02	1.262096E+02	
381	0.000000E+00	1.225501E+02	1.267239E+02	
382	0.000000E+00	1.295705E+02	1.258188E+02	
383	0.000000E+00	1.311212E+02	1.262123E+02	
384	0.000000E+00	1.300796E+02	1.261999E+02	
385	0.000000E+00	1.253699E+02	1.261857E+02	
386	0.000000E+00	1.269995E+02	1.261098E+02	
387	0.000000E+00	1.257893E+02	1.264182E+02	
388	0.000000E+00	1.208322E+02	1.262021E+02	
389	0.000000E+00	1.249038E+02	1.258444E+02	
390	0.000000E+00	1.242153E+02	1.263951E+02	
391	0.000000E+00	1.259689E+02	1.267353E+02	
392	0.000000E+00	1.245722E+02	1.264234E+02	
393	0.000000E+00	1.218902E+02	1.262405E+02	
394	0.000000E+00	1.253096E+02	1.265226E+02	
395	0.000000E+00	1.195992E+02	1.268530E+02	
396	0.000000E+00	1.274579E+02	1.258675E+02	
397	0.000000E+00	1.168168E+02	1.267210E+02	
398	0.000000E+00	1.233724E+02	1.262095E+02	
399	0.000000E+00	1.239856E+02	1.261314E+02	
400	0.000000E+00	1.227479E+02	1.262444E+02	
401	0.000000E+00	1.222318E+02	1.260713E+02	
402	0.000000E+00	1.216121E+02	1.263962E+02	
403	0.000000E+00	1.236906E+02	1.255479E+02	
404	0.000000E+00	1.264752E+02	1.262282E+02	
405	0.000000E+00	1.229874E+02	1.259370E+02	
406	0.000000E+00	1.225714E+02	1.271929E+02	
407	0.000000E+00	1.234808E+02	1.261130E+02	
408	0.000000E+00	1.275426E+02	1.270788E+02	
409	0.000000E+00	1.233676E+02	1.267530E+02	
410	0.000000E+00	1.132507E+02	1.266385E+02	
411	0.000000E+00	1.159057E+02	1.265737E+02	
412	0.000000E+00	1.178623E+02	1.271904E+02	
413	0.000000E+00	1.208448E+02	1.258589E+02	
414	0.000000E+00	1.135869E+02	1.266471E+02	
415	0.000000E+00	1.178865E+02	1.264106E+02	
416	0.000000E+00	1.204038E+02	1.268526E+02	
417	0.000000E+00	1.190072E+02	1.271309E+02	
418	0.000000E+00	1.164121E+02	1.268001E+02	
419	0.000000E+00	1.211048E+02	1.280876E+02	
420	0.000000E+00	1.187763E+02	1.268707E+02	
421	0.000000E+00	1.141563E+02	1.277635E+02	
422	0.000000E+00	1.157253E+02	1.269895E+02	
423	0.000000E+00	1.179689E+02	1.276621E+02	
424	0.000000E+00	1.113696E+02	1.279380E+02	
425	0.000000E+00	1.195024E+02	1.279536E+02	
426	0.000000E+00	1.198124E+02	1.272139E+02	
427	0.000000E+00	1.140570E+02	1.259698E+02	
428	0.000000E+00	1.104142E+02	1.268494E+02	
429	0.000000E+00	1.118492E+02	1.267113E+02	
430	0.000000E+00	1.233709E+02	1.276071E+02	
431	0.000000E+00	1.154780E+02	1.287220E+02	
432	0.000000E+00	1.276042E+02	1.268070E+02	
433	0.000000E+00	1.263575E+02	1.272081E+02	
434	0.000000E+00	1.160817E+02	1.265700E+02	
435	0.000000E+00	1.283500E+02	1.268503E+02	
436	0.000000E+00	1.233647E+02	1.276004E+02	
437	0.000000E+00	1.264970E+02	1.271402E+02	
438	0.000000E+00	1.185388E+02	1.264974E+02	
439	0.000000E+00	1.174131E+02	1.254861E+02	
440	0.000000E+00	1.196290E+02	1.260507E+02	
441	0.000000E+00	1.291548E+02	1.266354E+02	
442	0.000000E+00	1.242002E+02	1.266813E+02	
443	0.000000E+00	1.246652E+02	1.253667E+02	
444	0.000000E+00	1.242149E+02	1.275869E+02	
445	0.000000E+00	1.244850E+02	1.260269E+02	
446	0.000000E+00	1.315694E+02	1.275619E+02	
447	0.000000E+00	1.207084E+02	1.270224E+02	
448	0.000000E+00	1.280470E+02	1.272981E+02	
449	0.000000E+00	1.189345E+02	1.258532E+02	
450	0.000000E+00	1.300889E+02	1.280527E+02	
451	0.000000E+00	1.208674E+02	1.271846E+02	
452	0.000000E+00	1.289862E+02	1.291123E+02	
453	0.000000E+00	1.132684E+02	1.269450E+02	
454	0.000000E+00	1.261992E+02	1.284230E+02	
455	0.000000E+00	1.221796E+02	1.272581E+02	
456	0.000000E+00	1.209642E+02	1.290316E+02	
457	0.000000E+00	1.243655E+02	1.266189E+02	
458	0.000000E+00	1.246556E+02	1.285411E+02	
459	0.000000E+00	1.308087E+02	1.273241E+02	
460	0.000000E+00	1.340443E+02	1.279929E+02	
461	0.000000E+00	1.489503E+02	1.287028E+02	
462	0.000000E+00	1.346257E+02	1.249420E+02	
463	0.000000E+00	1.413788E+02	1.287830E+02	
464	0.000000E+00	1.245958E+02	1.252348E+02	
465	0.000000E+00	1.385081E+02	1.278439E+02	
466	0.000000E+00	1.194424E+02	1.255316E+02	
467	0.000000E+00	1.369892E+02	1.275259E+02	
468	0.000000E+00	1.465402E+02	1.248298E+02	
469	0.000000E+00	1.249612E+02	1.271190E+02	
470	0.000000E+00	1.511372E+02	1.241429E+02	
471	0.000000E+00	1.189495E+02	1.243689E+02	
472	0.000000E+00	1.461559E+02	1.247497E+02	
473	0.000000E+00	1.144089E+02	1.228574E+02	
474	0.000000E+00	9.716982E+01	1.260863E+02	
475	0.000000E+00	1.264691E+02	1.269972E+02	
476	0.000000E+00	1.049612E+02	1.282818E+02	
477	0.000000E+00	9.409082E+01	1.243550E+02	
478	0.000000E+00	1.114640E+02	1.290041E+02	
479	0.000000E+00	1.066922E+02	1.303944E+02	
480	0.000000E+00	1.043883E+02	1.287427E+02	
481	0.000000E+00	1.091686E+02	1.294008E+02	
482	0.000000E+00	1.072565E+02	1.295913E+02	
483	0.000000E+00	1.099041E+02	1.319621E+02	
484	0.000000E+00	1.187294E+02	1.320803E+02	
485	0.000000E+00	1.085313E+02	1.306785E+02	
486	0.000000E+00	1.187294E+02	1.341508E+02	
487	0.000000E+00	1.050712E+02	1.287992E+02	
488	0.000000E+00	1.155425E+02	1.308039E+02	
489	0.000000E+00	9.960790E+01	1.289770E+02	
490	0.000000E+00	1.139490E+02	1.333291E+02	
491	0.000000E+00	0.000000E+00	1.282888E+02	
492	0.000000E+00	1.091686E+02	1.285488E+02	
493	0.000000E+00	0.000000E+00	1.365141E+02	
494	0.000000E+00	1.187294E+02	1.311341E+02	
495	0.000000E+00	0.000000E+00	1.258367E+02	
496	0.000000E+00	1.187294E+02	1.291570E+02	
497	0.000000E+00	0.000000E+00	1.371738E+02	
498	0.000000E+00	0.000000E+00	1.286487E+02	
499	0.000000E+00	0.000000E+00	1.390251E+02	
500	0.000000E+00	0.000000E+00	0.000000E+00	
501	0.000000E+00	0.000000E+00	1.359102E+02	
502	0.000000E+00	0.000000E+00	0.000000E+00	
503	0.000000E+00	0.000000E+00	1.330782E+02	
504	0.000000E+00	0.000000E+00	0.000000E+00	
505	0.000000E+00	0.000000E+00	1.322114E+02	
506	0.000000E+00	0.000000E+00	1.230393E+02	
507	0.000000E+00	0.000000E+00	0.000000E+00	
508	0.000000E+00	0.000000E+00	1.278117E+02	
509	0.000000E+00	0.000000E+00	0.000000E+00	
510	0.000000E+00	0.000000E+00	1.213195E+02	
511	0.000000E+00	0.000000E+00	0.000000E+00	
512	0.000000E+00	0.000000E+00	1.235826E+02	
513	0.000000E+00	0.000000E+00	0.000000E+00	
514	0.000000E+00	0.000000E+00	0.000000E+00	
515	0.000000E+00	0.000000E+00	1.205900E+02	
516	0.000000E+00	0.000000E+00	0.000000E+00	
517	0.000000E+00	0.000000E+00	1.209410E+02	
518	0.000000E+00	0.000000E+00	0.000000E+00	
519	0.000000E+00	0.000000E+00	9.872598E+01	
520	0.000000E+00	0.000000E+00	0.000000E+00	
521	0.000000E+00	0.000000E+00	0.000000E+00	
522	0.000000E+00	0.000000E+00	0.000000E+00	
523	0.000000E+00	0.000000E+00	0.000000E+00	
524	0.000000E+00	0.000000E+00	0.000000E+00	
525	0.000000E+00	0.000000E+00	0.000000E+00	
526	0.000000E+00	0.000000E+00	0.000000E+00	
527	0.000000E+00	0.000000E+00	0.000000E+00	
528	0.000000E+00	0.000000E+00	0.000000E+00	
529	0.000000E+00	0.000000E+00	0.000000E+00	
530	0.000000E+00	0.000000E+00	0.000000E+00	
531	0.000000E+00	0.000000E+00	0.000000E+00	
532	0.000000E+00	0.000000E+00	0.000000E+00	
533	0.000000E+00	0.000000E+00	0.000000E+00	
534	0.000000E+00	0.000000E+00	0.000000E+00	
535	0.000000E+00	0.000000E+00	0.000000E+00	
536	0.000000E+00	0.000000E+00	0.000000E+00	
537	0.000000E+00	0.000000E+00	0.000000E+00	
538	0.000000E+00	0.000000E+00	0.000000E+00	
539	0.000000E+00	0.000000E+00	0.000000E+00	
540	0.000000E+00	0.000000E+00	0.000000E+00	
541	0.000000E+00	0.000000E+00	0.000000E+00	
542	0.000000E+00	0.000000E+00	0.000000E+00	
543	0.000000E+00	0.000000E+00	0.000000E+00	
544	0.000000E+00	0.000000E+00	0.000000E+00	
545	0.000000E+00	0.000000E+00	0.000000E+00	
546	0.000000E+00	0.000000E+00	0.000000E+00	
547	0.000000E+00	0.000000E+00	0.000000E+00	
548	0.000000E+00	0.000000E+00	0.000000E+00	
549	0.000000E+00	0.000000E+00	0.000000E+00	
550	0.000000E+00	0.000000E+00	0.000000E+00	
551	0.000000E+00	0.000000E+00	0.000000E+00	
552	0.000000E+00	0.000000E+00	0.000000E+00	
553	0.000000E+00	0.000000E+00	0.000000E+00	
554	0.000000E+00	0.000000E+00	0.000000E+00	
555	0.000000E+00	0.000000E+00	0.000000E+00	
556	0.000000E+00	0.000000E+00	0.000000E+00	
557	0.000000E+00	0.000000E+00	0.000000E+00	
558	0.000000E+00	0.000000E+00	0.000000E+00	
559	0.000000E+00	0.000000E+00	0.000000E+00	
560	0.000000E+00	0.000000E+00	0.000000E+00	
561	0.000000E+00	0.000000E+00	0.000000E+00	
562	0.000000E+00	0.000000E+00	0.000000E+00	
563	0.000000E+00	0.000000E+00	0.000000E+00	
564	0.000000E+00	0.000000E+00	0.000000E+00	
565	0.000000E+00	0.000000E+00	0.000000E+00	
566	0.000000E+00	0.000000E+00	0.000000E+00	
567	0.000000E+00	0.000000E+00	0.000000E+00	
568	0.000000E+00	0.000000E+00	0.000000E+00	
569	0.000000E+00	0.000000E+00	0.000000E+00	
570	0.000000E+00	0.000000E+00	0.000000E+00	
571	0.000000E+00	0.000000E+00	0.000000E+00	
572	0.000000E+00	0.000000E+00	0.000000E+00	
573	0.000000E+00	0.000000E+00	0.000000E+00	
574	0.000000E+00	0.000000E+00	0.000000E+00	
575	0.000000E+00	0.000000E+00	0.000000E+00	
576	0.000000E+00	0.000000E+00	0.000000E+00	
577	0.000000E+00	0.000000E+00	0.000000E+00	
578	0.000000E+00	0.000000E+00	0.000000E+00	
579	0.000000E+00	0.000000E+00	0.000000E+00	
580	0.000000E+00	0.000000E+00	0.000000E+00	
581	0.000000E+00	0.000000E+00	0.000000E+00	
582	0.000000E+00	0.000000E+00	0.000000E+00	
583	0.000000E+00	0.000000E+00	0.000000E+00	
584	0.000000E+00	0.000000E+00	0.000000E+00	
585	0.000000E+00	0.000000E+00	0.000000E+00	
586	0.000000E+00	0.000000E+00	0.000000E+00	
587	0.000000E+00	0.000000E+00	0.000000E+00	
588	0.000000E+00	0.000000E+00	0.000000E+00	
589	0.000000E+00	0.000000E+00	0.000000E+00	
590	0.000000E+00	0.000000E+00	0.000000E+00	
591	0.000000E+00	0.000000E+00	0.000000E+00	
592	0.000000E+00	0.000000E+00	0.000000E+00	
593	0.000000E+00	0.000000E+00	0.000000E+00	
594	0.000000E+00	0.000000E+00	0.000000E+00	
595	0.000000E+00	0.000000E+00	0.000000E+00	
596	0.000000E+00	0.000000E+00	0.000000E+00	
597	0.000000E+00	0.000000E+00	0.000000E+00	
598	0.000000E+00	0.000000E+00	0.000000E+00	
599	0.000000E+00	0.000000E+00	0.000000E+00	
#NewRun
