#COM_Bin	Rg_Squared
#Order is chain type
0	1.273472E+02	1.154933E+02	1.185667E+02	
1	0.000000E+00	0.000000E+00	0.000000E+00	
2	0.000000E+00	0.000000E+00	0.000000E+00	
3	0.000000E+00	0.000000E+00	0.000000E+00	
4	1.162256E+02	1.200853E+02	1.135370E+02	
5	1.194016E+02	1.196157E+02	1.104178E+02	
6	1.169459E+02	1.172702E+02	1.177114E+02	
7	0.000000E+00	0.000000E+00	0.000000E+00	
8	1.180072E+02	1.183228E+02	1.162678E+02	
9	1.214349E+02	1.175311E+02	1.168346E+02	
10	0.000000E+00	0.000000E+00	0.000000E+00	
11	1.191895E+02	1.191394E+02	1.191850E+02	
12	1.193946E+02	1.168149E+02	1.171418E+02	
13	1.190253E+02	1.210017E+02	1.169631E+02	
14	1.201193E+02	1.169344E+02	1.174983E+02	
15	0.000000E+00	0.000000E+00	0.000000E+00	
16	1.194924E+02	1.185071E+02	1.172523E+02	
17	1.196158E+02	1.180340E+02	1.182218E+02	
18	1.186135E+02	1.172013E+02	1.165959E+02	
19	1.206864E+02	1.182439E+02	1.152449E+02	
20	1.199308E+02	1.176204E+02	1.171229E+02	
21	1.201050E+02	1.178771E+02	1.169673E+02	
22	1.193695E+02	1.151655E+02	1.163267E+02	
23	1.197628E+02	1.188302E+02	1.173029E+02	
24	1.191869E+02	1.173268E+02	1.168695E+02	
25	1.195697E+02	1.172118E+02	1.163435E+02	
26	1.204594E+02	1.169270E+02	1.171017E+02	
27	1.208864E+02	1.169267E+02	1.162238E+02	
28	1.194448E+02	1.150854E+02	1.174341E+02	
29	1.186860E+02	1.157212E+02	1.172482E+02	
30	1.196763E+02	1.156762E+02	1.174334E+02	
31	1.192893E+02	1.155468E+02	1.170649E+02	
32	1.186982E+02	1.152456E+02	1.174327E+02	
33	1.193662E+02	1.147458E+02	1.177857E+02	
34	1.195226E+02	1.149848E+02	1.166885E+02	
35	1.196241E+02	1.150897E+02	1.164534E+02	
36	1.188148E+02	1.143513E+02	1.182950E+02	
37	1.190644E+02	1.145738E+02	1.168448E+02	
38	1.190202E+02	1.142127E+02	1.168348E+02	
39	1.189248E+02	1.152387E+02	1.173314E+02	
40	1.186589E+02	1.144057E+02	1.177575E+02	
41	1.185987E+02	1.148909E+02	1.167377E+02	
42	1.189563E+02	1.154202E+02	1.167307E+02	
43	1.187554E+02	1.148469E+02	1.173128E+02	
44	1.185405E+02	1.148510E+02	1.169521E+02	
45	1.178965E+02	1.156035E+02	1.171337E+02	
46	1.184640E+02	1.156203E+02	1.174207E+02	
47	1.179702E+02	1.158000E+02	1.163131E+02	
48	1.179105E+02	1.153758E+02	1.165632E+02	
49	1.172129E+02	1.156344E+02	1.166536E+02	
50	1.174411E+02	1.150735E+02	1.165927E+02	
51	1.175968E+02	1.163150E+02	1.161672E+02	
52	1.170217E+02	1.152574E+02	1.161275E+02	
53	1.173681E+02	1.155021E+02	1.151550E+02	
54	1.170851E+02	1.154991E+02	1.152960E+02	
55	1.166732E+02	1.152495E+02	1.151446E+02	
56	1.170647E+02	1.153786E+02	1.153480E+02	
57	1.165449E+02	1.155666E+02	1.150049E+02	
58	1.165815E+02	1.147546E+02	1.145485E+02	
59	1.166260E+02	1.148127E+02	1.154427E+02	
60	1.164358E+02	1.154390E+02	1.150938E+02	
61	1.166327E+02	1.146353E+02	1.144504E+02	
62	1.163119E+02	1.148005E+02	1.150977E+02	
63	1.161118E+02	1.151559E+02	1.149991E+02	
64	1.161524E+02	1.146681E+02	1.148866E+02	
65	1.156293E+02	1.143565E+02	1.149646E+02	
66	1.157189E+02	1.150597E+02	1.145363E+02	
67	1.157173E+02	1.142552E+02	1.147008E+02	
68	1.157707E+02	1.143191E+02	1.149794E+02	
69	1.154739E+02	1.143180E+02	1.147061E+02	
70	1.151052E+02	1.140116E+02	1.147091E+02	
71	1.154287E+02	1.138779E+02	1.149116E+02	
72	1.155361E+02	1.138220E+02	1.142125E+02	
73	1.153491E+02	1.139476E+02	1.146252E+02	
74	1.152147E+02	1.133288E+02	1.149065E+02	
75	1.147419E+02	1.130693E+02	1.141348E+02	
76	1.149580E+02	1.132186E+02	1.135683E+02	
77	1.149944E+02	1.129037E+02	1.142185E+02	
78	1.149722E+02	1.129074E+02	1.138511E+02	
79	1.143980E+02	1.127597E+02	1.144535E+02	
80	1.148430E+02	1.127699E+02	1.134331E+02	
81	1.144340E+02	1.128631E+02	1.133269E+02	
82	1.141845E+02	1.129162E+02	1.142283E+02	
83	1.144237E+02	1.126571E+02	1.135733E+02	
84	1.143234E+02	1.129480E+02	1.130063E+02	
85	1.138907E+02	1.125781E+02	1.133809E+02	
86	1.140943E+02	1.128331E+02	1.131467E+02	
87	1.139418E+02	1.131228E+02	1.130834E+02	
88	1.135323E+02	1.125760E+02	1.126784E+02	
89	1.134053E+02	1.124257E+02	1.126503E+02	
90	1.135220E+02	1.121695E+02	1.125331E+02	
91	1.134103E+02	1.125213E+02	1.129858E+02	
92	1.134019E+02	1.122951E+02	1.122300E+02	
93	1.134876E+02	1.117294E+02	1.128127E+02	
94	1.132155E+02	1.120885E+02	1.127648E+02	
95	1.133547E+02	1.119366E+02	1.124861E+02	
96	1.127843E+02	1.116318E+02	1.121961E+02	
97	1.131072E+02	1.118340E+02	1.121558E+02	
98	1.129670E+02	1.112807E+02	1.122330E+02	
99	1.130924E+02	1.117772E+02	1.123911E+02	
100	1.126192E+02	1.113823E+02	1.122431E+02	
101	1.129036E+02	1.113840E+02	1.119831E+02	
102	1.127617E+02	1.118000E+02	1.118853E+02	
103	1.127245E+02	1.114335E+02	1.121932E+02	
104	1.127818E+02	1.111475E+02	1.123183E+02	
105	1.123106E+02	1.114133E+02	1.123766E+02	
106	1.123354E+02	1.112319E+02	1.122879E+02	
107	1.119865E+02	1.112593E+02	1.122016E+02	
108	1.120783E+02	1.113351E+02	1.120370E+02	
109	1.122246E+02	1.116691E+02	1.123837E+02	
110	1.120773E+02	1.114891E+02	1.125640E+02	
111	1.117104E+02	1.109153E+02	1.117995E+02	
112	1.119418E+02	1.111122E+02	1.123840E+02	
113	1.117467E+02	1.108099E+02	1.122245E+02	
114	1.115730E+02	1.110042E+02	1.123683E+02	
115	1.119048E+02	1.109671E+02	1.121662E+02	
116	1.115765E+02	1.111445E+02	1.125653E+02	
117	1.117112E+02	1.109120E+02	1.124609E+02	
118	1.112335E+02	1.111557E+02	1.128326E+02	
119	1.112565E+02	1.111362E+02	1.126731E+02	
120	1.112597E+02	1.108871E+02	1.126302E+02	
121	1.112557E+02	1.109420E+02	1.124023E+02	
122	1.110835E+02	1.113245E+02	1.125099E+02	
123	1.109267E+02	1.110758E+02	1.124004E+02	
124	1.111770E+02	1.111694E+02	1.128323E+02	
125	1.107540E+02	1.114135E+02	1.127949E+02	
126	1.110881E+02	1.113123E+02	1.124683E+02	
127	1.107508E+02	1.114774E+02	1.125346E+02	
128	1.104964E+02	1.113853E+02	1.128064E+02	
129	1.106994E+02	1.112198E+02	1.125516E+02	
130	1.108545E+02	1.118223E+02	1.129068E+02	
131	1.105265E+02	1.116071E+02	1.127933E+02	
132	1.107395E+02	1.116258E+02	1.128254E+02	
133	1.105528E+02	1.118632E+02	1.129880E+02	
134	1.106736E+02	1.117395E+02	1.126939E+02	
135	1.107282E+02	1.119848E+02	1.127826E+02	
136	1.108604E+02	1.116374E+02	1.128463E+02	
137	1.105566E+02	1.121248E+02	1.127725E+02	
138	1.108587E+02	1.120002E+02	1.128147E+02	
139	1.107933E+02	1.119518E+02	1.128629E+02	
140	1.107708E+02	1.119916E+02	1.127977E+02	
141	1.110316E+02	1.123516E+02	1.129357E+02	
142	1.108246E+02	1.127594E+02	1.129469E+02	
143	1.110853E+02	1.125176E+02	1.135018E+02	
144	1.107333E+02	1.124904E+02	1.129427E+02	
145	1.111777E+02	1.127928E+02	1.134023E+02	
146	1.109714E+02	1.133557E+02	1.136137E+02	
147	1.112613E+02	1.128755E+02	1.137741E+02	
148	1.110491E+02	1.131833E+02	1.133063E+02	
149	1.108401E+02	1.134921E+02	1.139265E+02	
150	1.111253E+02	1.133483E+02	1.138689E+02	
151	1.112632E+02	1.132924E+02	1.139696E+02	
152	1.111236E+02	1.134472E+02	1.137628E+02	
153	1.112897E+02	1.136877E+02	1.143156E+02	
154	1.113985E+02	1.138415E+02	1.143410E+02	
155	1.114516E+02	1.138060E+02	1.141532E+02	
156	1.113828E+02	1.138175E+02	1.144256E+02	
157	1.114438E+02	1.139753E+02	1.145514E+02	
158	1.120625E+02	1.142843E+02	1.146246E+02	
159	1.119106E+02	1.144053E+02	1.146249E+02	
160	1.117266E+02	1.149203E+02	1.149442E+02	
161	1.120557E+02	1.148372E+02	1.150831E+02	
162	1.122233E+02	1.146187E+02	1.153850E+02	
163	1.125181E+02	1.153794E+02	1.156803E+02	
164	1.118059E+02	1.156076E+02	1.157353E+02	
165	1.125841E+02	1.155410E+02	1.161086E+02	
166	1.120429E+02	1.160210E+02	1.162273E+02	
167	1.128123E+02	1.162419E+02	1.158744E+02	
168	1.125792E+02	1.168819E+02	1.165742E+02	
169	1.126496E+02	1.168024E+02	1.169048E+02	
170	1.131164E+02	1.173490E+02	1.173522E+02	
171	1.135825E+02	1.180630E+02	1.166224E+02	
172	1.131485E+02	1.179085E+02	1.177275E+02	
173	1.137069E+02	1.184177E+02	1.179812E+02	
174	1.143677E+02	1.193131E+02	1.182838E+02	
175	1.142623E+02	1.192087E+02	1.183107E+02	
176	1.138723E+02	1.200779E+02	1.181900E+02	
177	1.140014E+02	1.195039E+02	1.189809E+02	
178	1.146149E+02	1.203183E+02	1.191753E+02	
179	1.148843E+02	1.201253E+02	1.200303E+02	
180	1.147076E+02	1.208479E+02	1.191351E+02	
181	1.144700E+02	1.211084E+02	1.197890E+02	
182	1.150160E+02	1.212062E+02	1.202274E+02	
183	1.152310E+02	1.216232E+02	1.199482E+02	
184	1.155933E+02	1.217078E+02	1.205635E+02	
185	1.156305E+02	1.215774E+02	1.203471E+02	
186	1.157052E+02	1.226040E+02	1.201950E+02	
187	1.159118E+02	1.224068E+02	1.223198E+02	
188	1.163950E+02	1.231296E+02	1.208716E+02	
189	1.166378E+02	1.231958E+02	1.213658E+02	
190	1.167264E+02	1.231105E+02	1.221494E+02	
191	1.173364E+02	1.235905E+02	1.219526E+02	
192	1.180963E+02	1.239620E+02	1.219144E+02	
193	1.181034E+02	1.239258E+02	1.226403E+02	
194	1.189107E+02	1.245303E+02	1.221489E+02	
195	1.187254E+02	1.246755E+02	1.227125E+02	
196	1.181349E+02	1.251215E+02	1.236260E+02	
197	1.182103E+02	1.248061E+02	1.233585E+02	
198	1.197579E+02	1.256667E+02	1.240348E+02	
199	1.193564E+02	1.259561E+02	1.245591E+02	
200	1.198129E+02	1.251450E+02	1.253586E+02	
201	1.209987E+02	1.263018E+02	1.242544E+02	
202	1.202118E+02	1.260998E+02	1.251886E+02	
203	1.208038E+02	1.269374E+02	1.253586E+02	
204	1.213205E+02	1.268735E+02	1.257816E+02	
205	1.219871E+02	1.267090E+02	1.255129E+02	
206	1.226046E+02	1.273561E+02	1.253502E+02	
207	1.217203E+02	1.275188E+02	1.263101E+02	
208	1.222445E+02	1.268946E+02	1.257941E+02	
209	1.233258E+02	1.279553E+02	1.265618E+02	
210	1.233873E+02	1.281152E+02	1.251085E+02	
211	1.223481E+02	1.279733E+02	1.263670E+02	
212	1.244261E+02	1.279663E+02	1.275599E+02	
213	1.245142E+02	1.284521E+02	1.272938E+02	
214	1.256571E+02	1.283931E+02	1.282680E+02	
215	1.257568E+02	1.294026E+02	1.277286E+02	
216	1.252265E+02	1.285879E+02	1.286783E+02	
217	1.266254E+02	1.297781E+02	1.285771E+02	
218	1.251622E+02	1.295691E+02	1.288489E+02	
219	1.253737E+02	1.289915E+02	1.291347E+02	
220	1.241348E+02	1.290497E+02	1.289643E+02	
221	1.261083E+02	1.296526E+02	1.291305E+02	
222	1.241223E+02	1.307097E+02	1.286365E+02	
223	1.255564E+02	1.294288E+02	1.291688E+02	
224	1.237650E+02	1.300636E+02	1.286778E+02	
225	1.228156E+02	1.301329E+02	1.289912E+02	
226	1.266013E+02	1.300671E+02	1.293455E+02	
227	1.245436E+02	1.308125E+02	1.284658E+02	
228	1.252027E+02	1.305876E+02	1.287286E+02	
229	1.273506E+02	1.292589E+02	1.289075E+02	
230	1.234488E+02	1.301467E+02	1.285230E+02	
231	1.249374E+02	1.296373E+02	1.290715E+02	
232	1.285139E+02	1.291499E+02	1.284843E+02	
233	1.272052E+02	1.299417E+02	1.292469E+02	
234	1.257768E+02	1.300033E+02	1.288551E+02	
235	1.276466E+02	1.309045E+02	1.286652E+02	
236	1.272791E+02	1.297934E+02	1.286814E+02	
237	1.283555E+02	1.299195E+02	1.295272E+02	
238	1.283458E+02	1.289104E+02	1.283531E+02	
239	1.292763E+02	1.301020E+02	1.295541E+02	
240	1.295804E+02	1.290302E+02	1.290858E+02	
241	1.266179E+02	1.286716E+02	1.292180E+02	
242	1.250827E+02	1.299105E+02	1.295657E+02	
243	1.277855E+02	1.297807E+02	1.289073E+02	
244	1.263494E+02	1.291196E+02	1.296823E+02	
245	1.276258E+02	1.302835E+02	1.293501E+02	
246	1.266476E+02	1.309868E+02	1.298909E+02	
247	1.268073E+02	1.294524E+02	1.290554E+02	
248	1.245289E+02	1.291120E+02	1.289210E+02	
249	1.244882E+02	1.301699E+02	1.296386E+02	
250	1.243901E+02	1.292860E+02	1.293619E+02	
251	1.272562E+02	1.302170E+02	1.291042E+02	
252	1.259021E+02	1.294378E+02	1.286461E+02	
253	1.245470E+02	1.301213E+02	1.297574E+02	
254	1.250661E+02	1.300653E+02	1.284989E+02	
255	1.246424E+02	1.297359E+02	1.298438E+02	
256	1.226495E+02	1.293607E+02	1.292732E+02	
257	1.237658E+02	1.299573E+02	1.288946E+02	
258	1.199370E+02	1.291253E+02	1.297345E+02	
259	1.221227E+02	1.286282E+02	1.293491E+02	
260	1.220925E+02	1.288146E+02	1.285351E+02	
261	1.214772E+02	1.281386E+02	1.283287E+02	
262	1.187803E+02	1.290370E+02	1.287676E+02	
263	1.197616E+02	1.283647E+02	1.281746E+02	
264	1.203546E+02	1.292258E+02	1.283535E+02	
265	1.179321E+02	1.287152E+02	1.284571E+02	
266	1.212733E+02	1.288645E+02	1.277570E+02	
267	1.223315E+02	1.284346E+02	1.282782E+02	
268	1.189382E+02	1.288853E+02	1.277054E+02	
269	1.212652E+02	1.286238E+02	1.274632E+02	
270	1.160192E+02	1.285372E+02	1.281047E+02	
271	1.220437E+02	1.286607E+02	1.277399E+02	
272	1.176026E+02	1.282715E+02	1.275498E+02	
273	1.156755E+02	1.281960E+02	1.273319E+02	
274	1.180957E+02	1.282677E+02	1.271440E+02	
275	1.182615E+02	1.290158E+02	1.268627E+02	
276	1.142088E+02	1.284487E+02	1.266388E+02	
277	1.156424E+02	1.283302E+02	1.270998E+02	
278	1.163839E+02	1.288035E+02	1.275434E+02	
279	1.134610E+02	1.282353E+02	1.264439E+02	
280	1.158468E+02	1.291394E+02	1.268115E+02	
281	1.129008E+02	1.285914E+02	1.271449E+02	
282	1.106092E+02	1.283691E+02	1.260142E+02	
283	1.154169E+02	1.285284E+02	1.264459E+02	
284	1.104871E+02	1.281372E+02	1.266797E+02	
285	1.122368E+02	1.278762E+02	1.262084E+02	
286	1.117981E+02	1.279462E+02	1.254502E+02	
287	1.121674E+02	1.276458E+02	1.256901E+02	
288	1.093520E+02	1.277711E+02	1.259610E+02	
289	1.098081E+02	1.278736E+02	1.255001E+02	
290	1.132395E+02	1.276288E+02	1.260001E+02	
291	1.126155E+02	1.282655E+02	1.260090E+02	
292	1.127292E+02	1.279894E+02	1.255145E+02	
293	1.088581E+02	1.279643E+02	1.252859E+02	
294	1.103889E+02	1.277106E+02	1.250955E+02	
295	1.119990E+02	1.271100E+02	1.251774E+02	
296	1.102279E+02	1.273442E+02	1.252578E+02	
297	1.119597E+02	1.278469E+02	1.245634E+02	
298	1.095077E+02	1.277981E+02	1.247285E+02	
299	1.106985E+02	1.272290E+02	1.249461E+02	
300	1.091060E+02	1.275303E+02	1.261148E+02	
301	1.110144E+02	1.274652E+02	1.250412E+02	
302	1.097219E+02	1.272388E+02	1.252064E+02	
303	1.106864E+02	1.272448E+02	1.251264E+02	
304	1.068881E+02	1.267259E+02	1.246074E+02	
305	1.100835E+02	1.271780E+02	1.249773E+02	
306	1.090787E+02	1.265007E+02	1.251058E+02	
307	1.090373E+02	1.267782E+02	1.249541E+02	
308	1.074585E+02	1.264461E+02	1.244388E+02	
309	1.063703E+02	1.261819E+02	1.248804E+02	
310	1.072101E+02	1.271207E+02	1.249204E+02	
311	1.078039E+02	1.266553E+02	1.254028E+02	
312	1.082512E+02	1.271059E+02	1.248812E+02	
313	1.070548E+02	1.264779E+02	1.248038E+02	
314	1.087277E+02	1.276270E+02	1.252352E+02	
315	1.110590E+02	1.270827E+02	1.248733E+02	
316	1.086961E+02	1.267987E+02	1.254380E+02	
317	1.059948E+02	1.272624E+02	1.249691E+02	
318	1.072474E+02	1.272208E+02	1.258224E+02	
319	1.067844E+02	1.269509E+02	1.251648E+02	
320	1.060037E+02	1.269126E+02	1.257870E+02	
321	1.075157E+02	1.276688E+02	1.255563E+02	
322	1.083767E+02	1.274747E+02	1.251388E+02	
323	1.100588E+02	1.271377E+02	1.252167E+02	
324	1.068097E+02	1.275286E+02	1.255460E+02	
325	1.113026E+02	1.286735E+02	1.253199E+02	
326	1.069519E+02	1.270861E+02	1.254757E+02	
327	1.063734E+02	1.284429E+02	1.255772E+02	
328	1.102119E+02	1.277536E+02	1.255984E+02	
329	1.080380E+02	1.278426E+02	1.252949E+02	
330	1.093375E+02	1.282929E+02	1.249639E+02	
331	1.091368E+02	1.284019E+02	1.255073E+02	
332	1.070125E+02	1.277015E+02	1.255410E+02	
333	1.051230E+02	1.279917E+02	1.259423E+02	
334	1.069163E+02	1.281583E+02	1.266246E+02	
335	1.078230E+02	1.273648E+02	1.252023E+02	
336	1.077230E+02	1.271208E+02	1.265318E+02	
337	1.067932E+02	1.277457E+02	1.254793E+02	
338	1.068511E+02	1.271946E+02	1.261756E+02	
339	1.080032E+02	1.274333E+02	1.262243E+02	
340	1.091214E+02	1.272445E+02	1.265220E+02	
341	1.100714E+02	1.265642E+02	1.260767E+02	
342	1.070212E+02	1.274025E+02	1.262799E+02	
343	1.124229E+02	1.257164E+02	1.267192E+02	
344	1.104128E+02	1.263298E+02	1.260814E+02	
345	1.088384E+02	1.263304E+02	1.272231E+02	
346	1.069255E+02	1.263801E+02	1.269720E+02	
347	1.111984E+02	1.268140E+02	1.264221E+02	
348	1.068246E+02	1.260207E+02	1.268496E+02	
349	1.102220E+02	1.267649E+02	1.266991E+02	
350	1.073495E+02	1.268173E+02	1.265676E+02	
351	1.103828E+02	1.267339E+02	1.268012E+02	
352	1.063838E+02	1.265931E+02	1.269507E+02	
353	1.037405E+02	1.265716E+02	1.267724E+02	
354	1.022914E+02	1.264473E+02	1.272006E+02	
355	1.098496E+02	1.277950E+02	1.272649E+02	
356	1.046172E+02	1.262635E+02	1.262672E+02	
357	1.042033E+02	1.266854E+02	1.277835E+02	
358	1.076377E+02	1.270803E+02	1.268049E+02	
359	1.026282E+02	1.262491E+02	1.272259E+02	
360	1.008736E+02	1.268793E+02	1.270138E+02	
361	1.049889E+02	1.266855E+02	1.275267E+02	
362	1.023794E+02	1.262025E+02	1.277067E+02	
363	1.071953E+02	1.265174E+02	1.285306E+02	
364	1.027245E+02	1.254093E+02	1.279761E+02	
365	1.011393E+02	1.266561E+02	1.269884E+02	
366	1.018057E+02	1.270844E+02	1.271565E+02	
367	1.005623E+02	1.264986E+02	1.272545E+02	
368	1.015538E+02	1.266710E+02	1.277417E+02	
369	1.018929E+02	1.267068E+02	1.275886E+02	
370	1.000759E+02	1.258475E+02	1.279268E+02	
371	9.960123E+01	1.258571E+02	1.269561E+02	
372	1.014812E+02	1.272037E+02	1.267872E+02	
373	9.722302E+01	1.273554E+02	1.269497E+02	
374	9.872376E+01	1.257140E+02	1.263521E+02	
375	1.010734E+02	1.257016E+02	1.268764E+02	
376	9.646384E+01	1.263507E+02	1.266669E+02	
377	9.589603E+01	1.277237E+02	1.258399E+02	
378	9.956869E+01	1.261712E+02	1.257498E+02	
379	9.511469E+01	1.261454E+02	1.254841E+02	
380	9.806279E+01	1.252197E+02	1.266396E+02	
381	9.666033E+01	1.264753E+02	1.259710E+02	
382	9.394836E+01	1.259145E+02	1.258523E+02	
383	9.791749E+01	1.253241E+02	1.258916E+02	
384	9.798979E+01	1.263867E+02	1.263928E+02	
385	9.511842E+01	1.267277E+02	1.265116E+02	
386	1.001294E+02	1.259803E+02	1.261820E+02	
387	9.658081E+01	1.276012E+02	1.257386E+02	
388	9.662313E+01	1.256965E+02	1.251758E+02	
389	9.630556E+01	1.264607E+02	1.252653E+02	
390	9.719798E+01	1.265711E+02	1.247775E+02	
391	9.964772E+01	1.262220E+02	1.250015E+02	
392	1.019450E+02	1.260812E+02	1.253051E+02	
393	9.660076E+01	1.267327E+02	1.250554E+02	
394	1.034866E+02	1.263461E+02	1.257621E+02	
395	9.879046E+01	1.258589E+02	1.245266E+02	
396	9.787195E+01	1.267728E+02	1.244952E+02	
397	9.780768E+01	1.247174E+02	1.255305E+02	
398	9.870434E+01	1.252363E+02	1.251982E+02	
399	9.809311E+01	1.251493E+02	1.259665E+02	
400	1.024914E+02	1.254761E+02	1.250949E+02	
401	1.007749E+02	1.266704E+02	1.254131E+02	
402	9.701560E+01	1.252620E+02	1.254710E+02	
403	1.019387E+02	1.244552E+02	1.243455E+02	
404	1.043067E+02	1.238798E+02	1.250697E+02	
405	1.012892E+02	1.249574E+02	1.245995E+02	
406	1.038257E+02	1.249112E+02	1.251726E+02	
407	1.053793E+02	1.248333E+02	1.231103E+02	
408	1.043438E+02	1.238651E+02	1.251481E+02	
409	1.049174E+02	1.256187E+02	1.248441E+02	
410	1.055944E+02	1.248223E+02	1.235875E+02	
411	1.077353E+02	1.237472E+02	1.235547E+02	
412	1.101439E+02	1.243722E+02	1.243217E+02	
413	1.089341E+02	1.251905E+02	1.231138E+02	
414	1.053195E+02	1.232788E+02	1.239174E+02	
415	1.078032E+02	1.235405E+02	1.229039E+02	
416	1.120578E+02	1.234632E+02	1.260363E+02	
417	1.095545E+02	1.226713E+02	1.243361E+02	
418	1.069785E+02	1.236782E+02	1.230952E+02	
419	1.085264E+02	1.229271E+02	1.232348E+02	
420	1.050996E+02	1.225916E+02	1.237775E+02	
421	1.118967E+02	1.221895E+02	1.248818E+02	
422	1.091221E+02	1.228382E+02	1.214886E+02	
423	1.116684E+02	1.224827E+02	1.246330E+02	
424	1.093718E+02	1.247004E+02	1.256385E+02	
425	1.143726E+02	1.230146E+02	1.254268E+02	
426	1.070377E+02	1.221440E+02	1.230670E+02	
427	1.116442E+02	1.232339E+02	1.242319E+02	
428	1.116277E+02	1.228794E+02	1.248779E+02	
429	1.102563E+02	1.226098E+02	1.250417E+02	
430	1.129217E+02	1.221626E+02	1.259878E+02	
431	1.142578E+02	1.220940E+02	1.246455E+02	
432	1.114740E+02	1.228209E+02	1.270745E+02	
433	1.197270E+02	1.216351E+02	1.250285E+02	
434	1.167679E+02	1.248027E+02	1.280689E+02	
435	1.158419E+02	1.225045E+02	1.259725E+02	
436	1.197986E+02	1.225048E+02	1.263402E+02	
437	1.146038E+02	1.228060E+02	1.263658E+02	
438	1.226042E+02	1.228432E+02	1.258195E+02	
439	1.179935E+02	1.232123E+02	1.274506E+02	
440	1.227153E+02	1.220063E+02	1.256010E+02	
441	1.116207E+02	1.241186E+02	1.263355E+02	
442	1.146902E+02	1.251402E+02	1.276224E+02	
443	1.242967E+02	1.242788E+02	1.245048E+02	
444	1.147051E+02	1.228252E+02	1.246377E+02	
445	1.255410E+02	1.233233E+02	1.246965E+02	
446	1.227234E+02	1.267168E+02	1.261473E+02	
447	1.137830E+02	1.252013E+02	1.250244E+02	
448	1.225150E+02	1.244357E+02	1.255682E+02	
449	1.266088E+02	1.240407E+02	1.255743E+02	
450	1.283583E+02	1.247216E+02	1.228927E+02	
451	1.269882E+02	1.258641E+02	1.261895E+02	
452	1.319546E+02	1.244134E+02	1.244544E+02	
453	1.311636E+02	1.244479E+02	1.246554E+02	
454	1.284571E+02	1.266566E+02	1.235950E+02	
455	1.346734E+02	1.286141E+02	1.252077E+02	
456	1.311929E+02	1.255119E+02	1.263845E+02	
457	1.350583E+02	1.234580E+02	1.256870E+02	
458	1.286713E+02	1.210819E+02	1.280447E+02	
459	1.327420E+02	1.256148E+02	1.274935E+02	
460	1.405607E+02	1.234234E+02	1.273869E+02	
461	1.426100E+02	1.241884E+02	1.277279E+02	
462	1.429133E+02	1.212862E+02	1.270865E+02	
463	1.365925E+02	1.241816E+02	1.287148E+02	
464	1.455834E+02	1.237354E+02	1.267357E+02	
465	1.142751E+02	1.251092E+02	1.261632E+02	
466	1.386376E+02	1.228259E+02	1.251571E+02	
467	1.300880E+02	1.220559E+02	1.268353E+02	
468	1.303520E+02	1.226075E+02	1.237509E+02	
469	1.368465E+02	1.212110E+02	1.238991E+02	
470	1.209558E+02	1.208942E+02	1.233262E+02	
471	1.468375E+02	1.163494E+02	1.215566E+02	
472	1.340037E+02	1.157465E+02	1.278301E+02	
473	1.457626E+02	1.155115E+02	1.188695E+02	
474	1.322613E+02	1.116134E+02	1.220207E+02	
475	1.304018E+02	1.158726E+02	1.199259E+02	
476	1.377982E+02	1.145094E+02	1.224741E+02	
477	1.199336E+02	1.140691E+02	1.231234E+02	
478	1.340842E+02	1.167780E+02	1.206591E+02	
479	1.380019E+02	1.187983E+02	1.221676E+02	
480	1.331668E+02	1.136968E+02	1.174066E+02	
481	1.284044E+02	1.215372E+02	1.204872E+02	
482	1.399196E+02	1.169305E+02	1.177690E+02	
483	1.263259E+02	1.195372E+02	1.188038E+02	
484	1.276137E+02	1.228613E+02	1.205330E+02	
485	1.380284E+02	1.178437E+02	1.170185E+02	
486	1.011093E+02	1.233418E+02	1.231211E+02	
487	1.484390E+02	1.227354E+02	1.181248E+02	
488	1.160207E+02	1.208894E+02	1.191149E+02	
489	1.551240E+02	1.203375E+02	1.154539E+02	
490	1.367224E+02	1.231314E+02	1.210746E+02	
491	1.385018E+02	1.110880E+02	1.227570E+02	
492	1.414557E+02	1.242843E+02	1.170550E+02	
493	0.000000E+00	1.288452E+02	1.125869E+02	
494	1.411628E+02	1.175059E+02	1.173214E+02	
495	0.000000E+00	1.257406E+02	1.155984E+02	
496	1.475579E+02	1.211610E+02	1.144298E+02	
497	1.404782E+02	1.365534E+02	1.159954E+02	
498	1.626427E+02	1.120943E+02	1.123185E+02	
499	1.511062E+02	1.264024E+02	1.206734E+02	
500	0.000000E+00	0.000000E+00	0.000000E+00	
501	1.456846E+02	1.177352E+02	1.125663E+02	
502	0.000000E+00	0.000000E+00	0.000000E+00	
503	1.497711E+02	1.113927E+02	1.128127E+02	
504	0.000000E+00	0.000000E+00	0.000000E+00	
505	1.515092E+02	1.094757E+02	1.085530E+02	
506	1.927444E+02	1.111654E+02	1.213358E+02	
507	0.000000E+00	0.000000E+00	0.000000E+00	
508	1.287464E+02	1.123909E+02	1.099435E+02	
509	0.000000E+00	0.000000E+00	0.000000E+00	
510	1.450055E+02	1.110495E+02	1.123724E+02	
511	0.000000E+00	0.000000E+00	0.000000E+00	
512	0.000000E+00	1.236185E+02	1.052545E+02	
513	0.000000E+00	0.000000E+00	0.000000E+00	
514	0.000000E+00	0.000000E+00	0.000000E+00	
515	0.000000E+00	1.056720E+02	1.115908E+02	
516	0.000000E+00	0.000000E+00	0.000000E+00	
517	0.000000E+00	7.504921E+01	1.030763E+02	
518	0.000000E+00	0.000000E+00	0.000000E+00	
519	0.000000E+00	9.736512E+01	8.621134E+01	
520	0.000000E+00	0.000000E+00	0.000000E+00	
521	0.000000E+00	0.000000E+00	0.000000E+00	
522	0.000000E+00	0.000000E+00	0.000000E+00	
523	0.000000E+00	0.000000E+00	0.000000E+00	
524	0.000000E+00	0.000000E+00	0.000000E+00	
525	0.000000E+00	0.000000E+00	0.000000E+00	
526	0.000000E+00	0.000000E+00	0.000000E+00	
527	0.000000E+00	0.000000E+00	0.000000E+00	
528	0.000000E+00	0.000000E+00	0.000000E+00	
529	0.000000E+00	0.000000E+00	0.000000E+00	
530	0.000000E+00	0.000000E+00	0.000000E+00	
531	0.000000E+00	0.000000E+00	0.000000E+00	
532	0.000000E+00	0.000000E+00	0.000000E+00	
533	0.000000E+00	0.000000E+00	0.000000E+00	
534	0.000000E+00	0.000000E+00	0.000000E+00	
535	0.000000E+00	0.000000E+00	0.000000E+00	
536	0.000000E+00	0.000000E+00	0.000000E+00	
537	0.000000E+00	0.000000E+00	0.000000E+00	
538	0.000000E+00	0.000000E+00	0.000000E+00	
539	0.000000E+00	0.000000E+00	0.000000E+00	
540	0.000000E+00	0.000000E+00	0.000000E+00	
541	0.000000E+00	0.000000E+00	0.000000E+00	
542	0.000000E+00	0.000000E+00	0.000000E+00	
543	0.000000E+00	0.000000E+00	0.000000E+00	
544	0.000000E+00	0.000000E+00	0.000000E+00	
545	0.000000E+00	0.000000E+00	0.000000E+00	
546	0.000000E+00	0.000000E+00	0.000000E+00	
547	0.000000E+00	0.000000E+00	0.000000E+00	
548	0.000000E+00	0.000000E+00	0.000000E+00	
549	0.000000E+00	0.000000E+00	0.000000E+00	
550	0.000000E+00	0.000000E+00	0.000000E+00	
551	0.000000E+00	0.000000E+00	0.000000E+00	
552	0.000000E+00	0.000000E+00	0.000000E+00	
553	0.000000E+00	0.000000E+00	0.000000E+00	
554	0.000000E+00	0.000000E+00	0.000000E+00	
555	0.000000E+00	0.000000E+00	0.000000E+00	
556	0.000000E+00	0.000000E+00	0.000000E+00	
557	0.000000E+00	0.000000E+00	0.000000E+00	
558	0.000000E+00	0.000000E+00	0.000000E+00	
559	0.000000E+00	0.000000E+00	0.000000E+00	
560	0.000000E+00	0.000000E+00	0.000000E+00	
561	0.000000E+00	0.000000E+00	0.000000E+00	
562	0.000000E+00	0.000000E+00	0.000000E+00	
563	0.000000E+00	0.000000E+00	0.000000E+00	
564	0.000000E+00	0.000000E+00	0.000000E+00	
565	0.000000E+00	0.000000E+00	0.000000E+00	
566	0.000000E+00	0.000000E+00	0.000000E+00	
567	0.000000E+00	0.000000E+00	0.000000E+00	
568	0.000000E+00	0.000000E+00	0.000000E+00	
569	0.000000E+00	0.000000E+00	0.000000E+00	
570	0.000000E+00	0.000000E+00	0.000000E+00	
571	0.000000E+00	0.000000E+00	0.000000E+00	
572	0.000000E+00	0.000000E+00	0.000000E+00	
573	0.000000E+00	0.000000E+00	0.000000E+00	
574	0.000000E+00	0.000000E+00	0.000000E+00	
575	0.000000E+00	0.000000E+00	0.000000E+00	
576	0.000000E+00	0.000000E+00	0.000000E+00	
577	0.000000E+00	0.000000E+00	0.000000E+00	
578	0.000000E+00	0.000000E+00	0.000000E+00	
579	0.000000E+00	0.000000E+00	0.000000E+00	
580	0.000000E+00	0.000000E+00	0.000000E+00	
581	0.000000E+00	0.000000E+00	0.000000E+00	
582	0.000000E+00	0.000000E+00	0.000000E+00	
583	0.000000E+00	0.000000E+00	0.000000E+00	
584	0.000000E+00	0.000000E+00	0.000000E+00	
585	0.000000E+00	0.000000E+00	0.000000E+00	
586	0.000000E+00	0.000000E+00	0.000000E+00	
587	0.000000E+00	0.000000E+00	0.000000E+00	
588	0.000000E+00	0.000000E+00	0.000000E+00	
589	0.000000E+00	0.000000E+00	0.000000E+00	
590	0.000000E+00	0.000000E+00	0.000000E+00	
591	0.000000E+00	0.000000E+00	0.000000E+00	
592	0.000000E+00	0.000000E+00	0.000000E+00	
593	0.000000E+00	0.000000E+00	0.000000E+00	
594	0.000000E+00	0.000000E+00	0.000000E+00	
595	0.000000E+00	0.000000E+00	0.000000E+00	
596	0.000000E+00	0.000000E+00	0.000000E+00	
597	0.000000E+00	0.000000E+00	0.000000E+00	
598	0.000000E+00	0.000000E+00	0.000000E+00	
599	0.000000E+00	0.000000E+00	0.000000E+00	
#NewRun
0	1.202601E+02	1.161398E+02	1.143997E+02	
1	0.000000E+00	0.000000E+00	0.000000E+00	
2	0.000000E+00	0.000000E+00	0.000000E+00	
3	0.000000E+00	0.000000E+00	0.000000E+00	
4	1.205857E+02	1.200164E+02	1.137383E+02	
5	1.188303E+02	1.166071E+02	1.164648E+02	
6	1.193234E+02	1.216471E+02	1.179279E+02	
7	0.000000E+00	0.000000E+00	0.000000E+00	
8	1.203790E+02	1.190212E+02	1.170496E+02	
9	1.183358E+02	1.201560E+02	1.143864E+02	
10	0.000000E+00	0.000000E+00	0.000000E+00	
11	1.189921E+02	1.199509E+02	1.165966E+02	
12	1.205895E+02	1.196315E+02	1.150502E+02	
13	1.212980E+02	1.194225E+02	1.180365E+02	
14	1.208555E+02	1.203623E+02	1.159986E+02	
15	0.000000E+00	0.000000E+00	0.000000E+00	
16	1.197584E+02	1.212303E+02	1.171199E+02	
17	1.191214E+02	1.208289E+02	1.162763E+02	
18	1.188120E+02	1.199930E+02	1.174029E+02	
19	1.188932E+02	1.189941E+02	1.190878E+02	
20	1.200629E+02	1.205023E+02	1.175917E+02	
21	1.194654E+02	1.211806E+02	1.182592E+02	
22	1.203975E+02	1.200603E+02	1.175546E+02	
23	1.187291E+02	1.200437E+02	1.177571E+02	
24	1.205838E+02	1.175308E+02	1.189319E+02	
25	1.192843E+02	1.185379E+02	1.172527E+02	
26	1.186242E+02	1.188341E+02	1.182334E+02	
27	1.197481E+02	1.194128E+02	1.180081E+02	
28	1.191012E+02	1.177987E+02	1.191359E+02	
29	1.193374E+02	1.196384E+02	1.186399E+02	
30	1.195050E+02	1.186304E+02	1.188911E+02	
31	1.190265E+02	1.190991E+02	1.196504E+02	
32	1.185791E+02	1.184995E+02	1.197543E+02	
33	1.176012E+02	1.189311E+02	1.197126E+02	
34	1.192273E+02	1.197389E+02	1.196815E+02	
35	1.188773E+02	1.195641E+02	1.206071E+02	
36	1.178966E+02	1.188345E+02	1.191614E+02	
37	1.184461E+02	1.190118E+02	1.199970E+02	
38	1.181356E+02	1.187213E+02	1.192955E+02	
39	1.185003E+02	1.186457E+02	1.197087E+02	
40	1.182583E+02	1.181773E+02	1.193409E+02	
41	1.177760E+02	1.182275E+02	1.198366E+02	
42	1.181694E+02	1.188718E+02	1.184309E+02	
43	1.183029E+02	1.188913E+02	1.190438E+02	
44	1.186151E+02	1.169219E+02	1.194277E+02	
45	1.188904E+02	1.180576E+02	1.196821E+02	
46	1.183851E+02	1.174647E+02	1.191117E+02	
47	1.176867E+02	1.174199E+02	1.192691E+02	
48	1.181480E+02	1.172271E+02	1.185238E+02	
49	1.179530E+02	1.164000E+02	1.186290E+02	
50	1.175467E+02	1.164091E+02	1.185965E+02	
51	1.179488E+02	1.171637E+02	1.186859E+02	
52	1.175500E+02	1.165869E+02	1.188917E+02	
53	1.173314E+02	1.163278E+02	1.180662E+02	
54	1.172949E+02	1.162463E+02	1.186689E+02	
55	1.172515E+02	1.156988E+02	1.181348E+02	
56	1.167503E+02	1.161639E+02	1.181364E+02	
57	1.172854E+02	1.157089E+02	1.183698E+02	
58	1.171815E+02	1.150158E+02	1.177954E+02	
59	1.161908E+02	1.153979E+02	1.185523E+02	
60	1.166666E+02	1.151640E+02	1.180807E+02	
61	1.159682E+02	1.150506E+02	1.175939E+02	
62	1.165373E+02	1.150234E+02	1.180810E+02	
63	1.167000E+02	1.151589E+02	1.179988E+02	
64	1.158718E+02	1.152392E+02	1.175018E+02	
65	1.156413E+02	1.151065E+02	1.178145E+02	
66	1.157064E+02	1.151975E+02	1.173128E+02	
67	1.156382E+02	1.154551E+02	1.169988E+02	
68	1.150069E+02	1.148914E+02	1.168488E+02	
69	1.151691E+02	1.151261E+02	1.164000E+02	
70	1.149511E+02	1.149421E+02	1.166370E+02	
71	1.149837E+02	1.146457E+02	1.163713E+02	
72	1.145793E+02	1.150038E+02	1.161776E+02	
73	1.145561E+02	1.145161E+02	1.159158E+02	
74	1.142972E+02	1.147125E+02	1.157911E+02	
75	1.145136E+02	1.146894E+02	1.153154E+02	
76	1.140760E+02	1.141127E+02	1.157738E+02	
77	1.139619E+02	1.141182E+02	1.155408E+02	
78	1.140924E+02	1.136699E+02	1.151979E+02	
79	1.137176E+02	1.139546E+02	1.144603E+02	
80	1.135864E+02	1.137310E+02	1.148666E+02	
81	1.135448E+02	1.134878E+02	1.142158E+02	
82	1.132616E+02	1.136376E+02	1.151276E+02	
83	1.134112E+02	1.138134E+02	1.145001E+02	
84	1.132289E+02	1.133945E+02	1.147786E+02	
85	1.129351E+02	1.132430E+02	1.147284E+02	
86	1.129599E+02	1.135274E+02	1.138099E+02	
87	1.127576E+02	1.134190E+02	1.144243E+02	
88	1.128261E+02	1.132999E+02	1.143513E+02	
89	1.125042E+02	1.132969E+02	1.137384E+02	
90	1.123241E+02	1.138337E+02	1.137697E+02	
91	1.125863E+02	1.132301E+02	1.140325E+02	
92	1.122830E+02	1.131958E+02	1.137556E+02	
93	1.123470E+02	1.134297E+02	1.135743E+02	
94	1.121162E+02	1.130969E+02	1.139070E+02	
95	1.122387E+02	1.132270E+02	1.134580E+02	
96	1.120636E+02	1.129148E+02	1.135553E+02	
97	1.117916E+02	1.129728E+02	1.134708E+02	
98	1.119026E+02	1.129133E+02	1.131713E+02	
99	1.117730E+02	1.130346E+02	1.129565E+02	
100	1.116733E+02	1.129443E+02	1.131201E+02	
101	1.115976E+02	1.126584E+02	1.130584E+02	
102	1.113877E+02	1.127013E+02	1.128999E+02	
103	1.113989E+02	1.129329E+02	1.126066E+02	
104	1.113529E+02	1.128089E+02	1.127252E+02	
105	1.111076E+02	1.125447E+02	1.127503E+02	
106	1.111059E+02	1.125196E+02	1.127267E+02	
107	1.112071E+02	1.125254E+02	1.126871E+02	
108	1.112598E+02	1.125276E+02	1.123065E+02	
109	1.108829E+02	1.126235E+02	1.122420E+02	
110	1.109728E+02	1.122397E+02	1.125291E+02	
111	1.109959E+02	1.125829E+02	1.122260E+02	
112	1.108717E+02	1.124676E+02	1.119658E+02	
113	1.105947E+02	1.122395E+02	1.123124E+02	
114	1.108243E+02	1.123423E+02	1.124174E+02	
115	1.111199E+02	1.121393E+02	1.125565E+02	
116	1.106643E+02	1.124460E+02	1.121430E+02	
117	1.111257E+02	1.119345E+02	1.125710E+02	
118	1.109920E+02	1.122868E+02	1.124296E+02	
119	1.108654E+02	1.120818E+02	1.128952E+02	
120	1.111988E+02	1.119269E+02	1.122828E+02	
121	1.111260E+02	1.125526E+02	1.123337E+02	
122	1.110335E+02	1.122695E+02	1.122652E+02	
123	1.106833E+02	1.121434E+02	1.120627E+02	
124	1.110043E+02	1.120981E+02	1.121032E+02	
125	1.107630E+02	1.122645E+02	1.119985E+02	
126	1.106469E+02	1.124383E+02	1.122215E+02	
127	1.108518E+02	1.122294E+02	1.122989E+02	
128	1.106286E+02	1.120977E+02	1.120069E+02	
129	1.104746E+02	1.123963E+02	1.119075E+02	
130	1.105506E+02	1.123526E+02	1.123852E+02	
131	1.104484E+02	1.118756E+02	1.121508E+02	
132	1.102886E+02	1.122173E+02	1.122599E+02	
133	1.102714E+02	1.123133E+02	1.121754E+02	
134	1.102348E+02	1.121363E+02	1.124079E+02	
135	1.100155E+02	1.123491E+02	1.122313E+02	
136	1.102666E+02	1.122013E+02	1.124514E+02	
137	1.100841E+02	1.126552E+02	1.125883E+02	
138	1.097865E+02	1.124821E+02	1.128003E+02	
139	1.101882E+02	1.125153E+02	1.129687E+02	
140	1.103778E+02	1.127213E+02	1.129188E+02	
141	1.101207E+02	1.128030E+02	1.132673E+02	
142	1.100841E+02	1.126238E+02	1.131676E+02	
143	1.105167E+02	1.131607E+02	1.136309E+02	
144	1.101802E+02	1.131210E+02	1.134125E+02	
145	1.105597E+02	1.132061E+02	1.134788E+02	
146	1.106888E+02	1.135046E+02	1.138639E+02	
147	1.102602E+02	1.135455E+02	1.137471E+02	
148	1.107154E+02	1.134807E+02	1.136942E+02	
149	1.105619E+02	1.139375E+02	1.134141E+02	
150	1.106267E+02	1.137777E+02	1.137702E+02	
151	1.110335E+02	1.141796E+02	1.138968E+02	
152	1.107781E+02	1.140491E+02	1.139129E+02	
153	1.108207E+02	1.142929E+02	1.138408E+02	
154	1.109449E+02	1.147597E+02	1.145706E+02	
155	1.106734E+02	1.143977E+02	1.142313E+02	
156	1.113387E+02	1.148516E+02	1.147991E+02	
157	1.113350E+02	1.146986E+02	1.142663E+02	
158	1.112096E+02	1.150292E+02	1.147537E+02	
159	1.113327E+02	1.153078E+02	1.151373E+02	
160	1.115439E+02	1.152994E+02	1.151434E+02	
161	1.118473E+02	1.157464E+02	1.152222E+02	
162	1.118908E+02	1.158414E+02	1.152978E+02	
163	1.115097E+02	1.166209E+02	1.156096E+02	
164	1.123411E+02	1.162537E+02	1.157887E+02	
165	1.120533E+02	1.172785E+02	1.159269E+02	
166	1.121859E+02	1.165321E+02	1.158932E+02	
167	1.128405E+02	1.175851E+02	1.163738E+02	
168	1.125383E+02	1.171262E+02	1.161476E+02	
169	1.127294E+02	1.177419E+02	1.167923E+02	
170	1.135624E+02	1.177207E+02	1.168640E+02	
171	1.128301E+02	1.178879E+02	1.172907E+02	
172	1.135049E+02	1.180918E+02	1.170936E+02	
173	1.130449E+02	1.179389E+02	1.180134E+02	
174	1.132391E+02	1.184752E+02	1.176615E+02	
175	1.132707E+02	1.189215E+02	1.181166E+02	
176	1.139573E+02	1.184858E+02	1.181374E+02	
177	1.135189E+02	1.196629E+02	1.186498E+02	
178	1.135678E+02	1.200267E+02	1.193610E+02	
179	1.136468E+02	1.203166E+02	1.189247E+02	
180	1.146678E+02	1.195357E+02	1.195255E+02	
181	1.138692E+02	1.201935E+02	1.194086E+02	
182	1.140559E+02	1.207692E+02	1.201127E+02	
183	1.144761E+02	1.213925E+02	1.202730E+02	
184	1.143451E+02	1.214207E+02	1.203546E+02	
185	1.142376E+02	1.225758E+02	1.206593E+02	
186	1.142482E+02	1.221742E+02	1.207110E+02	
187	1.154644E+02	1.229650E+02	1.210978E+02	
188	1.153682E+02	1.221931E+02	1.219751E+02	
189	1.152005E+02	1.226538E+02	1.220583E+02	
190	1.154385E+02	1.237812E+02	1.222091E+02	
191	1.161334E+02	1.232692E+02	1.220724E+02	
192	1.160437E+02	1.237329E+02	1.225795E+02	
193	1.172027E+02	1.238294E+02	1.230024E+02	
194	1.167090E+02	1.244013E+02	1.231409E+02	
195	1.172242E+02	1.248844E+02	1.226481E+02	
196	1.178547E+02	1.244888E+02	1.237560E+02	
197	1.170293E+02	1.251658E+02	1.245378E+02	
198	1.174595E+02	1.256877E+02	1.244166E+02	
199	1.188061E+02	1.257063E+02	1.253227E+02	
200	1.185865E+02	1.262648E+02	1.239498E+02	
201	1.190373E+02	1.264531E+02	1.251335E+02	
202	1.192072E+02	1.269744E+02	1.255412E+02	
203	1.194364E+02	1.275897E+02	1.254004E+02	
204	1.195026E+02	1.280510E+02	1.258270E+02	
205	1.199054E+02	1.277073E+02	1.259518E+02	
206	1.196774E+02	1.285860E+02	1.259400E+02	
207	1.215090E+02	1.281144E+02	1.269234E+02	
208	1.208493E+02	1.288246E+02	1.267575E+02	
209	1.215976E+02	1.286780E+02	1.275693E+02	
210	1.203181E+02	1.284903E+02	1.275526E+02	
211	1.229324E+02	1.285437E+02	1.275850E+02	
212	1.216280E+02	1.290794E+02	1.274285E+02	
213	1.212207E+02	1.289853E+02	1.271929E+02	
214	1.216566E+02	1.290494E+02	1.280927E+02	
215	1.229403E+02	1.292101E+02	1.286385E+02	
216	1.228368E+02	1.285091E+02	1.286144E+02	
217	1.233169E+02	1.285500E+02	1.285333E+02	
218	1.238923E+02	1.293477E+02	1.289341E+02	
219	1.225362E+02	1.300140E+02	1.287119E+02	
220	1.219263E+02	1.296685E+02	1.285930E+02	
221	1.219871E+02	1.296366E+02	1.283687E+02	
222	1.229212E+02	1.296040E+02	1.273548E+02	
223	1.216548E+02	1.295911E+02	1.277596E+02	
224	1.200226E+02	1.298844E+02	1.286318E+02	
225	1.206039E+02	1.299230E+02	1.281092E+02	
226	1.212834E+02	1.297563E+02	1.279499E+02	
227	1.204437E+02	1.299142E+02	1.276133E+02	
228	1.207886E+02	1.296706E+02	1.274598E+02	
229	1.202170E+02	1.303186E+02	1.275205E+02	
230	1.198396E+02	1.301587E+02	1.275386E+02	
231	1.205006E+02	1.293537E+02	1.274788E+02	
232	1.222239E+02	1.295896E+02	1.271502E+02	
233	1.204549E+02	1.303010E+02	1.273675E+02	
234	1.184873E+02	1.294450E+02	1.284657E+02	
235	1.203518E+02	1.298710E+02	1.281755E+02	
236	1.219047E+02	1.305198E+02	1.286342E+02	
237	1.207892E+02	1.292601E+02	1.286964E+02	
238	1.181753E+02	1.293980E+02	1.297080E+02	
239	1.189715E+02	1.302744E+02	1.286590E+02	
240	1.214578E+02	1.293927E+02	1.290232E+02	
241	1.184294E+02	1.289908E+02	1.291246E+02	
242	1.171805E+02	1.288142E+02	1.293393E+02	
243	1.184412E+02	1.292954E+02	1.284514E+02	
244	1.182564E+02	1.286707E+02	1.284786E+02	
245	1.154932E+02	1.294918E+02	1.288922E+02	
246	1.180157E+02	1.292143E+02	1.285739E+02	
247	1.190239E+02	1.294637E+02	1.283642E+02	
248	1.197293E+02	1.285602E+02	1.294109E+02	
249	1.174242E+02	1.275934E+02	1.282670E+02	
250	1.170564E+02	1.273860E+02	1.281197E+02	
251	1.156818E+02	1.273693E+02	1.277151E+02	
252	1.185054E+02	1.280907E+02	1.282545E+02	
253	1.180047E+02	1.267638E+02	1.275478E+02	
254	1.215928E+02	1.272511E+02	1.273124E+02	
255	1.194470E+02	1.270394E+02	1.274877E+02	
256	1.167028E+02	1.266096E+02	1.276138E+02	
257	1.189973E+02	1.269191E+02	1.268997E+02	
258	1.153678E+02	1.269297E+02	1.273061E+02	
259	1.174306E+02	1.277665E+02	1.276988E+02	
260	1.140546E+02	1.275146E+02	1.274155E+02	
261	1.156992E+02	1.274519E+02	1.269048E+02	
262	1.143791E+02	1.275211E+02	1.266312E+02	
263	1.121147E+02	1.269768E+02	1.271927E+02	
264	1.161033E+02	1.262718E+02	1.260535E+02	
265	1.143754E+02	1.265944E+02	1.262973E+02	
266	1.141581E+02	1.272619E+02	1.265852E+02	
267	1.140448E+02	1.269485E+02	1.257848E+02	
268	1.133895E+02	1.264493E+02	1.256894E+02	
269	1.161769E+02	1.265298E+02	1.269552E+02	
270	1.141224E+02	1.273339E+02	1.259501E+02	
271	1.131509E+02	1.268653E+02	1.264939E+02	
272	1.140738E+02	1.257463E+02	1.261588E+02	
273	1.152689E+02	1.266398E+02	1.251443E+02	
274	1.167513E+02	1.269245E+02	1.256065E+02	
275	1.127019E+02	1.270274E+02	1.256772E+02	
276	1.129640E+02	1.267163E+02	1.247242E+02	
277	1.161506E+02	1.276113E+02	1.257448E+02	
278	1.158327E+02	1.275358E+02	1.263807E+02	
279	1.160033E+02	1.278780E+02	1.259570E+02	
280	1.146289E+02	1.269255E+02	1.248774E+02	
281	1.150692E+02	1.271779E+02	1.248810E+02	
282	1.142334E+02	1.267773E+02	1.261346E+02	
283	1.161739E+02	1.266631E+02	1.262550E+02	
284	1.128400E+02	1.276505E+02	1.245780E+02	
285	1.130474E+02	1.274742E+02	1.255819E+02	
286	1.145935E+02	1.264869E+02	1.258974E+02	
287	1.136762E+02	1.268067E+02	1.257096E+02	
288	1.117653E+02	1.276253E+02	1.256533E+02	
289	1.103451E+02	1.273206E+02	1.260214E+02	
290	1.103549E+02	1.274031E+02	1.259406E+02	
291	1.105752E+02	1.265861E+02	1.258047E+02	
292	1.115410E+02	1.272944E+02	1.247803E+02	
293	1.068927E+02	1.274974E+02	1.259944E+02	
294	1.082028E+02	1.266943E+02	1.255672E+02	
295	1.073771E+02	1.270579E+02	1.253151E+02	
296	1.096903E+02	1.266711E+02	1.248941E+02	
297	1.085322E+02	1.260716E+02	1.249883E+02	
298	1.071861E+02	1.263131E+02	1.251117E+02	
299	1.091455E+02	1.264282E+02	1.243345E+02	
300	1.087337E+02	1.265933E+02	1.249834E+02	
301	1.122322E+02	1.262644E+02	1.252725E+02	
302	1.078631E+02	1.258379E+02	1.236518E+02	
303	1.072146E+02	1.253093E+02	1.245117E+02	
304	1.078925E+02	1.257652E+02	1.243184E+02	
305	1.085817E+02	1.260953E+02	1.247851E+02	
306	1.084561E+02	1.260220E+02	1.250758E+02	
307	1.100002E+02	1.266277E+02	1.249457E+02	
308	1.095821E+02	1.260381E+02	1.248299E+02	
309	1.112415E+02	1.263429E+02	1.245753E+02	
310	1.113055E+02	1.263033E+02	1.246098E+02	
311	1.131770E+02	1.256376E+02	1.243233E+02	
312	1.087153E+02	1.261533E+02	1.245423E+02	
313	1.117846E+02	1.267243E+02	1.246927E+02	
314	1.116647E+02	1.259983E+02	1.246480E+02	
315	1.098949E+02	1.261434E+02	1.243324E+02	
316	1.101328E+02	1.261216E+02	1.237370E+02	
317	1.109992E+02	1.259769E+02	1.244997E+02	
318	1.096951E+02	1.260023E+02	1.241658E+02	
319	1.072739E+02	1.255018E+02	1.243391E+02	
320	1.094653E+02	1.261811E+02	1.244465E+02	
321	1.101146E+02	1.259393E+02	1.240099E+02	
322	1.057937E+02	1.256550E+02	1.244440E+02	
323	1.055252E+02	1.251413E+02	1.254969E+02	
324	1.062959E+02	1.252058E+02	1.247616E+02	
325	1.070689E+02	1.242838E+02	1.244822E+02	
326	1.055425E+02	1.249474E+02	1.242489E+02	
327	1.107397E+02	1.262809E+02	1.246032E+02	
328	1.063784E+02	1.252993E+02	1.239781E+02	
329	1.068209E+02	1.249810E+02	1.248434E+02	
330	1.105561E+02	1.251174E+02	1.243687E+02	
331	1.067609E+02	1.258820E+02	1.245243E+02	
332	1.083765E+02	1.253073E+02	1.249351E+02	
333	1.061331E+02	1.255067E+02	1.247194E+02	
334	1.081791E+02	1.260121E+02	1.251428E+02	
335	1.065719E+02	1.264943E+02	1.256430E+02	
336	1.108999E+02	1.257424E+02	1.245666E+02	
337	1.073688E+02	1.270157E+02	1.247816E+02	
338	1.075093E+02	1.254827E+02	1.247132E+02	
339	1.077820E+02	1.253065E+02	1.251136E+02	
340	1.049792E+02	1.262504E+02	1.243742E+02	
341	1.088169E+02	1.264531E+02	1.246924E+02	
342	1.058015E+02	1.259167E+02	1.242811E+02	
343	1.092267E+02	1.251621E+02	1.248385E+02	
344	1.062609E+02	1.258166E+02	1.245642E+02	
345	1.080883E+02	1.250883E+02	1.242227E+02	
346	1.097452E+02	1.253086E+02	1.254990E+02	
347	1.071045E+02	1.242911E+02	1.239572E+02	
348	1.045652E+02	1.256156E+02	1.248215E+02	
349	1.076855E+02	1.252951E+02	1.245457E+02	
350	1.062760E+02	1.250644E+02	1.243284E+02	
351	1.082688E+02	1.255516E+02	1.249208E+02	
352	1.095407E+02	1.259255E+02	1.245742E+02	
353	1.071144E+02	1.256260E+02	1.247389E+02	
354	1.101311E+02	1.251522E+02	1.245680E+02	
355	1.087578E+02	1.267803E+02	1.259139E+02	
356	1.075537E+02	1.260098E+02	1.243166E+02	
357	1.092922E+02	1.263396E+02	1.250543E+02	
358	1.072916E+02	1.257640E+02	1.249978E+02	
359	1.052227E+02	1.257355E+02	1.252220E+02	
360	1.060709E+02	1.262533E+02	1.251912E+02	
361	1.058641E+02	1.262048E+02	1.243133E+02	
362	1.026060E+02	1.256346E+02	1.250565E+02	
363	1.002057E+02	1.255010E+02	1.250327E+02	
364	1.047774E+02	1.261718E+02	1.249583E+02	
365	9.869355E+01	1.257279E+02	1.256820E+02	
366	1.034372E+02	1.266494E+02	1.255738E+02	
367	1.025529E+02	1.263990E+02	1.258042E+02	
368	1.002577E+02	1.261817E+02	1.259784E+02	
369	1.026755E+02	1.260317E+02	1.257211E+02	
370	1.002836E+02	1.261233E+02	1.255421E+02	
371	1.000692E+02	1.260636E+02	1.262168E+02	
372	1.007021E+02	1.260077E+02	1.253317E+02	
373	9.637368E+01	1.262825E+02	1.242394E+02	
374	9.940245E+01	1.259290E+02	1.256304E+02	
375	9.369766E+01	1.266474E+02	1.249259E+02	
376	9.936070E+01	1.252124E+02	1.256422E+02	
377	9.733810E+01	1.256726E+02	1.243313E+02	
378	9.608711E+01	1.255076E+02	1.246351E+02	
379	9.743200E+01	1.270621E+02	1.252256E+02	
380	9.578054E+01	1.262212E+02	1.239938E+02	
381	9.695900E+01	1.253877E+02	1.250402E+02	
382	9.621995E+01	1.260728E+02	1.250240E+02	
383	9.636796E+01	1.260092E+02	1.255233E+02	
384	9.621742E+01	1.267395E+02	1.257504E+02	
385	9.684746E+01	1.264555E+02	1.256043E+02	
386	9.375304E+01	1.253809E+02	1.258266E+02	
387	9.312701E+01	1.263302E+02	1.254806E+02	
388	9.566894E+01	1.260218E+02	1.263694E+02	
389	9.575669E+01	1.258306E+02	1.255116E+02	
390	9.272062E+01	1.270382E+02	1.266006E+02	
391	9.369764E+01	1.249423E+02	1.260588E+02	
392	9.382606E+01	1.258901E+02	1.250038E+02	
393	9.591782E+01	1.255089E+02	1.264185E+02	
394	9.533058E+01	1.258042E+02	1.248419E+02	
395	9.206953E+01	1.261426E+02	1.246680E+02	
396	9.175068E+01	1.259619E+02	1.266805E+02	
397	9.109366E+01	1.256001E+02	1.255786E+02	
398	9.414912E+01	1.255428E+02	1.254359E+02	
399	9.447119E+01	1.250234E+02	1.256455E+02	
400	9.285452E+01	1.255900E+02	1.258747E+02	
401	9.457921E+01	1.244931E+02	1.251744E+02	
402	9.285974E+01	1.247013E+02	1.258215E+02	
403	9.205706E+01	1.249570E+02	1.256331E+02	
404	9.748340E+01	1.259389E+02	1.261377E+02	
405	9.284214E+01	1.252653E+02	1.265212E+02	
406	8.819530E+01	1.253926E+02	1.247055E+02	
407	9.148632E+01	1.260685E+02	1.247332E+02	
408	9.166381E+01	1.256072E+02	1.249967E+02	
409	8.837641E+01	1.254317E+02	1.243781E+02	
410	8.997080E+01	1.249477E+02	1.252201E+02	
411	9.004655E+01	1.246140E+02	1.256424E+02	
412	8.737949E+01	1.256245E+02	1.258929E+02	
413	9.098501E+01	1.272857E+02	1.260920E+02	
414	8.836814E+01	1.261442E+02	1.248777E+02	
415	9.156509E+01	1.243584E+02	1.254497E+02	
416	8.999862E+01	1.259741E+02	1.247592E+02	
417	9.376836E+01	1.260556E+02	1.250056E+02	
418	8.773288E+01	1.272020E+02	1.246177E+02	
419	9.265010E+01	1.251471E+02	1.256021E+02	
420	9.265382E+01	1.258988E+02	1.257726E+02	
421	8.847753E+01	1.272838E+02	1.262909E+02	
422	9.478737E+01	1.252873E+02	1.261921E+02	
423	9.362300E+01	1.261038E+02	1.255760E+02	
424	9.720520E+01	1.273396E+02	1.259055E+02	
425	9.003718E+01	1.267055E+02	1.243829E+02	
426	8.803930E+01	1.278617E+02	1.249791E+02	
427	9.554552E+01	1.252767E+02	1.265551E+02	
428	9.448522E+01	1.266587E+02	1.243837E+02	
429	9.543003E+01	1.264594E+02	1.246329E+02	
430	9.144179E+01	1.278734E+02	1.252414E+02	
431	8.985632E+01	1.259361E+02	1.261264E+02	
432	9.251923E+01	1.280998E+02	1.254525E+02	
433	9.075804E+01	1.276184E+02	1.241779E+02	
434	8.868254E+01	1.268586E+02	1.243586E+02	
435	8.389462E+01	1.266654E+02	1.253205E+02	
436	8.912541E+01	1.279240E+02	1.243795E+02	
437	8.714704E+01	1.293388E+02	1.251598E+02	
438	8.416668E+01	1.259187E+02	1.258326E+02	
439	9.232403E+01	1.246629E+02	1.252239E+02	
440	8.563834E+01	1.262566E+02	1.243549E+02	
441	9.047489E+01	1.240234E+02	1.262091E+02	
442	8.998096E+01	1.259255E+02	1.246396E+02	
443	8.657092E+01	1.229475E+02	1.252082E+02	
444	9.095520E+01	1.239296E+02	1.257409E+02	
445	8.537176E+01	1.237972E+02	1.247255E+02	
446	8.895319E+01	1.230592E+02	1.254906E+02	
447	9.076190E+01	1.229510E+02	1.263036E+02	
448	8.118780E+01	1.228211E+02	1.246149E+02	
449	8.181929E+01	1.243028E+02	1.267013E+02	
450	8.798187E+01	1.222050E+02	1.270949E+02	
451	8.763080E+01	1.246789E+02	1.256715E+02	
452	9.352902E+01	1.230590E+02	1.242238E+02	
453	9.382689E+01	1.221769E+02	1.265319E+02	
454	8.743253E+01	1.227283E+02	1.263997E+02	
455	8.643307E+01	1.248831E+02	1.249901E+02	
456	9.131652E+01	1.242958E+02	1.289165E+02	
457	9.200405E+01	1.262829E+02	1.248941E+02	
458	8.867145E+01	1.254543E+02	1.291618E+02	
459	9.070349E+01	1.249342E+02	1.216494E+02	
460	9.151110E+01	1.278826E+02	1.281614E+02	
461	9.141819E+01	1.240116E+02	1.273233E+02	
462	9.060480E+01	1.249968E+02	1.271374E+02	
463	9.325434E+01	1.231327E+02	1.267717E+02	
464	9.021273E+01	1.232376E+02	1.262503E+02	
465	9.878315E+01	1.257070E+02	1.274864E+02	
466	9.165028E+01	1.225225E+02	1.270398E+02	
467	8.904024E+01	1.247576E+02	1.270384E+02	
468	9.032047E+01	1.271259E+02	1.253943E+02	
469	9.452021E+01	1.229344E+02	1.287863E+02	
470	9.120146E+01	1.188180E+02	1.316768E+02	
471	8.746274E+01	1.227945E+02	1.264789E+02	
472	8.855501E+01	1.214618E+02	1.273867E+02	
473	9.400977E+01	1.240374E+02	1.248635E+02	
474	9.694564E+01	1.247823E+02	1.249296E+02	
475	9.078246E+01	1.254052E+02	1.294186E+02	
476	9.667973E+01	1.218109E+02	1.266826E+02	
477	8.972970E+01	1.181548E+02	1.295729E+02	
478	1.028547E+02	1.262626E+02	1.253989E+02	
479	9.635543E+01	1.236930E+02	1.290980E+02	
480	1.052790E+02	1.302339E+02	1.266188E+02	
481	1.017257E+02	1.222744E+02	1.277666E+02	
482	1.220763E+02	1.302279E+02	1.276458E+02	
483	1.071362E+02	1.269926E+02	1.273074E+02	
484	9.747742E+01	1.257562E+02	1.306118E+02	
485	1.225190E+02	1.276243E+02	1.290049E+02	
486	1.011115E+02	1.231557E+02	1.328005E+02	
487	1.187784E+02	1.328563E+02	1.289127E+02	
488	1.186082E+02	1.217742E+02	1.258361E+02	
489	1.255270E+02	1.321249E+02	1.303346E+02	
490	1.635061E+02	1.281410E+02	1.322693E+02	
491	1.298394E+02	1.224389E+02	1.254717E+02	
492	1.495945E+02	1.373247E+02	1.300447E+02	
493	1.348775E+02	1.400092E+02	1.347074E+02	
494	1.158776E+02	1.339745E+02	1.285720E+02	
495	1.104537E+02	1.258049E+02	1.273023E+02	
496	9.307571E+01	1.337904E+02	1.329511E+02	
497	1.839852E+02	1.228308E+02	1.261316E+02	
498	8.142944E+01	1.368024E+02	1.265465E+02	
499	1.714043E+02	1.332194E+02	1.292657E+02	
500	0.000000E+00	0.000000E+00	0.000000E+00	
501	1.069570E+02	1.307693E+02	1.285773E+02	
502	0.000000E+00	0.000000E+00	0.000000E+00	
503	7.931228E+01	1.305173E+02	1.266269E+02	
504	0.000000E+00	0.000000E+00	0.000000E+00	
505	7.413674E+01	1.377300E+02	1.304330E+02	
506	4.650774E+01	1.402856E+02	1.294526E+02	
507	0.000000E+00	0.000000E+00	0.000000E+00	
508	7.411868E+01	1.343133E+02	1.317600E+02	
509	0.000000E+00	0.000000E+00	0.000000E+00	
510	7.999840E+01	1.469489E+02	1.293502E+02	
511	0.000000E+00	0.000000E+00	0.000000E+00	
512	8.912429E+01	1.333835E+02	1.385006E+02	
513	0.000000E+00	0.000000E+00	0.000000E+00	
514	0.000000E+00	0.000000E+00	0.000000E+00	
515	0.000000E+00	1.260489E+02	1.538693E+02	
516	0.000000E+00	0.000000E+00	0.000000E+00	
517	0.000000E+00	8.187511E+01	1.239744E+02	
518	0.000000E+00	0.000000E+00	0.000000E+00	
519	0.000000E+00	6.659519E+01	0.000000E+00	
520	0.000000E+00	0.000000E+00	0.000000E+00	
521	0.000000E+00	0.000000E+00	0.000000E+00	
522	0.000000E+00	0.000000E+00	0.000000E+00	
523	0.000000E+00	0.000000E+00	0.000000E+00	
524	0.000000E+00	0.000000E+00	0.000000E+00	
525	0.000000E+00	0.000000E+00	0.000000E+00	
526	0.000000E+00	0.000000E+00	0.000000E+00	
527	0.000000E+00	0.000000E+00	0.000000E+00	
528	0.000000E+00	0.000000E+00	0.000000E+00	
529	0.000000E+00	0.000000E+00	0.000000E+00	
530	0.000000E+00	0.000000E+00	0.000000E+00	
531	0.000000E+00	0.000000E+00	0.000000E+00	
532	0.000000E+00	0.000000E+00	0.000000E+00	
533	0.000000E+00	0.000000E+00	0.000000E+00	
534	0.000000E+00	0.000000E+00	0.000000E+00	
535	0.000000E+00	0.000000E+00	0.000000E+00	
536	0.000000E+00	0.000000E+00	0.000000E+00	
537	0.000000E+00	0.000000E+00	0.000000E+00	
538	0.000000E+00	0.000000E+00	0.000000E+00	
539	0.000000E+00	0.000000E+00	0.000000E+00	
540	0.000000E+00	0.000000E+00	0.000000E+00	
541	0.000000E+00	0.000000E+00	0.000000E+00	
542	0.000000E+00	0.000000E+00	0.000000E+00	
543	0.000000E+00	0.000000E+00	0.000000E+00	
544	0.000000E+00	0.000000E+00	0.000000E+00	
545	0.000000E+00	0.000000E+00	0.000000E+00	
546	0.000000E+00	0.000000E+00	0.000000E+00	
547	0.000000E+00	0.000000E+00	0.000000E+00	
548	0.000000E+00	0.000000E+00	0.000000E+00	
549	0.000000E+00	0.000000E+00	0.000000E+00	
550	0.000000E+00	0.000000E+00	0.000000E+00	
551	0.000000E+00	0.000000E+00	0.000000E+00	
552	0.000000E+00	0.000000E+00	0.000000E+00	
553	0.000000E+00	0.000000E+00	0.000000E+00	
554	0.000000E+00	0.000000E+00	0.000000E+00	
555	0.000000E+00	0.000000E+00	0.000000E+00	
556	0.000000E+00	0.000000E+00	0.000000E+00	
557	0.000000E+00	0.000000E+00	0.000000E+00	
558	0.000000E+00	0.000000E+00	0.000000E+00	
559	0.000000E+00	0.000000E+00	0.000000E+00	
560	0.000000E+00	0.000000E+00	0.000000E+00	
561	0.000000E+00	0.000000E+00	0.000000E+00	
562	0.000000E+00	0.000000E+00	0.000000E+00	
563	0.000000E+00	0.000000E+00	0.000000E+00	
564	0.000000E+00	0.000000E+00	0.000000E+00	
565	0.000000E+00	0.000000E+00	0.000000E+00	
566	0.000000E+00	0.000000E+00	0.000000E+00	
567	0.000000E+00	0.000000E+00	0.000000E+00	
568	0.000000E+00	0.000000E+00	0.000000E+00	
569	0.000000E+00	0.000000E+00	0.000000E+00	
570	0.000000E+00	0.000000E+00	0.000000E+00	
571	0.000000E+00	0.000000E+00	0.000000E+00	
572	0.000000E+00	0.000000E+00	0.000000E+00	
573	0.000000E+00	0.000000E+00	0.000000E+00	
574	0.000000E+00	0.000000E+00	0.000000E+00	
575	0.000000E+00	0.000000E+00	0.000000E+00	
576	0.000000E+00	0.000000E+00	0.000000E+00	
577	0.000000E+00	0.000000E+00	0.000000E+00	
578	0.000000E+00	0.000000E+00	0.000000E+00	
579	0.000000E+00	0.000000E+00	0.000000E+00	
580	0.000000E+00	0.000000E+00	0.000000E+00	
581	0.000000E+00	0.000000E+00	0.000000E+00	
582	0.000000E+00	0.000000E+00	0.000000E+00	
583	0.000000E+00	0.000000E+00	0.000000E+00	
584	0.000000E+00	0.000000E+00	0.000000E+00	
585	0.000000E+00	0.000000E+00	0.000000E+00	
586	0.000000E+00	0.000000E+00	0.000000E+00	
587	0.000000E+00	0.000000E+00	0.000000E+00	
588	0.000000E+00	0.000000E+00	0.000000E+00	
589	0.000000E+00	0.000000E+00	0.000000E+00	
590	0.000000E+00	0.000000E+00	0.000000E+00	
591	0.000000E+00	0.000000E+00	0.000000E+00	
592	0.000000E+00	0.000000E+00	0.000000E+00	
593	0.000000E+00	0.000000E+00	0.000000E+00	
594	0.000000E+00	0.000000E+00	0.000000E+00	
595	0.000000E+00	0.000000E+00	0.000000E+00	
596	0.000000E+00	0.000000E+00	0.000000E+00	
597	0.000000E+00	0.000000E+00	0.000000E+00	
598	0.000000E+00	0.000000E+00	0.000000E+00	
599	0.000000E+00	0.000000E+00	0.000000E+00	
#NewRun
0	1.205230E+02	1.163709E+02	1.205585E+02	
1	0.000000E+00	0.000000E+00	0.000000E+00	
2	0.000000E+00	0.000000E+00	0.000000E+00	
3	0.000000E+00	0.000000E+00	0.000000E+00	
4	1.155737E+02	1.099929E+02	1.281934E+02	
5	1.144105E+02	1.119622E+02	1.230612E+02	
6	1.165795E+02	1.139068E+02	1.206483E+02	
7	0.000000E+00	0.000000E+00	0.000000E+00	
8	1.201042E+02	1.127746E+02	1.233199E+02	
9	1.199665E+02	1.159341E+02	1.243766E+02	
10	0.000000E+00	0.000000E+00	0.000000E+00	
11	1.224566E+02	1.132579E+02	1.193844E+02	
12	1.191956E+02	1.155415E+02	1.241273E+02	
13	1.201907E+02	1.147502E+02	1.232747E+02	
14	1.214698E+02	1.158134E+02	1.255079E+02	
15	0.000000E+00	0.000000E+00	0.000000E+00	
16	1.202515E+02	1.166570E+02	1.239066E+02	
17	1.195698E+02	1.152606E+02	1.246266E+02	
18	1.198179E+02	1.170060E+02	1.239849E+02	
19	1.209719E+02	1.165973E+02	1.216964E+02	
20	1.198047E+02	1.171922E+02	1.222449E+02	
21	1.200712E+02	1.171261E+02	1.208145E+02	
22	1.213085E+02	1.155861E+02	1.213771E+02	
23	1.208276E+02	1.172650E+02	1.213298E+02	
24	1.206645E+02	1.195426E+02	1.211649E+02	
25	1.203220E+02	1.180136E+02	1.211833E+02	
26	1.209892E+02	1.196523E+02	1.202879E+02	
27	1.201374E+02	1.192952E+02	1.199034E+02	
28	1.200342E+02	1.200506E+02	1.202893E+02	
29	1.194239E+02	1.197844E+02	1.196628E+02	
30	1.189694E+02	1.208743E+02	1.190343E+02	
31	1.193658E+02	1.188212E+02	1.197197E+02	
32	1.198674E+02	1.201553E+02	1.189096E+02	
33	1.191191E+02	1.207234E+02	1.193540E+02	
34	1.194823E+02	1.197172E+02	1.196445E+02	
35	1.195653E+02	1.203997E+02	1.198675E+02	
36	1.187292E+02	1.201656E+02	1.186026E+02	
37	1.190729E+02	1.200729E+02	1.194292E+02	
38	1.189787E+02	1.196797E+02	1.181302E+02	
39	1.182254E+02	1.194142E+02	1.191079E+02	
40	1.184623E+02	1.197697E+02	1.183589E+02	
41	1.176782E+02	1.195563E+02	1.187318E+02	
42	1.175430E+02	1.180770E+02	1.175844E+02	
43	1.176845E+02	1.189076E+02	1.177035E+02	
44	1.180577E+02	1.194032E+02	1.176608E+02	
45	1.174530E+02	1.185990E+02	1.175381E+02	
46	1.174141E+02	1.190727E+02	1.180772E+02	
47	1.175431E+02	1.203553E+02	1.177339E+02	
48	1.170881E+02	1.188770E+02	1.172006E+02	
49	1.171652E+02	1.174133E+02	1.172826E+02	
50	1.169052E+02	1.185577E+02	1.167915E+02	
51	1.172567E+02	1.179724E+02	1.168677E+02	
52	1.166854E+02	1.178889E+02	1.162406E+02	
53	1.166266E+02	1.178621E+02	1.171763E+02	
54	1.164921E+02	1.182252E+02	1.166649E+02	
55	1.166726E+02	1.184652E+02	1.161382E+02	
56	1.160392E+02	1.180635E+02	1.163352E+02	
57	1.161633E+02	1.176008E+02	1.163027E+02	
58	1.160776E+02	1.182591E+02	1.167728E+02	
59	1.161658E+02	1.176017E+02	1.163764E+02	
60	1.160022E+02	1.170927E+02	1.165756E+02	
61	1.164103E+02	1.170974E+02	1.165383E+02	
62	1.155388E+02	1.170760E+02	1.164222E+02	
63	1.159435E+02	1.173808E+02	1.164030E+02	
64	1.155525E+02	1.167593E+02	1.166229E+02	
65	1.155568E+02	1.166862E+02	1.158495E+02	
66	1.157467E+02	1.167132E+02	1.162209E+02	
67	1.157896E+02	1.161845E+02	1.162032E+02	
68	1.154831E+02	1.162478E+02	1.160086E+02	
69	1.152440E+02	1.160998E+02	1.155026E+02	
70	1.150666E+02	1.159100E+02	1.156996E+02	
71	1.151069E+02	1.151986E+02	1.153523E+02	
72	1.148475E+02	1.153747E+02	1.154702E+02	
73	1.145459E+02	1.154448E+02	1.145679E+02	
74	1.145283E+02	1.157103E+02	1.147944E+02	
75	1.144477E+02	1.151068E+02	1.147403E+02	
76	1.140761E+02	1.147098E+02	1.152221E+02	
77	1.139354E+02	1.151960E+02	1.144939E+02	
78	1.139337E+02	1.145771E+02	1.146027E+02	
79	1.136675E+02	1.146280E+02	1.145776E+02	
80	1.136190E+02	1.149145E+02	1.146735E+02	
81	1.138852E+02	1.139452E+02	1.141017E+02	
82	1.132253E+02	1.145948E+02	1.138829E+02	
83	1.132706E+02	1.142750E+02	1.140124E+02	
84	1.133555E+02	1.143166E+02	1.142461E+02	
85	1.129617E+02	1.142428E+02	1.139534E+02	
86	1.132930E+02	1.139817E+02	1.141257E+02	
87	1.131821E+02	1.142072E+02	1.142411E+02	
88	1.129912E+02	1.139439E+02	1.140856E+02	
89	1.129228E+02	1.138797E+02	1.140774E+02	
90	1.126128E+02	1.136884E+02	1.139489E+02	
91	1.130260E+02	1.136657E+02	1.140547E+02	
92	1.126131E+02	1.135943E+02	1.137653E+02	
93	1.125095E+02	1.134140E+02	1.136641E+02	
94	1.121527E+02	1.132737E+02	1.140953E+02	
95	1.122058E+02	1.133909E+02	1.136289E+02	
96	1.123644E+02	1.128637E+02	1.136111E+02	
97	1.120492E+02	1.134335E+02	1.139533E+02	
98	1.121107E+02	1.128210E+02	1.138113E+02	
99	1.120444E+02	1.129261E+02	1.135758E+02	
100	1.118362E+02	1.129207E+02	1.134060E+02	
101	1.119342E+02	1.126325E+02	1.140372E+02	
102	1.116088E+02	1.127801E+02	1.139096E+02	
103	1.118473E+02	1.127158E+02	1.135676E+02	
104	1.117220E+02	1.127315E+02	1.136026E+02	
105	1.111983E+02	1.126132E+02	1.136562E+02	
106	1.115362E+02	1.127049E+02	1.135914E+02	
107	1.114285E+02	1.125375E+02	1.133538E+02	
108	1.112546E+02	1.126324E+02	1.137056E+02	
109	1.111842E+02	1.125809E+02	1.136873E+02	
110	1.112694E+02	1.125259E+02	1.135350E+02	
111	1.111965E+02	1.125925E+02	1.133886E+02	
112	1.112295E+02	1.124104E+02	1.136256E+02	
113	1.112692E+02	1.124804E+02	1.139175E+02	
114	1.108612E+02	1.125410E+02	1.140362E+02	
115	1.112555E+02	1.125226E+02	1.134899E+02	
116	1.107919E+02	1.121553E+02	1.139589E+02	
117	1.109304E+02	1.125107E+02	1.141712E+02	
118	1.107598E+02	1.121387E+02	1.138975E+02	
119	1.109205E+02	1.125667E+02	1.140217E+02	
120	1.107320E+02	1.124628E+02	1.139128E+02	
121	1.110601E+02	1.121362E+02	1.138611E+02	
122	1.108215E+02	1.124494E+02	1.137453E+02	
123	1.107239E+02	1.129244E+02	1.138696E+02	
124	1.109514E+02	1.125518E+02	1.139026E+02	
125	1.106541E+02	1.126267E+02	1.138820E+02	
126	1.105661E+02	1.130392E+02	1.140983E+02	
127	1.105656E+02	1.126904E+02	1.142173E+02	
128	1.104653E+02	1.127443E+02	1.141452E+02	
129	1.107291E+02	1.126618E+02	1.138232E+02	
130	1.106461E+02	1.123656E+02	1.138580E+02	
131	1.105932E+02	1.124988E+02	1.137855E+02	
132	1.105785E+02	1.124285E+02	1.139742E+02	
133	1.104431E+02	1.128002E+02	1.139543E+02	
134	1.103546E+02	1.123075E+02	1.139207E+02	
135	1.105626E+02	1.126153E+02	1.139404E+02	
136	1.106005E+02	1.126303E+02	1.139744E+02	
137	1.105183E+02	1.124371E+02	1.142149E+02	
138	1.101749E+02	1.125047E+02	1.142999E+02	
139	1.102531E+02	1.126057E+02	1.143429E+02	
140	1.104543E+02	1.126046E+02	1.141129E+02	
141	1.100818E+02	1.125330E+02	1.143088E+02	
142	1.100994E+02	1.127541E+02	1.144165E+02	
143	1.101804E+02	1.128364E+02	1.139336E+02	
144	1.102216E+02	1.128094E+02	1.145746E+02	
145	1.100270E+02	1.128677E+02	1.141418E+02	
146	1.102678E+02	1.128676E+02	1.144211E+02	
147	1.101296E+02	1.134284E+02	1.139414E+02	
148	1.101834E+02	1.131075E+02	1.142010E+02	
149	1.098623E+02	1.129973E+02	1.143233E+02	
150	1.103506E+02	1.134870E+02	1.140983E+02	
151	1.100719E+02	1.130021E+02	1.145287E+02	
152	1.099747E+02	1.137624E+02	1.144392E+02	
153	1.101085E+02	1.136965E+02	1.147012E+02	
154	1.103475E+02	1.138104E+02	1.145594E+02	
155	1.103424E+02	1.140663E+02	1.147032E+02	
156	1.100687E+02	1.140291E+02	1.145267E+02	
157	1.100762E+02	1.139247E+02	1.145438E+02	
158	1.103530E+02	1.142750E+02	1.151431E+02	
159	1.100887E+02	1.146305E+02	1.145232E+02	
160	1.098714E+02	1.142598E+02	1.151569E+02	
161	1.102370E+02	1.150754E+02	1.153338E+02	
162	1.102532E+02	1.152335E+02	1.152341E+02	
163	1.099309E+02	1.152846E+02	1.157180E+02	
164	1.102946E+02	1.156526E+02	1.156648E+02	
165	1.102141E+02	1.157363E+02	1.156575E+02	
166	1.100514E+02	1.155461E+02	1.163132E+02	
167	1.107368E+02	1.161975E+02	1.163949E+02	
168	1.103934E+02	1.166256E+02	1.167764E+02	
169	1.104832E+02	1.163135E+02	1.172853E+02	
170	1.108502E+02	1.171144E+02	1.166259E+02	
171	1.104971E+02	1.167606E+02	1.175104E+02	
172	1.107499E+02	1.175397E+02	1.173973E+02	
173	1.106301E+02	1.174621E+02	1.182150E+02	
174	1.110431E+02	1.178125E+02	1.184970E+02	
175	1.114855E+02	1.180152E+02	1.179999E+02	
176	1.113845E+02	1.185713E+02	1.189954E+02	
177	1.112052E+02	1.185726E+02	1.191131E+02	
178	1.119928E+02	1.185746E+02	1.192494E+02	
179	1.115220E+02	1.194166E+02	1.189665E+02	
180	1.120002E+02	1.188602E+02	1.198329E+02	
181	1.119654E+02	1.200850E+02	1.198348E+02	
182	1.118573E+02	1.197911E+02	1.200490E+02	
183	1.116681E+02	1.199473E+02	1.209362E+02	
184	1.128498E+02	1.209991E+02	1.212757E+02	
185	1.123536E+02	1.203519E+02	1.212788E+02	
186	1.127648E+02	1.217097E+02	1.214659E+02	
187	1.122130E+02	1.215303E+02	1.213997E+02	
188	1.136079E+02	1.216236E+02	1.222674E+02	
189	1.140167E+02	1.217137E+02	1.219294E+02	
190	1.135339E+02	1.222591E+02	1.218575E+02	
191	1.137091E+02	1.222459E+02	1.220622E+02	
192	1.142129E+02	1.224540E+02	1.230524E+02	
193	1.132901E+02	1.226343E+02	1.233958E+02	
194	1.132814E+02	1.230146E+02	1.232562E+02	
195	1.137700E+02	1.228202E+02	1.237357E+02	
196	1.143673E+02	1.230832E+02	1.242714E+02	
197	1.140505E+02	1.238514E+02	1.239128E+02	
198	1.143123E+02	1.242314E+02	1.250313E+02	
199	1.139435E+02	1.243554E+02	1.248134E+02	
200	1.133955E+02	1.246047E+02	1.249795E+02	
201	1.151329E+02	1.246509E+02	1.256452E+02	
202	1.143964E+02	1.253191E+02	1.248786E+02	
203	1.153632E+02	1.254773E+02	1.262370E+02	
204	1.146919E+02	1.260254E+02	1.263055E+02	
205	1.150042E+02	1.258517E+02	1.265109E+02	
206	1.155324E+02	1.260573E+02	1.261102E+02	
207	1.146807E+02	1.261005E+02	1.255867E+02	
208	1.152239E+02	1.261661E+02	1.269906E+02	
209	1.164149E+02	1.260931E+02	1.274181E+02	
210	1.170870E+02	1.268064E+02	1.263965E+02	
211	1.169390E+02	1.268382E+02	1.265858E+02	
212	1.165539E+02	1.270549E+02	1.282227E+02	
213	1.167792E+02	1.280057E+02	1.272981E+02	
214	1.186662E+02	1.279928E+02	1.278353E+02	
215	1.178478E+02	1.273225E+02	1.282466E+02	
216	1.174658E+02	1.286519E+02	1.277847E+02	
217	1.179636E+02	1.287328E+02	1.284756E+02	
218	1.193761E+02	1.286585E+02	1.283255E+02	
219	1.172185E+02	1.281869E+02	1.287977E+02	
220	1.174531E+02	1.291397E+02	1.282756E+02	
221	1.178628E+02	1.287687E+02	1.283184E+02	
222	1.179177E+02	1.282008E+02	1.283162E+02	
223	1.182969E+02	1.288691E+02	1.294048E+02	
224	1.184568E+02	1.284266E+02	1.283413E+02	
225	1.171977E+02	1.287722E+02	1.286928E+02	
226	1.161386E+02	1.281470E+02	1.292338E+02	
227	1.185890E+02	1.283140E+02	1.293244E+02	
228	1.181381E+02	1.301958E+02	1.285781E+02	
229	1.177406E+02	1.291145E+02	1.304044E+02	
230	1.198588E+02	1.296740E+02	1.300321E+02	
231	1.158266E+02	1.298459E+02	1.301334E+02	
232	1.157828E+02	1.294972E+02	1.295467E+02	
233	1.164875E+02	1.301459E+02	1.303633E+02	
234	1.158316E+02	1.303090E+02	1.300630E+02	
235	1.146690E+02	1.286067E+02	1.302745E+02	
236	1.163105E+02	1.296226E+02	1.287133E+02	
237	1.188496E+02	1.297307E+02	1.311181E+02	
238	1.172569E+02	1.297824E+02	1.302063E+02	
239	1.165969E+02	1.289219E+02	1.297547E+02	
240	1.182905E+02	1.298480E+02	1.293485E+02	
241	1.174608E+02	1.297127E+02	1.295739E+02	
242	1.169065E+02	1.299412E+02	1.291622E+02	
243	1.155810E+02	1.294855E+02	1.290934E+02	
244	1.184898E+02	1.303442E+02	1.293880E+02	
245	1.147463E+02	1.300772E+02	1.281209E+02	
246	1.194456E+02	1.298251E+02	1.288854E+02	
247	1.153582E+02	1.299862E+02	1.279865E+02	
248	1.159633E+02	1.305105E+02	1.280034E+02	
249	1.155577E+02	1.293880E+02	1.278523E+02	
250	1.162520E+02	1.306484E+02	1.279979E+02	
251	1.201570E+02	1.308516E+02	1.280016E+02	
252	1.157499E+02	1.301952E+02	1.277610E+02	
253	1.175919E+02	1.293708E+02	1.281227E+02	
254	1.159821E+02	1.305101E+02	1.274867E+02	
255	1.162750E+02	1.295576E+02	1.277222E+02	
256	1.157686E+02	1.303585E+02	1.270651E+02	
257	1.187644E+02	1.293875E+02	1.270389E+02	
258	1.179711E+02	1.297904E+02	1.274915E+02	
259	1.173087E+02	1.293160E+02	1.273874E+02	
260	1.162386E+02	1.295434E+02	1.275355E+02	
261	1.183823E+02	1.298443E+02	1.275953E+02	
262	1.185162E+02	1.297052E+02	1.280591E+02	
263	1.193081E+02	1.302195E+02	1.277168E+02	
264	1.167303E+02	1.292807E+02	1.269810E+02	
265	1.154883E+02	1.292990E+02	1.282084E+02	
266	1.168090E+02	1.297485E+02	1.274586E+02	
267	1.151119E+02	1.293523E+02	1.270025E+02	
268	1.162806E+02	1.287217E+02	1.268457E+02	
269	1.157469E+02	1.290542E+02	1.275083E+02	
270	1.133899E+02	1.295857E+02	1.267391E+02	
271	1.172492E+02	1.281953E+02	1.265166E+02	
272	1.135732E+02	1.281224E+02	1.265714E+02	
273	1.134512E+02	1.290307E+02	1.269700E+02	
274	1.138802E+02	1.283696E+02	1.273626E+02	
275	1.095354E+02	1.283153E+02	1.279699E+02	
276	1.137557E+02	1.286267E+02	1.256342E+02	
277	1.137129E+02	1.274472E+02	1.260348E+02	
278	1.096546E+02	1.286732E+02	1.270503E+02	
279	1.117229E+02	1.283122E+02	1.262735E+02	
280	1.080422E+02	1.287441E+02	1.265295E+02	
281	1.143115E+02	1.285944E+02	1.266061E+02	
282	1.098146E+02	1.281664E+02	1.257518E+02	
283	1.095413E+02	1.280424E+02	1.259931E+02	
284	1.120693E+02	1.284680E+02	1.260783E+02	
285	1.166056E+02	1.285705E+02	1.254561E+02	
286	1.100317E+02	1.281161E+02	1.262648E+02	
287	1.146180E+02	1.272954E+02	1.253232E+02	
288	1.138965E+02	1.278832E+02	1.251308E+02	
289	1.113892E+02	1.281817E+02	1.253965E+02	
290	1.120125E+02	1.278598E+02	1.258788E+02	
291	1.088433E+02	1.270271E+02	1.257203E+02	
292	1.169957E+02	1.279675E+02	1.253523E+02	
293	1.108742E+02	1.278324E+02	1.258303E+02	
294	1.116217E+02	1.280236E+02	1.262147E+02	
295	1.137936E+02	1.271790E+02	1.257209E+02	
296	1.154819E+02	1.274762E+02	1.256239E+02	
297	1.116031E+02	1.279090E+02	1.265012E+02	
298	1.118916E+02	1.268738E+02	1.258861E+02	
299	1.131313E+02	1.275740E+02	1.257851E+02	
300	1.151595E+02	1.267428E+02	1.268698E+02	
301	1.127223E+02	1.273726E+02	1.263185E+02	
302	1.163822E+02	1.260774E+02	1.268546E+02	
303	1.128665E+02	1.277352E+02	1.266031E+02	
304	1.155884E+02	1.270705E+02	1.264257E+02	
305	1.110320E+02	1.260770E+02	1.277108E+02	
306	1.104208E+02	1.267520E+02	1.267701E+02	
307	1.069063E+02	1.266541E+02	1.275749E+02	
308	1.099639E+02	1.274470E+02	1.271923E+02	
309	1.125144E+02	1.268733E+02	1.268952E+02	
310	1.072211E+02	1.267798E+02	1.275904E+02	
311	1.113109E+02	1.271249E+02	1.270510E+02	
312	1.081255E+02	1.269615E+02	1.271336E+02	
313	1.120831E+02	1.261029E+02	1.269736E+02	
314	1.144541E+02	1.263703E+02	1.271836E+02	
315	1.126660E+02	1.260918E+02	1.265266E+02	
316	1.158388E+02	1.272564E+02	1.268779E+02	
317	1.153369E+02	1.262846E+02	1.269872E+02	
318	1.175237E+02	1.265750E+02	1.269157E+02	
319	1.165331E+02	1.268201E+02	1.265155E+02	
320	1.217825E+02	1.276785E+02	1.267203E+02	
321	1.178743E+02	1.269664E+02	1.271120E+02	
322	1.156111E+02	1.273486E+02	1.271526E+02	
323	1.175899E+02	1.263548E+02	1.263747E+02	
324	1.184705E+02	1.262950E+02	1.268701E+02	
325	1.178679E+02	1.258780E+02	1.260800E+02	
326	1.170634E+02	1.258997E+02	1.259847E+02	
327	1.156783E+02	1.269831E+02	1.260255E+02	
328	1.151199E+02	1.250711E+02	1.253394E+02	
329	1.167017E+02	1.258708E+02	1.256339E+02	
330	1.178901E+02	1.260294E+02	1.260015E+02	
331	1.122118E+02	1.247367E+02	1.254787E+02	
332	1.157859E+02	1.252434E+02	1.254444E+02	
333	1.118553E+02	1.245772E+02	1.250385E+02	
334	1.169361E+02	1.247738E+02	1.255487E+02	
335	1.136924E+02	1.251332E+02	1.251502E+02	
336	1.189911E+02	1.256919E+02	1.257068E+02	
337	1.122271E+02	1.250667E+02	1.263514E+02	
338	1.156868E+02	1.248708E+02	1.252309E+02	
339	1.182862E+02	1.257613E+02	1.268447E+02	
340	1.131785E+02	1.259612E+02	1.246582E+02	
341	1.166485E+02	1.256210E+02	1.252201E+02	
342	1.153941E+02	1.260185E+02	1.258152E+02	
343	1.137785E+02	1.255282E+02	1.251603E+02	
344	1.113612E+02	1.254604E+02	1.252631E+02	
345	1.143680E+02	1.249199E+02	1.256802E+02	
346	1.093129E+02	1.265808E+02	1.251413E+02	
347	1.100654E+02	1.252305E+02	1.251950E+02	
348	1.098981E+02	1.249722E+02	1.252922E+02	
349	1.114570E+02	1.248360E+02	1.251602E+02	
350	1.088876E+02	1.256732E+02	1.249677E+02	
351	1.065059E+02	1.250762E+02	1.251253E+02	
352	1.090798E+02	1.260514E+02	1.250629E+02	
353	1.074644E+02	1.249792E+02	1.252229E+02	
354	1.110666E+02	1.256716E+02	1.251748E+02	
355	1.100751E+02	1.259842E+02	1.247262E+02	
356	1.039055E+02	1.247095E+02	1.246422E+02	
357	1.102502E+02	1.252714E+02	1.251501E+02	
358	1.096419E+02	1.252938E+02	1.252072E+02	
359	1.075546E+02	1.255851E+02	1.250954E+02	
360	1.053233E+02	1.253905E+02	1.251058E+02	
361	1.067110E+02	1.254152E+02	1.253745E+02	
362	1.037395E+02	1.260646E+02	1.250444E+02	
363	1.108897E+02	1.249856E+02	1.250036E+02	
364	1.042855E+02	1.261840E+02	1.238232E+02	
365	1.061047E+02	1.245490E+02	1.246337E+02	
366	1.029766E+02	1.257199E+02	1.261452E+02	
367	1.074106E+02	1.262330E+02	1.246263E+02	
368	1.055047E+02	1.252053E+02	1.253143E+02	
369	1.021892E+02	1.253266E+02	1.258633E+02	
370	1.053438E+02	1.252710E+02	1.251530E+02	
371	1.045910E+02	1.252039E+02	1.257492E+02	
372	1.052761E+02	1.255236E+02	1.247792E+02	
373	1.057687E+02	1.257761E+02	1.251863E+02	
374	1.051359E+02	1.259601E+02	1.248316E+02	
375	1.064304E+02	1.254881E+02	1.247369E+02	
376	1.069914E+02	1.260961E+02	1.249069E+02	
377	1.063602E+02	1.254465E+02	1.249127E+02	
378	1.084405E+02	1.259949E+02	1.250787E+02	
379	1.102468E+02	1.259723E+02	1.245173E+02	
380	1.112198E+02	1.261088E+02	1.250375E+02	
381	1.106625E+02	1.266314E+02	1.254322E+02	
382	1.096676E+02	1.268459E+02	1.241190E+02	
383	1.113551E+02	1.264557E+02	1.247563E+02	
384	1.107157E+02	1.271064E+02	1.248397E+02	
385	1.137209E+02	1.267016E+02	1.255899E+02	
386	1.118648E+02	1.270399E+02	1.245617E+02	
387	1.114251E+02	1.260815E+02	1.244457E+02	
388	1.174480E+02	1.270256E+02	1.251867E+02	
389	1.131812E+02	1.260488E+02	1.258406E+02	
390	1.184884E+02	1.261787E+02	1.251924E+02	
391	1.176372E+02	1.265560E+02	1.251135E+02	
392	1.155708E+02	1.276711E+02	1.255418E+02	
393	1.154801E+02	1.272573E+02	1.251494E+02	
394	1.223812E+02	1.260702E+02	1.261574E+02	
395	1.232954E+02	1.284673E+02	1.252580E+02	
396	1.239065E+02	1.273382E+02	1.235175E+02	
397	1.192606E+02	1.278331E+02	1.255574E+02	
398	1.208572E+02	1.275867E+02	1.236383E+02	
399	1.205969E+02	1.280241E+02	1.233068E+02	
400	1.183045E+02	1.273140E+02	1.248861E+02	
401	1.204913E+02	1.274050E+02	1.255720E+02	
402	1.176794E+02	1.262784E+02	1.253146E+02	
403	1.185488E+02	1.259844E+02	1.251743E+02	
404	1.162481E+02	1.271377E+02	1.247833E+02	
405	1.169729E+02	1.272091E+02	1.260101E+02	
406	1.170827E+02	1.253507E+02	1.254956E+02	
407	1.146119E+02	1.259378E+02	1.236235E+02	
408	1.082960E+02	1.269786E+02	1.257743E+02	
409	1.110041E+02	1.273884E+02	1.246178E+02	
410	1.079072E+02	1.273931E+02	1.244641E+02	
411	1.099483E+02	1.265632E+02	1.243300E+02	
412	1.090730E+02	1.269675E+02	1.254990E+02	
413	1.077152E+02	1.266522E+02	1.253734E+02	
414	1.109093E+02	1.270573E+02	1.254346E+02	
415	1.093923E+02	1.271973E+02	1.253433E+02	
416	1.058973E+02	1.273851E+02	1.251667E+02	
417	1.062758E+02	1.279509E+02	1.271051E+02	
418	1.097437E+02	1.282833E+02	1.260560E+02	
419	1.050163E+02	1.281248E+02	1.277508E+02	
420	1.105406E+02	1.271247E+02	1.263586E+02	
421	1.039256E+02	1.287732E+02	1.269809E+02	
422	1.063957E+02	1.278387E+02	1.266429E+02	
423	1.091015E+02	1.269145E+02	1.265899E+02	
424	1.045516E+02	1.271738E+02	1.280372E+02	
425	1.096343E+02	1.265108E+02	1.264185E+02	
426	9.812250E+01	1.259809E+02	1.277348E+02	
427	1.035095E+02	1.263974E+02	1.266767E+02	
428	1.041649E+02	1.265452E+02	1.266383E+02	
429	1.026542E+02	1.266478E+02	1.261728E+02	
430	1.053496E+02	1.256621E+02	1.245610E+02	
431	1.010665E+02	1.265729E+02	1.272074E+02	
432	1.031968E+02	1.280645E+02	1.246710E+02	
433	1.008889E+02	1.284450E+02	1.254950E+02	
434	1.028631E+02	1.271833E+02	1.258382E+02	
435	1.036366E+02	1.285720E+02	1.244854E+02	
436	1.034863E+02	1.283136E+02	1.247464E+02	
437	1.151321E+02	1.284580E+02	1.246160E+02	
438	9.951090E+01	1.280795E+02	1.248010E+02	
439	1.050486E+02	1.289784E+02	1.261274E+02	
440	1.071379E+02	1.269358E+02	1.252547E+02	
441	1.084378E+02	1.293478E+02	1.264977E+02	
442	1.172504E+02	1.266801E+02	1.240354E+02	
443	1.081993E+02	1.276777E+02	1.272732E+02	
444	1.239589E+02	1.298577E+02	1.245277E+02	
445	1.071433E+02	1.295973E+02	1.267975E+02	
446	1.191198E+02	1.283614E+02	1.255876E+02	
447	1.123266E+02	1.283932E+02	1.254819E+02	
448	1.135331E+02	1.300441E+02	1.285823E+02	
449	1.080018E+02	1.276284E+02	1.285815E+02	
450	1.098105E+02	1.282709E+02	1.281478E+02	
451	1.174355E+02	1.289618E+02	1.263375E+02	
452	1.023500E+02	1.294363E+02	1.276792E+02	
453	1.139362E+02	1.273320E+02	1.270055E+02	
454	1.079573E+02	1.301735E+02	1.281487E+02	
455	1.153615E+02	1.296329E+02	1.281667E+02	
456	9.906404E+01	1.273941E+02	1.269050E+02	
457	1.071696E+02	1.295167E+02	1.267403E+02	
458	1.084270E+02	1.249111E+02	1.237533E+02	
459	1.022257E+02	1.287066E+02	1.262037E+02	
460	1.299233E+02	1.265565E+02	1.236931E+02	
461	1.110147E+02	1.260936E+02	1.257861E+02	
462	1.304166E+02	1.277610E+02	1.261451E+02	
463	1.042507E+02	1.252001E+02	1.250430E+02	
464	1.126405E+02	1.293409E+02	1.255930E+02	
465	1.025183E+02	1.289065E+02	1.276685E+02	
466	9.930702E+01	1.248449E+02	1.262454E+02	
467	1.180270E+02	1.272349E+02	1.257751E+02	
468	1.073161E+02	1.260092E+02	1.262860E+02	
469	1.213003E+02	1.278552E+02	1.267881E+02	
470	1.122634E+02	1.238441E+02	1.264309E+02	
471	1.124510E+02	1.270574E+02	1.246031E+02	
472	1.129566E+02	1.273102E+02	1.267237E+02	
473	1.073462E+02	1.247786E+02	1.259133E+02	
474	1.111976E+02	1.297997E+02	1.293693E+02	
475	1.043860E+02	1.242907E+02	1.327440E+02	
476	1.231650E+02	1.293187E+02	1.267221E+02	
477	1.010429E+02	1.251909E+02	1.285817E+02	
478	1.146564E+02	1.289327E+02	1.276502E+02	
479	1.009161E+02	1.243522E+02	1.285607E+02	
480	1.267514E+02	1.288479E+02	1.232673E+02	
481	9.862473E+01	1.233667E+02	1.260727E+02	
482	1.001717E+02	1.227726E+02	1.249473E+02	
483	1.056225E+02	1.271432E+02	1.242341E+02	
484	1.165837E+02	1.190359E+02	1.231374E+02	
485	1.004804E+02	1.315741E+02	1.218487E+02	
486	1.435328E+02	1.160614E+02	1.216279E+02	
487	8.332395E+01	1.284571E+02	1.224048E+02	
488	1.052071E+02	1.290999E+02	1.221384E+02	
489	9.237287E+01	1.286747E+02	1.215115E+02	
490	1.253344E+02	1.285204E+02	1.235719E+02	
491	1.382791E+02	1.342351E+02	1.216662E+02	
492	1.012144E+02	1.323746E+02	1.219263E+02	
493	1.585470E+02	1.374845E+02	1.256053E+02	
494	9.479134E+01	1.314956E+02	1.242451E+02	
495	9.352386E+01	1.252575E+02	1.182238E+02	
496	9.921847E+01	1.236355E+02	1.187065E+02	
497	1.175511E+02	1.419524E+02	1.303649E+02	
498	1.157920E+02	1.119328E+02	1.207610E+02	
499	9.992484E+01	1.300940E+02	1.235349E+02	
500	0.000000E+00	0.000000E+00	0.000000E+00	
501	1.028785E+02	1.192314E+02	1.220164E+02	
502	0.000000E+00	0.000000E+00	0.000000E+00	
503	9.295106E+01	1.132790E+02	1.238383E+02	
504	0.000000E+00	0.000000E+00	0.000000E+00	
505	8.069777E+01	1.095526E+02	1.289585E+02	
506	3.617062E+01	1.128353E+02	1.007689E+02	
507	0.000000E+00	0.000000E+00	0.000000E+00	
508	8.511844E+01	1.140814E+02	1.286192E+02	
509	0.000000E+00	0.000000E+00	0.000000E+00	
510	1.095110E+02	1.125837E+02	1.240199E+02	
511	0.000000E+00	0.000000E+00	0.000000E+00	
512	3.617062E+01	1.109935E+02	1.241802E+02	
513	0.000000E+00	0.000000E+00	0.000000E+00	
514	0.000000E+00	0.000000E+00	0.000000E+00	
515	1.166886E+02	1.037281E+02	1.414980E+02	
516	0.000000E+00	0.000000E+00	0.000000E+00	
517	0.000000E+00	1.154412E+02	1.540741E+02	
518	0.000000E+00	0.000000E+00	0.000000E+00	
519	0.000000E+00	1.639795E+02	6.901525E+01	
520	0.000000E+00	0.000000E+00	0.000000E+00	
521	0.000000E+00	0.000000E+00	0.000000E+00	
522	0.000000E+00	0.000000E+00	0.000000E+00	
523	0.000000E+00	0.000000E+00	0.000000E+00	
524	0.000000E+00	0.000000E+00	0.000000E+00	
525	0.000000E+00	0.000000E+00	0.000000E+00	
526	0.000000E+00	0.000000E+00	0.000000E+00	
527	0.000000E+00	0.000000E+00	0.000000E+00	
528	0.000000E+00	0.000000E+00	0.000000E+00	
529	0.000000E+00	0.000000E+00	0.000000E+00	
530	0.000000E+00	0.000000E+00	0.000000E+00	
531	0.000000E+00	0.000000E+00	0.000000E+00	
532	0.000000E+00	0.000000E+00	0.000000E+00	
533	0.000000E+00	0.000000E+00	0.000000E+00	
534	0.000000E+00	0.000000E+00	0.000000E+00	
535	0.000000E+00	0.000000E+00	0.000000E+00	
536	0.000000E+00	0.000000E+00	0.000000E+00	
537	0.000000E+00	0.000000E+00	0.000000E+00	
538	0.000000E+00	0.000000E+00	0.000000E+00	
539	0.000000E+00	0.000000E+00	0.000000E+00	
540	0.000000E+00	0.000000E+00	0.000000E+00	
541	0.000000E+00	0.000000E+00	0.000000E+00	
542	0.000000E+00	0.000000E+00	0.000000E+00	
543	0.000000E+00	0.000000E+00	0.000000E+00	
544	0.000000E+00	0.000000E+00	0.000000E+00	
545	0.000000E+00	0.000000E+00	0.000000E+00	
546	0.000000E+00	0.000000E+00	0.000000E+00	
547	0.000000E+00	0.000000E+00	0.000000E+00	
548	0.000000E+00	0.000000E+00	0.000000E+00	
549	0.000000E+00	0.000000E+00	0.000000E+00	
550	0.000000E+00	0.000000E+00	0.000000E+00	
551	0.000000E+00	0.000000E+00	0.000000E+00	
552	0.000000E+00	0.000000E+00	0.000000E+00	
553	0.000000E+00	0.000000E+00	0.000000E+00	
554	0.000000E+00	0.000000E+00	0.000000E+00	
555	0.000000E+00	0.000000E+00	0.000000E+00	
556	0.000000E+00	0.000000E+00	0.000000E+00	
557	0.000000E+00	0.000000E+00	0.000000E+00	
558	0.000000E+00	0.000000E+00	0.000000E+00	
559	0.000000E+00	0.000000E+00	0.000000E+00	
560	0.000000E+00	0.000000E+00	0.000000E+00	
561	0.000000E+00	0.000000E+00	0.000000E+00	
562	0.000000E+00	0.000000E+00	0.000000E+00	
563	0.000000E+00	0.000000E+00	0.000000E+00	
564	0.000000E+00	0.000000E+00	0.000000E+00	
565	0.000000E+00	0.000000E+00	0.000000E+00	
566	0.000000E+00	0.000000E+00	0.000000E+00	
567	0.000000E+00	0.000000E+00	0.000000E+00	
568	0.000000E+00	0.000000E+00	0.000000E+00	
569	0.000000E+00	0.000000E+00	0.000000E+00	
570	0.000000E+00	0.000000E+00	0.000000E+00	
571	0.000000E+00	0.000000E+00	0.000000E+00	
572	0.000000E+00	0.000000E+00	0.000000E+00	
573	0.000000E+00	0.000000E+00	0.000000E+00	
574	0.000000E+00	0.000000E+00	0.000000E+00	
575	0.000000E+00	0.000000E+00	0.000000E+00	
576	0.000000E+00	0.000000E+00	0.000000E+00	
577	0.000000E+00	0.000000E+00	0.000000E+00	
578	0.000000E+00	0.000000E+00	0.000000E+00	
579	0.000000E+00	0.000000E+00	0.000000E+00	
580	0.000000E+00	0.000000E+00	0.000000E+00	
581	0.000000E+00	0.000000E+00	0.000000E+00	
582	0.000000E+00	0.000000E+00	0.000000E+00	
583	0.000000E+00	0.000000E+00	0.000000E+00	
584	0.000000E+00	0.000000E+00	0.000000E+00	
585	0.000000E+00	0.000000E+00	0.000000E+00	
586	0.000000E+00	0.000000E+00	0.000000E+00	
587	0.000000E+00	0.000000E+00	0.000000E+00	
588	0.000000E+00	0.000000E+00	0.000000E+00	
589	0.000000E+00	0.000000E+00	0.000000E+00	
590	0.000000E+00	0.000000E+00	0.000000E+00	
591	0.000000E+00	0.000000E+00	0.000000E+00	
592	0.000000E+00	0.000000E+00	0.000000E+00	
593	0.000000E+00	0.000000E+00	0.000000E+00	
594	0.000000E+00	0.000000E+00	0.000000E+00	
595	0.000000E+00	0.000000E+00	0.000000E+00	
596	0.000000E+00	0.000000E+00	0.000000E+00	
597	0.000000E+00	0.000000E+00	0.000000E+00	
598	0.000000E+00	0.000000E+00	0.000000E+00	
599	0.000000E+00	0.000000E+00	0.000000E+00	
#NewRun
