#COM_Bin	Rg_Squared
#Order is chain type
0	1.596093E+02	1.672780E+02	1.897117E+02	
1	0.000000E+00	0.000000E+00	0.000000E+00	
2	0.000000E+00	0.000000E+00	0.000000E+00	
3	0.000000E+00	0.000000E+00	0.000000E+00	
4	1.628063E+02	1.676710E+02	2.801911E+02	
5	1.676180E+02	1.670221E+02	2.530990E+02	
6	1.627262E+02	1.657485E+02	2.668517E+02	
7	0.000000E+00	0.000000E+00	0.000000E+00	
8	1.692912E+02	1.673872E+02	2.631632E+02	
9	1.704324E+02	1.659735E+02	2.359395E+02	
10	0.000000E+00	0.000000E+00	0.000000E+00	
11	1.680428E+02	1.681886E+02	2.608893E+02	
12	1.686407E+02	1.663902E+02	2.472328E+02	
13	1.705062E+02	1.654849E+02	2.596807E+02	
14	1.705859E+02	1.669453E+02	2.409342E+02	
15	0.000000E+00	0.000000E+00	0.000000E+00	
16	1.683103E+02	1.659099E+02	2.491156E+02	
17	1.695299E+02	1.663186E+02	2.507596E+02	
18	1.686887E+02	1.654553E+02	2.455791E+02	
19	1.687440E+02	1.635929E+02	2.440303E+02	
20	1.684123E+02	1.653970E+02	2.556070E+02	
21	1.667001E+02	1.649801E+02	2.627960E+02	
22	1.691224E+02	1.647260E+02	2.594098E+02	
23	1.670241E+02	1.642691E+02	2.619189E+02	
24	1.674494E+02	1.623572E+02	2.469091E+02	
25	1.668329E+02	1.640398E+02	2.463703E+02	
26	1.646922E+02	1.623907E+02	2.449446E+02	
27	1.640225E+02	1.636454E+02	2.348917E+02	
28	1.636717E+02	1.620298E+02	2.413394E+02	
29	1.631819E+02	1.619407E+02	2.361774E+02	
30	1.619702E+02	1.614587E+02	2.271975E+02	
31	1.610360E+02	1.601889E+02	2.319963E+02	
32	1.616963E+02	1.602945E+02	2.238532E+02	
33	1.610881E+02	1.600902E+02	2.101191E+02	
34	1.608544E+02	1.594688E+02	2.078439E+02	
35	1.604591E+02	1.593236E+02	2.115690E+02	
36	1.603955E+02	1.591734E+02	1.985764E+02	
37	1.596657E+02	1.588474E+02	2.050750E+02	
38	1.602424E+02	1.586948E+02	2.062244E+02	
39	1.596565E+02	1.584427E+02	1.978718E+02	
40	1.595787E+02	1.589172E+02	2.027999E+02	
41	1.600830E+02	1.580610E+02	1.991644E+02	
42	1.602756E+02	1.585219E+02	2.079674E+02	
43	1.594304E+02	1.582449E+02	1.971163E+02	
44	1.595467E+02	1.577647E+02	2.079868E+02	
45	1.588308E+02	1.575951E+02	2.019903E+02	
46	1.588818E+02	1.564820E+02	2.017406E+02	
47	1.595994E+02	1.569882E+02	2.059750E+02	
48	1.592040E+02	1.564859E+02	2.058751E+02	
49	1.592303E+02	1.564059E+02	2.002426E+02	
50	1.582496E+02	1.558551E+02	2.116111E+02	
51	1.582216E+02	1.560337E+02	2.038205E+02	
52	1.582046E+02	1.559508E+02	2.108824E+02	
53	1.577914E+02	1.554777E+02	2.031058E+02	
54	1.573172E+02	1.551075E+02	2.087151E+02	
55	1.572264E+02	1.548328E+02	2.076158E+02	
56	1.573630E+02	1.550009E+02	2.085815E+02	
57	1.570671E+02	1.544301E+02	2.075337E+02	
58	1.578740E+02	1.548204E+02	1.996072E+02	
59	1.570706E+02	1.548593E+02	2.021651E+02	
60	1.571533E+02	1.540355E+02	2.048112E+02	
61	1.565830E+02	1.541214E+02	2.007818E+02	
62	1.565400E+02	1.537624E+02	2.027056E+02	
63	1.562993E+02	1.534941E+02	2.007244E+02	
64	1.562091E+02	1.532565E+02	2.016293E+02	
65	1.559876E+02	1.527767E+02	1.974246E+02	
66	1.552399E+02	1.534987E+02	2.000845E+02	
67	1.552211E+02	1.527336E+02	1.974128E+02	
68	1.550557E+02	1.525959E+02	1.953413E+02	
69	1.547551E+02	1.524152E+02	1.974769E+02	
70	1.542302E+02	1.521559E+02	1.929546E+02	
71	1.544623E+02	1.517784E+02	1.934744E+02	
72	1.541914E+02	1.515624E+02	1.906613E+02	
73	1.538743E+02	1.519005E+02	1.878548E+02	
74	1.537850E+02	1.511684E+02	1.891425E+02	
75	1.538324E+02	1.513188E+02	1.848549E+02	
76	1.534279E+02	1.507797E+02	1.821017E+02	
77	1.532418E+02	1.505494E+02	1.822872E+02	
78	1.529508E+02	1.504386E+02	1.801214E+02	
79	1.526792E+02	1.503443E+02	1.779981E+02	
80	1.528799E+02	1.500593E+02	1.763844E+02	
81	1.525496E+02	1.495789E+02	1.785016E+02	
82	1.522735E+02	1.495098E+02	1.757932E+02	
83	1.519472E+02	1.493149E+02	1.753639E+02	
84	1.523555E+02	1.489007E+02	1.749076E+02	
85	1.519219E+02	1.487282E+02	1.756451E+02	
86	1.516643E+02	1.487831E+02	1.739491E+02	
87	1.516854E+02	1.486407E+02	1.759912E+02	
88	1.515644E+02	1.484677E+02	1.734651E+02	
89	1.513196E+02	1.486683E+02	1.732089E+02	
90	1.507846E+02	1.482283E+02	1.745203E+02	
91	1.508762E+02	1.479873E+02	1.732587E+02	
92	1.506575E+02	1.481979E+02	1.730580E+02	
93	1.507636E+02	1.481796E+02	1.735002E+02	
94	1.501919E+02	1.482012E+02	1.729562E+02	
95	1.501314E+02	1.479355E+02	1.725775E+02	
96	1.502214E+02	1.481485E+02	1.722138E+02	
97	1.498676E+02	1.479455E+02	1.725629E+02	
98	1.498224E+02	1.474366E+02	1.719476E+02	
99	1.499205E+02	1.478560E+02	1.720184E+02	
100	1.500047E+02	1.474670E+02	1.713891E+02	
101	1.494712E+02	1.469805E+02	1.707167E+02	
102	1.498232E+02	1.474312E+02	1.707820E+02	
103	1.499065E+02	1.476038E+02	1.701582E+02	
104	1.498054E+02	1.469213E+02	1.708530E+02	
105	1.495242E+02	1.474131E+02	1.698277E+02	
106	1.500654E+02	1.470782E+02	1.702605E+02	
107	1.493076E+02	1.473418E+02	1.681296E+02	
108	1.495463E+02	1.470735E+02	1.688980E+02	
109	1.494518E+02	1.469304E+02	1.678553E+02	
110	1.492986E+02	1.473041E+02	1.674878E+02	
111	1.493135E+02	1.471687E+02	1.683827E+02	
112	1.489727E+02	1.473573E+02	1.683808E+02	
113	1.489985E+02	1.471730E+02	1.669700E+02	
114	1.491664E+02	1.468751E+02	1.676470E+02	
115	1.489265E+02	1.473302E+02	1.673651E+02	
116	1.493990E+02	1.469905E+02	1.672100E+02	
117	1.487264E+02	1.470901E+02	1.671016E+02	
118	1.493693E+02	1.471228E+02	1.665390E+02	
119	1.492206E+02	1.473560E+02	1.663965E+02	
120	1.487977E+02	1.470744E+02	1.661538E+02	
121	1.493107E+02	1.472829E+02	1.658646E+02	
122	1.491835E+02	1.476016E+02	1.665369E+02	
123	1.492027E+02	1.469711E+02	1.651848E+02	
124	1.493162E+02	1.475874E+02	1.663488E+02	
125	1.492790E+02	1.477898E+02	1.662132E+02	
126	1.496594E+02	1.474626E+02	1.660713E+02	
127	1.497023E+02	1.478435E+02	1.652517E+02	
128	1.502300E+02	1.481491E+02	1.666439E+02	
129	1.502755E+02	1.485344E+02	1.662107E+02	
130	1.500026E+02	1.482630E+02	1.667662E+02	
131	1.502033E+02	1.485140E+02	1.666197E+02	
132	1.503101E+02	1.488671E+02	1.667686E+02	
133	1.503471E+02	1.495458E+02	1.677158E+02	
134	1.507467E+02	1.494813E+02	1.663454E+02	
135	1.502108E+02	1.498755E+02	1.669351E+02	
136	1.510462E+02	1.503795E+02	1.679257E+02	
137	1.515010E+02	1.509464E+02	1.669612E+02	
138	1.515858E+02	1.506240E+02	1.669472E+02	
139	1.515101E+02	1.515163E+02	1.673695E+02	
140	1.522946E+02	1.518911E+02	1.671915E+02	
141	1.526919E+02	1.517063E+02	1.668726E+02	
142	1.525667E+02	1.531699E+02	1.676903E+02	
143	1.531033E+02	1.519051E+02	1.675536E+02	
144	1.533681E+02	1.538122E+02	1.675531E+02	
145	1.532199E+02	1.539170E+02	1.675439E+02	
146	1.541974E+02	1.545106E+02	1.684958E+02	
147	1.543333E+02	1.555201E+02	1.685799E+02	
148	1.552566E+02	1.554087E+02	1.694901E+02	
149	1.563437E+02	1.564220E+02	1.689158E+02	
150	1.553466E+02	1.564489E+02	1.687886E+02	
151	1.573300E+02	1.571898E+02	1.702734E+02	
152	1.580179E+02	1.576310E+02	1.698985E+02	
153	1.580230E+02	1.599758E+02	1.704395E+02	
154	1.587953E+02	1.587025E+02	1.706761E+02	
155	1.593311E+02	1.605957E+02	1.708230E+02	
156	1.603229E+02	1.627138E+02	1.713161E+02	
157	1.614726E+02	1.619879E+02	1.719666E+02	
158	1.619772E+02	1.637614E+02	1.716837E+02	
159	1.640694E+02	1.650146E+02	1.726835E+02	
160	1.639736E+02	1.672513E+02	1.726853E+02	
161	1.655466E+02	1.663848E+02	1.734468E+02	
162	1.666879E+02	1.676163E+02	1.737507E+02	
163	1.684963E+02	1.700129E+02	1.742949E+02	
164	1.698173E+02	1.694240E+02	1.751184E+02	
165	1.716869E+02	1.706753E+02	1.756294E+02	
166	1.721843E+02	1.713056E+02	1.757015E+02	
167	1.718319E+02	1.742301E+02	1.766142E+02	
168	1.731128E+02	1.756609E+02	1.769453E+02	
169	1.747534E+02	1.755937E+02	1.778091E+02	
170	1.748683E+02	1.782461E+02	1.774207E+02	
171	1.771726E+02	1.803131E+02	1.781082E+02	
172	1.751358E+02	1.804925E+02	1.789717E+02	
173	1.783199E+02	1.819764E+02	1.791017E+02	
174	1.818465E+02	1.827886E+02	1.808322E+02	
175	1.840516E+02	1.831303E+02	1.798862E+02	
176	1.823459E+02	1.830256E+02	1.805641E+02	
177	1.845122E+02	1.884917E+02	1.816109E+02	
178	1.865366E+02	1.858943E+02	1.821012E+02	
179	1.857353E+02	1.899136E+02	1.828729E+02	
180	1.873825E+02	1.876099E+02	1.824903E+02	
181	1.874149E+02	1.924300E+02	1.832428E+02	
182	1.924829E+02	1.940942E+02	1.835729E+02	
183	1.899932E+02	1.907659E+02	1.839661E+02	
184	1.926615E+02	1.957423E+02	1.837751E+02	
185	1.910352E+02	1.992681E+02	1.834275E+02	
186	1.972774E+02	1.994395E+02	1.835961E+02	
187	1.951629E+02	1.992929E+02	1.848604E+02	
188	1.984002E+02	1.989718E+02	1.849191E+02	
189	1.999550E+02	2.032361E+02	1.849904E+02	
190	2.044634E+02	2.038234E+02	1.853317E+02	
191	2.007698E+02	2.048537E+02	1.864706E+02	
192	2.054621E+02	2.056142E+02	1.855360E+02	
193	2.067618E+02	2.106624E+02	1.855832E+02	
194	2.071198E+02	2.099195E+02	1.862952E+02	
195	2.077927E+02	2.117460E+02	1.857675E+02	
196	2.091462E+02	2.100976E+02	1.880638E+02	
197	2.100184E+02	2.114519E+02	1.867627E+02	
198	2.127199E+02	2.128318E+02	1.877286E+02	
199	2.132203E+02	2.130752E+02	1.875775E+02	
200	2.202416E+02	2.152905E+02	1.885754E+02	
201	2.176911E+02	2.163146E+02	1.889629E+02	
202	2.214950E+02	2.166459E+02	1.888864E+02	
203	2.133457E+02	2.208734E+02	1.892390E+02	
204	2.216429E+02	2.173186E+02	1.901109E+02	
205	2.212287E+02	2.211602E+02	1.894774E+02	
206	2.212885E+02	2.216143E+02	1.896678E+02	
207	2.223192E+02	2.182917E+02	1.901563E+02	
208	2.257048E+02	2.224090E+02	1.903634E+02	
209	2.307344E+02	2.260364E+02	1.894819E+02	
210	2.245947E+02	2.252797E+02	1.914868E+02	
211	2.315857E+02	2.251469E+02	1.911300E+02	
212	2.319429E+02	2.276305E+02	1.902738E+02	
213	2.318409E+02	2.278461E+02	1.905210E+02	
214	2.407264E+02	2.278312E+02	1.914727E+02	
215	2.424086E+02	2.301130E+02	1.912085E+02	
216	2.393697E+02	2.293199E+02	1.921203E+02	
217	2.438965E+02	2.347681E+02	1.909527E+02	
218	2.368921E+02	2.315109E+02	1.914231E+02	
219	2.526568E+02	2.297135E+02	1.914025E+02	
220	2.510669E+02	2.266311E+02	1.926234E+02	
221	2.588790E+02	2.268689E+02	1.920319E+02	
222	2.564561E+02	2.255695E+02	1.916452E+02	
223	2.642006E+02	2.342521E+02	1.926074E+02	
224	2.638031E+02	2.232364E+02	1.922313E+02	
225	2.648098E+02	2.334029E+02	1.918013E+02	
226	2.692653E+02	2.331990E+02	1.930996E+02	
227	2.844950E+02	2.330748E+02	1.921523E+02	
228	2.715527E+02	2.287372E+02	1.926312E+02	
229	2.839237E+02	2.225980E+02	1.926279E+02	
230	2.683881E+02	2.313351E+02	1.919288E+02	
231	2.768587E+02	2.347680E+02	1.919987E+02	
232	2.919426E+02	2.336122E+02	1.923552E+02	
233	2.755942E+02	2.331958E+02	1.921956E+02	
234	2.933035E+02	2.257979E+02	1.915167E+02	
235	2.744736E+02	2.234706E+02	1.915110E+02	
236	2.799434E+02	2.273177E+02	1.915664E+02	
237	2.974645E+02	2.211907E+02	1.922283E+02	
238	2.999947E+02	2.245906E+02	1.914679E+02	
239	2.889079E+02	2.188514E+02	1.913136E+02	
240	2.900338E+02	2.214930E+02	1.912712E+02	
241	3.048492E+02	2.254180E+02	1.915378E+02	
242	3.067557E+02	2.293497E+02	1.910922E+02	
243	2.946213E+02	2.159272E+02	1.913759E+02	
244	2.880313E+02	2.227590E+02	1.914823E+02	
245	3.239812E+02	2.171820E+02	1.919547E+02	
246	2.891190E+02	2.107659E+02	1.920393E+02	
247	3.189194E+02	2.214557E+02	1.907117E+02	
248	2.938400E+02	2.192167E+02	1.915357E+02	
249	3.180790E+02	2.120423E+02	1.904747E+02	
250	3.536376E+02	2.024954E+02	1.906728E+02	
251	3.184208E+02	2.005932E+02	1.900742E+02	
252	3.087524E+02	2.036359E+02	1.898883E+02	
253	2.899980E+02	1.993359E+02	1.899385E+02	
254	3.533837E+02	2.114073E+02	1.910033E+02	
255	3.692650E+02	2.072686E+02	1.900592E+02	
256	3.250015E+02	2.001473E+02	1.889340E+02	
257	3.265258E+02	2.108790E+02	1.903950E+02	
258	3.649699E+02	2.054896E+02	1.901712E+02	
259	3.698097E+02	2.031012E+02	1.896646E+02	
260	3.840931E+02	2.049626E+02	1.901608E+02	
261	3.860943E+02	2.045811E+02	1.890855E+02	
262	3.800110E+02	1.994377E+02	1.900802E+02	
263	3.616788E+02	2.027878E+02	1.885785E+02	
264	3.746249E+02	2.085696E+02	1.892031E+02	
265	4.050271E+02	1.951522E+02	1.891303E+02	
266	4.048599E+02	1.962147E+02	1.899424E+02	
267	3.675575E+02	1.955445E+02	1.892713E+02	
268	3.348219E+02	1.962235E+02	1.882067E+02	
269	3.996202E+02	1.911697E+02	1.885709E+02	
270	3.579912E+02	2.010145E+02	1.890844E+02	
271	4.141200E+02	1.969110E+02	1.892056E+02	
272	3.645576E+02	1.983075E+02	1.887861E+02	
273	4.249260E+02	1.985643E+02	1.898585E+02	
274	3.723740E+02	1.974631E+02	1.883745E+02	
275	3.801034E+02	1.990008E+02	1.889818E+02	
276	3.468108E+02	1.961878E+02	1.893167E+02	
277	4.441973E+02	1.925063E+02	1.894702E+02	
278	2.931775E+02	1.973632E+02	1.892621E+02	
279	3.817200E+02	1.961226E+02	1.886725E+02	
280	4.931364E+02	1.943381E+02	1.886693E+02	
281	2.987362E+02	1.992482E+02	1.886461E+02	
282	4.800767E+02	1.936709E+02	1.875063E+02	
283	2.432152E+02	1.898964E+02	1.877437E+02	
284	4.726235E+02	1.932894E+02	1.880740E+02	
285	4.451078E+02	1.898993E+02	1.864867E+02	
286	4.158576E+02	1.941660E+02	1.877944E+02	
287	4.708801E+02	1.860159E+02	1.871165E+02	
288	4.155938E+02	1.877154E+02	1.871286E+02	
289	4.031171E+02	1.904048E+02	1.864603E+02	
290	4.673230E+02	1.958036E+02	1.871264E+02	
291	3.353420E+02	1.909415E+02	1.869699E+02	
292	5.694210E+02	1.905781E+02	1.863184E+02	
293	4.689613E+02	1.895927E+02	1.865685E+02	
294	5.358403E+02	1.878884E+02	1.859601E+02	
295	4.866343E+02	2.013213E+02	1.871739E+02	
296	3.683881E+02	1.975008E+02	1.868118E+02	
297	5.589948E+02	1.960901E+02	1.870876E+02	
298	5.186178E+02	1.895812E+02	1.868814E+02	
299	5.589948E+02	1.976088E+02	1.871996E+02	
300	4.753663E+02	1.900407E+02	1.873871E+02	
301	5.984539E+02	1.967618E+02	1.876388E+02	
302	5.474244E+02	1.989514E+02	1.878135E+02	
303	5.134047E+02	2.010874E+02	1.869453E+02	
304	5.661290E+02	2.043609E+02	1.878852E+02	
305	5.984539E+02	1.958306E+02	1.877121E+02	
306	5.581350E+02	1.989440E+02	1.875713E+02	
307	5.178161E+02	2.016100E+02	1.863243E+02	
308	5.500712E+02	1.997324E+02	1.870101E+02	
309	5.379756E+02	1.997632E+02	1.881196E+02	
310	4.778981E+02	1.913875E+02	1.869458E+02	
311	5.500712E+02	1.936538E+02	1.876420E+02	
312	4.170189E+02	1.970140E+02	1.861616E+02	
313	4.170189E+02	1.997774E+02	1.871255E+02	
314	5.984539E+02	1.952711E+02	1.871855E+02	
315	4.774973E+02	1.942163E+02	1.868194E+02	
316	4.327670E+02	1.914830E+02	1.869034E+02	
317	4.780985E+02	1.928050E+02	1.867054E+02	
318	0.000000E+00	1.900423E+02	1.874818E+02	
319	3.433064E+02	1.906949E+02	1.865402E+02	
320	0.000000E+00	1.893806E+02	1.866792E+02	
321	3.433064E+02	1.959125E+02	1.876372E+02	
322	0.000000E+00	1.910437E+02	1.872080E+02	
323	6.140932E+02	1.938092E+02	1.864056E+02	
324	0.000000E+00	1.920549E+02	1.873167E+02	
325	0.000000E+00	1.941249E+02	1.869183E+02	
326	0.000000E+00	1.990957E+02	1.870001E+02	
327	0.000000E+00	1.921294E+02	1.864299E+02	
328	3.433064E+02	1.868940E+02	1.864942E+02	
329	0.000000E+00	1.863266E+02	1.872245E+02	
330	4.786998E+02	1.928489E+02	1.866886E+02	
331	3.433064E+02	1.965160E+02	1.877509E+02	
332	3.433064E+02	1.901902E+02	1.868404E+02	
333	3.433064E+02	1.890837E+02	1.870298E+02	
334	3.433064E+02	1.896271E+02	1.871546E+02	
335	3.433064E+02	1.949054E+02	1.864573E+02	
336	4.786998E+02	1.939330E+02	1.861480E+02	
337	3.433064E+02	1.933887E+02	1.870270E+02	
338	3.433064E+02	1.956829E+02	1.865923E+02	
339	3.433064E+02	1.955073E+02	1.861961E+02	
340	3.433064E+02	1.921916E+02	1.862304E+02	
341	3.433064E+02	1.944043E+02	1.869034E+02	
342	4.786998E+02	1.952255E+02	1.866031E+02	
343	4.786998E+02	1.940835E+02	1.870105E+02	
344	0.000000E+00	1.941044E+02	1.859203E+02	
345	3.433064E+02	2.008230E+02	1.864215E+02	
346	6.140932E+02	1.977592E+02	1.858813E+02	
347	3.433064E+02	1.961650E+02	1.864739E+02	
348	0.000000E+00	1.913779E+02	1.861412E+02	
349	0.000000E+00	1.921159E+02	1.871300E+02	
350	6.140932E+02	2.044726E+02	1.857349E+02	
351	0.000000E+00	1.888752E+02	1.857325E+02	
352	0.000000E+00	1.938746E+02	1.876225E+02	
353	0.000000E+00	1.864679E+02	1.862786E+02	
354	0.000000E+00	1.981119E+02	1.861317E+02	
355	0.000000E+00	2.003698E+02	1.872153E+02	
356	6.140932E+02	1.944784E+02	1.863528E+02	
357	0.000000E+00	2.069634E+02	1.866341E+02	
358	6.140932E+02	1.953953E+02	1.868272E+02	
359	6.140932E+02	1.948938E+02	1.864406E+02	
360	6.140932E+02	1.961375E+02	1.866381E+02	
361	6.140932E+02	2.026475E+02	1.872286E+02	
362	0.000000E+00	1.952194E+02	1.871350E+02	
363	6.140932E+02	2.006277E+02	1.864995E+02	
364	0.000000E+00	2.030391E+02	1.871725E+02	
365	0.000000E+00	2.009896E+02	1.861070E+02	
366	0.000000E+00	2.067802E+02	1.874963E+02	
367	0.000000E+00	2.079575E+02	1.878284E+02	
368	0.000000E+00	2.020725E+02	1.879771E+02	
369	0.000000E+00	2.043902E+02	1.880534E+02	
370	0.000000E+00	2.073156E+02	1.870209E+02	
371	0.000000E+00	2.070746E+02	1.888050E+02	
372	0.000000E+00	2.046492E+02	1.884276E+02	
373	0.000000E+00	2.105949E+02	1.892740E+02	
374	0.000000E+00	2.079069E+02	1.880214E+02	
375	0.000000E+00	1.976172E+02	1.876206E+02	
376	0.000000E+00	2.092484E+02	1.884382E+02	
377	0.000000E+00	2.102144E+02	1.863432E+02	
378	0.000000E+00	2.186304E+02	1.867949E+02	
379	0.000000E+00	2.083226E+02	1.872628E+02	
380	0.000000E+00	2.291327E+02	1.860706E+02	
381	0.000000E+00	2.149253E+02	1.860606E+02	
382	0.000000E+00	2.243725E+02	1.867970E+02	
383	0.000000E+00	2.176358E+02	1.874151E+02	
384	0.000000E+00	2.111413E+02	1.854718E+02	
385	0.000000E+00	2.153262E+02	1.885528E+02	
386	0.000000E+00	2.077538E+02	1.872025E+02	
387	0.000000E+00	2.152550E+02	1.881740E+02	
388	0.000000E+00	2.092074E+02	1.870976E+02	
389	0.000000E+00	2.147032E+02	1.859948E+02	
390	0.000000E+00	2.129180E+02	1.875229E+02	
391	0.000000E+00	2.093689E+02	1.866279E+02	
392	0.000000E+00	2.076459E+02	1.861731E+02	
393	0.000000E+00	2.146768E+02	1.859994E+02	
394	0.000000E+00	2.114124E+02	1.867860E+02	
395	0.000000E+00	2.254075E+02	1.865925E+02	
396	0.000000E+00	2.075670E+02	1.860385E+02	
397	0.000000E+00	2.120580E+02	1.873733E+02	
398	0.000000E+00	2.158900E+02	1.859130E+02	
399	0.000000E+00	1.938040E+02	1.863462E+02	
400	0.000000E+00	2.062116E+02	1.875136E+02	
401	0.000000E+00	1.916141E+02	1.871500E+02	
402	0.000000E+00	1.951309E+02	1.864172E+02	
403	0.000000E+00	1.895102E+02	1.881673E+02	
404	0.000000E+00	1.960941E+02	1.871185E+02	
405	0.000000E+00	2.061105E+02	1.860398E+02	
406	0.000000E+00	2.071393E+02	1.881628E+02	
407	0.000000E+00	2.240260E+02	1.863313E+02	
408	0.000000E+00	2.050734E+02	1.871142E+02	
409	0.000000E+00	2.012602E+02	1.867816E+02	
410	0.000000E+00	2.073864E+02	1.868356E+02	
411	0.000000E+00	2.100306E+02	1.867614E+02	
412	0.000000E+00	2.015520E+02	1.868544E+02	
413	0.000000E+00	1.960874E+02	1.869797E+02	
414	0.000000E+00	1.939971E+02	1.882057E+02	
415	0.000000E+00	2.062625E+02	1.864857E+02	
416	0.000000E+00	1.995786E+02	1.891666E+02	
417	0.000000E+00	1.870501E+02	1.879564E+02	
418	0.000000E+00	1.779723E+02	1.882370E+02	
419	0.000000E+00	1.916683E+02	1.867891E+02	
420	0.000000E+00	1.816386E+02	1.881266E+02	
421	0.000000E+00	1.913545E+02	1.873036E+02	
422	0.000000E+00	1.929098E+02	1.877331E+02	
423	0.000000E+00	1.879542E+02	1.869094E+02	
424	0.000000E+00	1.871456E+02	1.873950E+02	
425	0.000000E+00	1.892656E+02	1.865412E+02	
426	0.000000E+00	1.944279E+02	1.862128E+02	
427	0.000000E+00	1.886158E+02	1.874217E+02	
428	0.000000E+00	2.048625E+02	1.864461E+02	
429	0.000000E+00	1.985727E+02	1.865591E+02	
430	0.000000E+00	1.916836E+02	1.862212E+02	
431	0.000000E+00	1.805241E+02	1.850290E+02	
432	0.000000E+00	1.855414E+02	1.840013E+02	
433	0.000000E+00	1.973681E+02	1.847575E+02	
434	0.000000E+00	1.948542E+02	1.854174E+02	
435	0.000000E+00	1.898182E+02	1.858712E+02	
436	0.000000E+00	1.713618E+02	1.829282E+02	
437	0.000000E+00	1.845734E+02	1.845005E+02	
438	0.000000E+00	1.831390E+02	1.848736E+02	
439	0.000000E+00	2.032751E+02	1.837854E+02	
440	0.000000E+00	1.820891E+02	1.841145E+02	
441	0.000000E+00	1.862944E+02	1.846863E+02	
442	0.000000E+00	1.892148E+02	1.835472E+02	
443	0.000000E+00	1.940866E+02	1.858083E+02	
444	0.000000E+00	1.841658E+02	1.851687E+02	
445	0.000000E+00	2.016251E+02	1.865815E+02	
446	0.000000E+00	1.936367E+02	1.841434E+02	
447	0.000000E+00	2.017967E+02	1.820562E+02	
448	0.000000E+00	2.222260E+02	1.871164E+02	
449	0.000000E+00	1.995460E+02	1.847182E+02	
450	0.000000E+00	2.139955E+02	1.877539E+02	
451	0.000000E+00	2.243534E+02	1.884091E+02	
452	0.000000E+00	2.133942E+02	1.871835E+02	
453	0.000000E+00	2.142642E+02	1.869100E+02	
454	0.000000E+00	2.254574E+02	1.865603E+02	
455	0.000000E+00	2.052770E+02	1.889900E+02	
456	0.000000E+00	2.123239E+02	1.852135E+02	
457	0.000000E+00	2.247479E+02	1.876653E+02	
458	0.000000E+00	2.051819E+02	1.872644E+02	
459	0.000000E+00	2.203227E+02	1.873116E+02	
460	0.000000E+00	2.090715E+02	1.899757E+02	
461	0.000000E+00	2.298743E+02	1.876834E+02	
462	0.000000E+00	2.231369E+02	1.916809E+02	
463	0.000000E+00	2.112382E+02	1.857547E+02	
464	0.000000E+00	2.159564E+02	1.889201E+02	
465	0.000000E+00	2.287757E+02	1.889951E+02	
466	0.000000E+00	2.042546E+02	1.893889E+02	
467	0.000000E+00	1.989178E+02	1.919279E+02	
468	0.000000E+00	2.479422E+02	1.914288E+02	
469	0.000000E+00	2.057231E+02	1.884765E+02	
470	0.000000E+00	2.133923E+02	1.900796E+02	
471	0.000000E+00	2.256380E+02	1.889770E+02	
472	0.000000E+00	2.023904E+02	1.936874E+02	
473	0.000000E+00	2.322719E+02	1.903955E+02	
474	0.000000E+00	2.049853E+02	1.916504E+02	
475	0.000000E+00	1.959469E+02	1.918037E+02	
476	0.000000E+00	2.144959E+02	1.866351E+02	
477	0.000000E+00	2.277875E+02	1.977007E+02	
478	0.000000E+00	2.163185E+02	1.897091E+02	
479	0.000000E+00	2.174176E+02	1.904027E+02	
480	0.000000E+00	2.107646E+02	1.867466E+02	
481	0.000000E+00	1.788931E+02	1.925091E+02	
482	0.000000E+00	2.353421E+02	1.832658E+02	
483	0.000000E+00	1.927643E+02	1.866393E+02	
484	0.000000E+00	2.015995E+02	1.924986E+02	
485	0.000000E+00	2.293529E+02	1.827202E+02	
486	0.000000E+00	2.015995E+02	1.931488E+02	
487	0.000000E+00	2.730137E+02	1.834992E+02	
488	0.000000E+00	2.329287E+02	1.931879E+02	
489	0.000000E+00	2.812158E+02	1.873207E+02	
490	0.000000E+00	3.024710E+02	1.912589E+02	
491	0.000000E+00	2.812158E+02	1.876223E+02	
492	0.000000E+00	3.024710E+02	1.880499E+02	
493	0.000000E+00	0.000000E+00	1.839881E+02	
494	0.000000E+00	3.024710E+02	1.818355E+02	
495	0.000000E+00	0.000000E+00	1.834591E+02	
496	0.000000E+00	3.130986E+02	1.874033E+02	
497	0.000000E+00	0.000000E+00	1.852666E+02	
498	0.000000E+00	3.130986E+02	2.060668E+02	
499	0.000000E+00	0.000000E+00	1.879995E+02	
500	0.000000E+00	0.000000E+00	0.000000E+00	
501	0.000000E+00	3.130986E+02	1.927657E+02	
502	0.000000E+00	0.000000E+00	0.000000E+00	
503	0.000000E+00	3.130986E+02	1.957660E+02	
504	0.000000E+00	0.000000E+00	0.000000E+00	
505	0.000000E+00	3.130986E+02	1.940503E+02	
506	0.000000E+00	0.000000E+00	2.006771E+02	
507	0.000000E+00	0.000000E+00	0.000000E+00	
508	0.000000E+00	3.130986E+02	1.989734E+02	
509	0.000000E+00	0.000000E+00	0.000000E+00	
510	0.000000E+00	3.130986E+02	1.959438E+02	
511	0.000000E+00	0.000000E+00	0.000000E+00	
512	0.000000E+00	3.130986E+02	1.960283E+02	
513	0.000000E+00	0.000000E+00	0.000000E+00	
514	0.000000E+00	0.000000E+00	0.000000E+00	
515	0.000000E+00	0.000000E+00	2.000035E+02	
516	0.000000E+00	0.000000E+00	0.000000E+00	
517	0.000000E+00	0.000000E+00	1.592093E+02	
518	0.000000E+00	0.000000E+00	0.000000E+00	
519	0.000000E+00	0.000000E+00	1.334913E+02	
520	0.000000E+00	0.000000E+00	0.000000E+00	
521	0.000000E+00	0.000000E+00	0.000000E+00	
522	0.000000E+00	0.000000E+00	0.000000E+00	
523	0.000000E+00	0.000000E+00	0.000000E+00	
524	0.000000E+00	0.000000E+00	0.000000E+00	
525	0.000000E+00	0.000000E+00	0.000000E+00	
526	0.000000E+00	0.000000E+00	0.000000E+00	
527	0.000000E+00	0.000000E+00	0.000000E+00	
528	0.000000E+00	0.000000E+00	0.000000E+00	
529	0.000000E+00	0.000000E+00	0.000000E+00	
530	0.000000E+00	0.000000E+00	0.000000E+00	
531	0.000000E+00	0.000000E+00	0.000000E+00	
532	0.000000E+00	0.000000E+00	0.000000E+00	
533	0.000000E+00	0.000000E+00	0.000000E+00	
534	0.000000E+00	0.000000E+00	0.000000E+00	
535	0.000000E+00	0.000000E+00	0.000000E+00	
536	0.000000E+00	0.000000E+00	0.000000E+00	
537	0.000000E+00	0.000000E+00	0.000000E+00	
538	0.000000E+00	0.000000E+00	0.000000E+00	
539	0.000000E+00	0.000000E+00	0.000000E+00	
540	0.000000E+00	0.000000E+00	0.000000E+00	
541	0.000000E+00	0.000000E+00	0.000000E+00	
542	0.000000E+00	0.000000E+00	0.000000E+00	
543	0.000000E+00	0.000000E+00	0.000000E+00	
544	0.000000E+00	0.000000E+00	0.000000E+00	
545	0.000000E+00	0.000000E+00	0.000000E+00	
546	0.000000E+00	0.000000E+00	0.000000E+00	
547	0.000000E+00	0.000000E+00	0.000000E+00	
548	0.000000E+00	0.000000E+00	0.000000E+00	
549	0.000000E+00	0.000000E+00	0.000000E+00	
550	0.000000E+00	0.000000E+00	0.000000E+00	
551	0.000000E+00	0.000000E+00	0.000000E+00	
552	0.000000E+00	0.000000E+00	0.000000E+00	
553	0.000000E+00	0.000000E+00	0.000000E+00	
554	0.000000E+00	0.000000E+00	0.000000E+00	
555	0.000000E+00	0.000000E+00	0.000000E+00	
556	0.000000E+00	0.000000E+00	0.000000E+00	
557	0.000000E+00	0.000000E+00	0.000000E+00	
558	0.000000E+00	0.000000E+00	0.000000E+00	
559	0.000000E+00	0.000000E+00	0.000000E+00	
560	0.000000E+00	0.000000E+00	0.000000E+00	
561	0.000000E+00	0.000000E+00	0.000000E+00	
562	0.000000E+00	0.000000E+00	0.000000E+00	
563	0.000000E+00	0.000000E+00	0.000000E+00	
564	0.000000E+00	0.000000E+00	0.000000E+00	
565	0.000000E+00	0.000000E+00	0.000000E+00	
566	0.000000E+00	0.000000E+00	0.000000E+00	
567	0.000000E+00	0.000000E+00	0.000000E+00	
568	0.000000E+00	0.000000E+00	0.000000E+00	
569	0.000000E+00	0.000000E+00	0.000000E+00	
570	0.000000E+00	0.000000E+00	0.000000E+00	
571	0.000000E+00	0.000000E+00	0.000000E+00	
572	0.000000E+00	0.000000E+00	0.000000E+00	
573	0.000000E+00	0.000000E+00	0.000000E+00	
574	0.000000E+00	0.000000E+00	0.000000E+00	
575	0.000000E+00	0.000000E+00	0.000000E+00	
576	0.000000E+00	0.000000E+00	0.000000E+00	
577	0.000000E+00	0.000000E+00	0.000000E+00	
578	0.000000E+00	0.000000E+00	0.000000E+00	
579	0.000000E+00	0.000000E+00	0.000000E+00	
580	0.000000E+00	0.000000E+00	0.000000E+00	
581	0.000000E+00	0.000000E+00	0.000000E+00	
582	0.000000E+00	0.000000E+00	0.000000E+00	
583	0.000000E+00	0.000000E+00	0.000000E+00	
584	0.000000E+00	0.000000E+00	0.000000E+00	
585	0.000000E+00	0.000000E+00	0.000000E+00	
586	0.000000E+00	0.000000E+00	0.000000E+00	
587	0.000000E+00	0.000000E+00	0.000000E+00	
588	0.000000E+00	0.000000E+00	0.000000E+00	
589	0.000000E+00	0.000000E+00	0.000000E+00	
590	0.000000E+00	0.000000E+00	0.000000E+00	
591	0.000000E+00	0.000000E+00	0.000000E+00	
592	0.000000E+00	0.000000E+00	0.000000E+00	
593	0.000000E+00	0.000000E+00	0.000000E+00	
594	0.000000E+00	0.000000E+00	0.000000E+00	
595	0.000000E+00	0.000000E+00	0.000000E+00	
596	0.000000E+00	0.000000E+00	0.000000E+00	
597	0.000000E+00	0.000000E+00	0.000000E+00	
598	0.000000E+00	0.000000E+00	0.000000E+00	
599	0.000000E+00	0.000000E+00	0.000000E+00	
#NewRun
0	1.642928E+02	1.729036E+02	1.645479E+02	
1	0.000000E+00	0.000000E+00	0.000000E+00	
2	0.000000E+00	0.000000E+00	0.000000E+00	
3	0.000000E+00	0.000000E+00	0.000000E+00	
4	1.660094E+02	1.682938E+02	1.615185E+02	
5	1.665720E+02	1.683017E+02	1.735593E+02	
6	1.669191E+02	1.635567E+02	1.865906E+02	
7	0.000000E+00	0.000000E+00	0.000000E+00	
8	1.661470E+02	1.641554E+02	1.947839E+02	
9	1.692137E+02	1.646949E+02	1.871835E+02	
10	0.000000E+00	0.000000E+00	0.000000E+00	
11	1.695403E+02	1.625158E+02	2.097204E+02	
12	1.672047E+02	1.625038E+02	1.919198E+02	
13	1.680189E+02	1.629416E+02	1.914719E+02	
14	1.674267E+02	1.626834E+02	1.963693E+02	
15	0.000000E+00	0.000000E+00	0.000000E+00	
16	1.651045E+02	1.624514E+02	1.858457E+02	
17	1.670705E+02	1.600037E+02	2.055469E+02	
18	1.661943E+02	1.608695E+02	1.985575E+02	
19	1.665133E+02	1.600956E+02	1.927434E+02	
20	1.657021E+02	1.615872E+02	1.869621E+02	
21	1.664338E+02	1.605296E+02	1.972959E+02	
22	1.678176E+02	1.597275E+02	2.083965E+02	
23	1.672848E+02	1.595856E+02	2.024355E+02	
24	1.656983E+02	1.599097E+02	1.839265E+02	
25	1.663483E+02	1.587258E+02	1.990831E+02	
26	1.659749E+02	1.590486E+02	2.069840E+02	
27	1.660759E+02	1.575469E+02	1.902504E+02	
28	1.663526E+02	1.581583E+02	2.049363E+02	
29	1.659825E+02	1.576712E+02	2.051417E+02	
30	1.658948E+02	1.584129E+02	1.997044E+02	
31	1.655758E+02	1.573906E+02	2.078815E+02	
32	1.652479E+02	1.578223E+02	2.014851E+02	
33	1.657093E+02	1.574224E+02	1.991556E+02	
34	1.643860E+02	1.575921E+02	2.081715E+02	
35	1.646335E+02	1.572897E+02	2.054408E+02	
36	1.640616E+02	1.575585E+02	2.066302E+02	
37	1.635981E+02	1.569636E+02	2.045603E+02	
38	1.634919E+02	1.567378E+02	2.044204E+02	
39	1.633397E+02	1.556104E+02	2.023019E+02	
40	1.633021E+02	1.563383E+02	1.968674E+02	
41	1.627884E+02	1.563998E+02	1.929075E+02	
42	1.617164E+02	1.556638E+02	1.944752E+02	
43	1.619398E+02	1.556034E+02	1.890898E+02	
44	1.620456E+02	1.554896E+02	1.930622E+02	
45	1.610970E+02	1.557527E+02	1.860470E+02	
46	1.609467E+02	1.549318E+02	1.877244E+02	
47	1.606605E+02	1.554179E+02	1.896338E+02	
48	1.612710E+02	1.548522E+02	1.866010E+02	
49	1.607349E+02	1.546835E+02	1.887556E+02	
50	1.601908E+02	1.542415E+02	1.843378E+02	
51	1.588148E+02	1.543172E+02	1.868758E+02	
52	1.598383E+02	1.539726E+02	1.832315E+02	
53	1.589076E+02	1.538397E+02	1.841950E+02	
54	1.580836E+02	1.532249E+02	1.836573E+02	
55	1.572983E+02	1.530095E+02	1.854875E+02	
56	1.585096E+02	1.530342E+02	1.792850E+02	
57	1.575136E+02	1.529330E+02	1.809297E+02	
58	1.573584E+02	1.521220E+02	1.863727E+02	
59	1.571660E+02	1.524754E+02	1.816843E+02	
60	1.575975E+02	1.521954E+02	1.816917E+02	
61	1.567418E+02	1.522430E+02	1.818837E+02	
62	1.563837E+02	1.514037E+02	1.787085E+02	
63	1.556984E+02	1.517056E+02	1.821979E+02	
64	1.560217E+02	1.511047E+02	1.780888E+02	
65	1.555154E+02	1.514030E+02	1.798365E+02	
66	1.550016E+02	1.508889E+02	1.791675E+02	
67	1.546348E+02	1.500993E+02	1.802357E+02	
68	1.549882E+02	1.507343E+02	1.791572E+02	
69	1.541066E+02	1.500194E+02	1.767190E+02	
70	1.537870E+02	1.500141E+02	1.815950E+02	
71	1.536336E+02	1.496647E+02	1.766790E+02	
72	1.533408E+02	1.492244E+02	1.792603E+02	
73	1.526201E+02	1.494786E+02	1.772263E+02	
74	1.530065E+02	1.493756E+02	1.792410E+02	
75	1.518857E+02	1.494166E+02	1.782727E+02	
76	1.521044E+02	1.486977E+02	1.740506E+02	
77	1.521102E+02	1.492496E+02	1.757835E+02	
78	1.513892E+02	1.484317E+02	1.752135E+02	
79	1.514126E+02	1.490184E+02	1.767536E+02	
80	1.516997E+02	1.484033E+02	1.736930E+02	
81	1.513698E+02	1.480812E+02	1.733784E+02	
82	1.513921E+02	1.482335E+02	1.737790E+02	
83	1.506356E+02	1.482245E+02	1.735735E+02	
84	1.509566E+02	1.478343E+02	1.703428E+02	
85	1.504035E+02	1.479160E+02	1.720387E+02	
86	1.500791E+02	1.478760E+02	1.697594E+02	
87	1.505088E+02	1.480463E+02	1.703526E+02	
88	1.501652E+02	1.476244E+02	1.689233E+02	
89	1.499141E+02	1.473591E+02	1.668712E+02	
90	1.499611E+02	1.476179E+02	1.686465E+02	
91	1.496618E+02	1.475721E+02	1.668713E+02	
92	1.498690E+02	1.473693E+02	1.679768E+02	
93	1.498795E+02	1.475225E+02	1.665860E+02	
94	1.494575E+02	1.470001E+02	1.669030E+02	
95	1.494931E+02	1.470572E+02	1.665903E+02	
96	1.497685E+02	1.473698E+02	1.667191E+02	
97	1.496439E+02	1.472259E+02	1.683043E+02	
98	1.495665E+02	1.469812E+02	1.671535E+02	
99	1.492504E+02	1.468696E+02	1.676512E+02	
100	1.496332E+02	1.472640E+02	1.670623E+02	
101	1.494928E+02	1.470186E+02	1.672271E+02	
102	1.493716E+02	1.470561E+02	1.672555E+02	
103	1.495171E+02	1.468345E+02	1.663477E+02	
104	1.496276E+02	1.468604E+02	1.671175E+02	
105	1.495790E+02	1.468595E+02	1.669252E+02	
106	1.495690E+02	1.469608E+02	1.667332E+02	
107	1.492217E+02	1.470949E+02	1.666986E+02	
108	1.496558E+02	1.470290E+02	1.671580E+02	
109	1.495350E+02	1.472276E+02	1.663095E+02	
110	1.495073E+02	1.473405E+02	1.675822E+02	
111	1.495011E+02	1.472114E+02	1.666962E+02	
112	1.497012E+02	1.477004E+02	1.677470E+02	
113	1.495264E+02	1.476161E+02	1.660990E+02	
114	1.493627E+02	1.478911E+02	1.669741E+02	
115	1.496612E+02	1.477818E+02	1.671638E+02	
116	1.499889E+02	1.480455E+02	1.676100E+02	
117	1.495394E+02	1.477698E+02	1.667507E+02	
118	1.495525E+02	1.476647E+02	1.670577E+02	
119	1.505746E+02	1.477767E+02	1.669934E+02	
120	1.500760E+02	1.485681E+02	1.671341E+02	
121	1.498718E+02	1.485765E+02	1.675228E+02	
122	1.503138E+02	1.482807E+02	1.666744E+02	
123	1.505019E+02	1.484931E+02	1.659038E+02	
124	1.508381E+02	1.490660E+02	1.668585E+02	
125	1.501895E+02	1.488972E+02	1.659124E+02	
126	1.514360E+02	1.495401E+02	1.663771E+02	
127	1.510959E+02	1.494551E+02	1.663029E+02	
128	1.512156E+02	1.500232E+02	1.662722E+02	
129	1.512884E+02	1.501150E+02	1.657173E+02	
130	1.516842E+02	1.498634E+02	1.663803E+02	
131	1.513621E+02	1.502821E+02	1.660213E+02	
132	1.519649E+02	1.515254E+02	1.662466E+02	
133	1.520505E+02	1.513466E+02	1.669572E+02	
134	1.526535E+02	1.514029E+02	1.668437E+02	
135	1.523734E+02	1.516766E+02	1.674516E+02	
136	1.529649E+02	1.523729E+02	1.674193E+02	
137	1.534072E+02	1.524629E+02	1.673369E+02	
138	1.529676E+02	1.530246E+02	1.670621E+02	
139	1.536017E+02	1.527743E+02	1.670271E+02	
140	1.532343E+02	1.539037E+02	1.670766E+02	
141	1.544228E+02	1.543565E+02	1.678717E+02	
142	1.546787E+02	1.550103E+02	1.683206E+02	
143	1.550865E+02	1.548776E+02	1.676689E+02	
144	1.552266E+02	1.560870E+02	1.681536E+02	
145	1.551321E+02	1.565802E+02	1.689614E+02	
146	1.553797E+02	1.569140E+02	1.687521E+02	
147	1.562357E+02	1.565489E+02	1.687644E+02	
148	1.572938E+02	1.586496E+02	1.697826E+02	
149	1.573164E+02	1.585781E+02	1.704513E+02	
150	1.580973E+02	1.597894E+02	1.701091E+02	
151	1.592161E+02	1.612382E+02	1.699376E+02	
152	1.586754E+02	1.610363E+02	1.706132E+02	
153	1.605574E+02	1.624646E+02	1.715355E+02	
154	1.595940E+02	1.636607E+02	1.718563E+02	
155	1.615207E+02	1.644144E+02	1.718952E+02	
156	1.615949E+02	1.646666E+02	1.729862E+02	
157	1.636007E+02	1.655877E+02	1.731477E+02	
158	1.632159E+02	1.661556E+02	1.734245E+02	
159	1.631456E+02	1.671481E+02	1.727590E+02	
160	1.653471E+02	1.689434E+02	1.732832E+02	
161	1.650828E+02	1.701624E+02	1.743910E+02	
162	1.680275E+02	1.702026E+02	1.739894E+02	
163	1.677554E+02	1.710738E+02	1.743189E+02	
164	1.681399E+02	1.727703E+02	1.757576E+02	
165	1.690847E+02	1.726813E+02	1.756535E+02	
166	1.702059E+02	1.750996E+02	1.771817E+02	
167	1.705105E+02	1.763433E+02	1.763686E+02	
168	1.720365E+02	1.751056E+02	1.768081E+02	
169	1.722810E+02	1.781234E+02	1.782629E+02	
170	1.739432E+02	1.776766E+02	1.781382E+02	
171	1.746697E+02	1.798908E+02	1.779730E+02	
172	1.776672E+02	1.801821E+02	1.794287E+02	
173	1.792381E+02	1.836615E+02	1.785396E+02	
174	1.802653E+02	1.841916E+02	1.792455E+02	
175	1.797874E+02	1.870818E+02	1.793505E+02	
176	1.827947E+02	1.880039E+02	1.806798E+02	
177	1.835512E+02	1.903202E+02	1.803200E+02	
178	1.853515E+02	1.924612E+02	1.799089E+02	
179	1.867000E+02	1.951294E+02	1.813291E+02	
180	1.849553E+02	1.932316E+02	1.815013E+02	
181	1.891136E+02	1.974358E+02	1.816554E+02	
182	1.876609E+02	1.976412E+02	1.824033E+02	
183	1.945819E+02	2.009114E+02	1.826316E+02	
184	1.916158E+02	2.011481E+02	1.842181E+02	
185	1.947793E+02	1.974943E+02	1.841101E+02	
186	1.962831E+02	2.048527E+02	1.850053E+02	
187	1.999679E+02	2.040496E+02	1.858957E+02	
188	1.986838E+02	2.038183E+02	1.868220E+02	
189	1.991625E+02	2.056621E+02	1.859303E+02	
190	2.003458E+02	2.071523E+02	1.874281E+02	
191	2.007541E+02	2.080088E+02	1.876468E+02	
192	1.999298E+02	2.146263E+02	1.869162E+02	
193	2.046198E+02	2.125185E+02	1.883945E+02	
194	2.026758E+02	2.078569E+02	1.877472E+02	
195	2.065034E+02	2.139184E+02	1.888870E+02	
196	2.059522E+02	2.099802E+02	1.890867E+02	
197	2.096619E+02	2.126614E+02	1.892434E+02	
198	2.073548E+02	2.119355E+02	1.895492E+02	
199	2.127882E+02	2.157522E+02	1.884714E+02	
200	2.168921E+02	2.108365E+02	1.894775E+02	
201	2.163874E+02	2.106478E+02	1.893163E+02	
202	2.182184E+02	2.137441E+02	1.889640E+02	
203	2.143028E+02	2.119136E+02	1.899281E+02	
204	2.295641E+02	2.181554E+02	1.888919E+02	
205	2.270353E+02	2.174524E+02	1.895176E+02	
206	2.310098E+02	2.146228E+02	1.894550E+02	
207	2.254546E+02	2.187220E+02	1.896859E+02	
208	2.271994E+02	2.185693E+02	1.900722E+02	
209	2.277560E+02	2.149953E+02	1.893650E+02	
210	2.371955E+02	2.160068E+02	1.898903E+02	
211	2.338442E+02	2.224451E+02	1.897325E+02	
212	2.277517E+02	2.211853E+02	1.896681E+02	
213	2.432093E+02	2.234114E+02	1.891981E+02	
214	2.415529E+02	2.143174E+02	1.903956E+02	
215	2.374743E+02	2.273131E+02	1.891840E+02	
216	2.437129E+02	2.188289E+02	1.901403E+02	
217	2.548851E+02	2.221476E+02	1.906795E+02	
218	2.503996E+02	2.185015E+02	1.898206E+02	
219	2.583331E+02	2.279670E+02	1.902759E+02	
220	2.649130E+02	2.306654E+02	1.902162E+02	
221	2.607582E+02	2.170237E+02	1.908608E+02	
222	2.598846E+02	2.274022E+02	1.901164E+02	
223	2.562974E+02	2.269663E+02	1.910595E+02	
224	2.616050E+02	2.289894E+02	1.902632E+02	
225	2.672252E+02	2.294642E+02	1.904405E+02	
226	2.691086E+02	2.241277E+02	1.906809E+02	
227	2.665963E+02	2.293379E+02	1.910461E+02	
228	2.477555E+02	2.289706E+02	1.918419E+02	
229	2.806137E+02	2.249394E+02	1.917323E+02	
230	2.604764E+02	2.245523E+02	1.903353E+02	
231	2.773252E+02	2.181488E+02	1.912525E+02	
232	2.665340E+02	2.187654E+02	1.910928E+02	
233	2.692534E+02	2.222885E+02	1.908106E+02	
234	2.791169E+02	2.180766E+02	1.911191E+02	
235	2.784146E+02	2.215169E+02	1.904963E+02	
236	2.804551E+02	2.282992E+02	1.902092E+02	
237	2.794369E+02	2.185274E+02	1.896034E+02	
238	2.806016E+02	2.204227E+02	1.903068E+02	
239	2.913720E+02	2.176482E+02	1.901810E+02	
240	2.862603E+02	2.286590E+02	1.898319E+02	
241	3.040261E+02	2.228300E+02	1.906665E+02	
242	3.084477E+02	2.117800E+02	1.897810E+02	
243	3.202033E+02	2.156812E+02	1.897902E+02	
244	3.088683E+02	2.180331E+02	1.900072E+02	
245	2.956488E+02	2.060882E+02	1.897927E+02	
246	3.193190E+02	2.170125E+02	1.899993E+02	
247	2.980985E+02	2.130624E+02	1.891643E+02	
248	3.254702E+02	2.177026E+02	1.899484E+02	
249	3.184192E+02	2.078140E+02	1.891754E+02	
250	3.288881E+02	2.098928E+02	1.902611E+02	
251	2.888093E+02	2.085047E+02	1.897686E+02	
252	2.954610E+02	2.056843E+02	1.893820E+02	
253	2.785659E+02	2.030521E+02	1.896854E+02	
254	3.370253E+02	2.080403E+02	1.883943E+02	
255	3.309025E+02	2.009520E+02	1.897597E+02	
256	2.929704E+02	1.995780E+02	1.895665E+02	
257	3.311376E+02	1.988566E+02	1.890009E+02	
258	3.375832E+02	2.005667E+02	1.885248E+02	
259	3.314033E+02	1.990331E+02	1.899697E+02	
260	3.380987E+02	2.010991E+02	1.887856E+02	
261	3.597060E+02	2.046231E+02	1.881426E+02	
262	4.011408E+02	2.037529E+02	1.891439E+02	
263	3.280791E+02	1.992832E+02	1.880481E+02	
264	3.912264E+02	2.055566E+02	1.893751E+02	
265	3.147138E+02	2.073115E+02	1.887386E+02	
266	3.929951E+02	2.006969E+02	1.890122E+02	
267	4.510303E+02	1.962746E+02	1.899278E+02	
268	3.762605E+02	1.958251E+02	1.889798E+02	
269	3.808972E+02	1.994542E+02	1.888371E+02	
270	4.127620E+02	1.952350E+02	1.892650E+02	
271	3.292842E+02	1.999521E+02	1.893404E+02	
272	3.013399E+02	1.945349E+02	1.881081E+02	
273	2.817629E+02	1.890019E+02	1.895828E+02	
274	2.234678E+02	1.928711E+02	1.891590E+02	
275	1.928284E+02	1.910861E+02	1.893617E+02	
276	1.923427E+02	1.878966E+02	1.893633E+02	
277	2.580123E+02	2.011352E+02	1.890113E+02	
278	1.908858E+02	1.991351E+02	1.900131E+02	
279	0.000000E+00	1.986744E+02	1.886082E+02	
280	0.000000E+00	1.942232E+02	1.876509E+02	
281	0.000000E+00	2.004488E+02	1.885771E+02	
282	0.000000E+00	2.052947E+02	1.887228E+02	
283	0.000000E+00	1.967204E+02	1.875061E+02	
284	0.000000E+00	2.029050E+02	1.873200E+02	
285	0.000000E+00	1.992615E+02	1.881981E+02	
286	0.000000E+00	1.951211E+02	1.874449E+02	
287	0.000000E+00	2.012283E+02	1.872962E+02	
288	0.000000E+00	1.963139E+02	1.873481E+02	
289	0.000000E+00	2.050927E+02	1.871177E+02	
290	0.000000E+00	1.972128E+02	1.869870E+02	
291	0.000000E+00	1.956812E+02	1.878848E+02	
292	0.000000E+00	1.945210E+02	1.870083E+02	
293	0.000000E+00	2.047863E+02	1.882272E+02	
294	0.000000E+00	1.923905E+02	1.877399E+02	
295	0.000000E+00	1.970910E+02	1.874467E+02	
296	0.000000E+00	1.949046E+02	1.872086E+02	
297	0.000000E+00	1.955378E+02	1.879506E+02	
298	0.000000E+00	1.945280E+02	1.876917E+02	
299	0.000000E+00	1.905973E+02	1.879931E+02	
300	0.000000E+00	1.914820E+02	1.874646E+02	
301	0.000000E+00	1.937802E+02	1.875252E+02	
302	0.000000E+00	1.939131E+02	1.879736E+02	
303	0.000000E+00	1.989181E+02	1.873117E+02	
304	0.000000E+00	1.919780E+02	1.873728E+02	
305	0.000000E+00	1.900752E+02	1.873918E+02	
306	0.000000E+00	1.919019E+02	1.880971E+02	
307	0.000000E+00	1.929456E+02	1.872120E+02	
308	0.000000E+00	1.897136E+02	1.877702E+02	
309	0.000000E+00	1.880277E+02	1.875707E+02	
310	0.000000E+00	1.817594E+02	1.876662E+02	
311	0.000000E+00	1.934997E+02	1.870950E+02	
312	0.000000E+00	1.889052E+02	1.873754E+02	
313	0.000000E+00	1.860811E+02	1.870070E+02	
314	0.000000E+00	1.859761E+02	1.868909E+02	
315	0.000000E+00	1.773303E+02	1.872688E+02	
316	0.000000E+00	1.798922E+02	1.868931E+02	
317	0.000000E+00	1.734473E+02	1.868783E+02	
318	0.000000E+00	1.776957E+02	1.866691E+02	
319	0.000000E+00	1.785247E+02	1.879040E+02	
320	0.000000E+00	1.740932E+02	1.870686E+02	
321	0.000000E+00	1.824489E+02	1.866804E+02	
322	0.000000E+00	1.800366E+02	1.861422E+02	
323	0.000000E+00	1.749061E+02	1.870591E+02	
324	0.000000E+00	1.774047E+02	1.868692E+02	
325	0.000000E+00	1.758944E+02	1.876185E+02	
326	0.000000E+00	1.770662E+02	1.871662E+02	
327	0.000000E+00	1.791864E+02	1.879408E+02	
328	0.000000E+00	1.792691E+02	1.868997E+02	
329	0.000000E+00	1.816623E+02	1.870240E+02	
330	0.000000E+00	1.779341E+02	1.877997E+02	
331	0.000000E+00	1.826564E+02	1.872630E+02	
332	0.000000E+00	1.874803E+02	1.878720E+02	
333	0.000000E+00	1.862165E+02	1.870098E+02	
334	0.000000E+00	1.908160E+02	1.874113E+02	
335	0.000000E+00	1.824211E+02	1.875681E+02	
336	0.000000E+00	1.865277E+02	1.869059E+02	
337	0.000000E+00	1.798331E+02	1.872534E+02	
338	0.000000E+00	1.812989E+02	1.873768E+02	
339	0.000000E+00	1.774543E+02	1.875546E+02	
340	0.000000E+00	1.897574E+02	1.874628E+02	
341	0.000000E+00	1.776889E+02	1.870718E+02	
342	0.000000E+00	1.839077E+02	1.872426E+02	
343	0.000000E+00	1.844006E+02	1.878201E+02	
344	0.000000E+00	1.761848E+02	1.876065E+02	
345	0.000000E+00	1.852123E+02	1.875908E+02	
346	0.000000E+00	1.779528E+02	1.879515E+02	
347	0.000000E+00	1.862736E+02	1.872384E+02	
348	0.000000E+00	1.795079E+02	1.879948E+02	
349	0.000000E+00	1.877719E+02	1.870634E+02	
350	0.000000E+00	1.782989E+02	1.882517E+02	
351	0.000000E+00	1.876810E+02	1.882101E+02	
352	0.000000E+00	1.782681E+02	1.870135E+02	
353	0.000000E+00	1.835861E+02	1.881030E+02	
354	0.000000E+00	1.768617E+02	1.880783E+02	
355	0.000000E+00	1.701953E+02	1.875456E+02	
356	0.000000E+00	1.771590E+02	1.876416E+02	
357	0.000000E+00	1.755396E+02	1.875063E+02	
358	0.000000E+00	1.687778E+02	1.868489E+02	
359	0.000000E+00	1.764983E+02	1.875780E+02	
360	0.000000E+00	1.769703E+02	1.869829E+02	
361	0.000000E+00	1.740065E+02	1.874245E+02	
362	0.000000E+00	1.599610E+02	1.866785E+02	
363	0.000000E+00	1.745235E+02	1.872358E+02	
364	0.000000E+00	1.715480E+02	1.875037E+02	
365	0.000000E+00	1.642253E+02	1.873408E+02	
366	0.000000E+00	1.734325E+02	1.867059E+02	
367	0.000000E+00	1.746444E+02	1.887584E+02	
368	0.000000E+00	1.721480E+02	1.873575E+02	
369	0.000000E+00	1.703933E+02	1.878325E+02	
370	0.000000E+00	1.697700E+02	1.876599E+02	
371	0.000000E+00	1.709352E+02	1.878790E+02	
372	0.000000E+00	1.696708E+02	1.883827E+02	
373	0.000000E+00	1.603996E+02	1.882965E+02	
374	0.000000E+00	1.707343E+02	1.875809E+02	
375	0.000000E+00	1.681420E+02	1.881315E+02	
376	0.000000E+00	1.731753E+02	1.880468E+02	
377	0.000000E+00	1.699761E+02	1.883946E+02	
378	0.000000E+00	1.760702E+02	1.880985E+02	
379	0.000000E+00	1.743721E+02	1.887258E+02	
380	0.000000E+00	1.794205E+02	1.886999E+02	
381	0.000000E+00	1.650689E+02	1.889974E+02	
382	0.000000E+00	1.816570E+02	1.887978E+02	
383	0.000000E+00	1.654281E+02	1.884141E+02	
384	0.000000E+00	1.738518E+02	1.880896E+02	
385	0.000000E+00	1.848587E+02	1.886588E+02	
386	0.000000E+00	1.807474E+02	1.872223E+02	
387	0.000000E+00	1.733365E+02	1.890675E+02	
388	0.000000E+00	1.726768E+02	1.881011E+02	
389	0.000000E+00	1.716069E+02	1.887042E+02	
390	0.000000E+00	1.724258E+02	1.882687E+02	
391	0.000000E+00	1.767726E+02	1.890164E+02	
392	0.000000E+00	1.784106E+02	1.878170E+02	
393	0.000000E+00	1.620716E+02	1.890953E+02	
394	0.000000E+00	1.721898E+02	1.884709E+02	
395	0.000000E+00	1.634937E+02	1.868507E+02	
396	0.000000E+00	1.696412E+02	1.886873E+02	
397	0.000000E+00	1.751756E+02	1.875920E+02	
398	0.000000E+00	1.742557E+02	1.882278E+02	
399	0.000000E+00	1.597038E+02	1.885463E+02	
400	0.000000E+00	1.670917E+02	1.881397E+02	
401	0.000000E+00	1.656969E+02	1.880122E+02	
402	0.000000E+00	1.577493E+02	1.879465E+02	
403	0.000000E+00	1.691338E+02	1.888043E+02	
404	0.000000E+00	1.680513E+02	1.872862E+02	
405	0.000000E+00	1.576491E+02	1.877079E+02	
406	0.000000E+00	1.657876E+02	1.877632E+02	
407	0.000000E+00	1.633893E+02	1.886029E+02	
408	0.000000E+00	1.574537E+02	1.862024E+02	
409	0.000000E+00	1.650865E+02	1.865274E+02	
410	0.000000E+00	1.552262E+02	1.878755E+02	
411	0.000000E+00	1.622703E+02	1.872514E+02	
412	0.000000E+00	1.668172E+02	1.859520E+02	
413	0.000000E+00	1.752948E+02	1.870337E+02	
414	0.000000E+00	1.693455E+02	1.876912E+02	
415	0.000000E+00	1.690094E+02	1.860877E+02	
416	0.000000E+00	1.630526E+02	1.870812E+02	
417	0.000000E+00	1.572313E+02	1.851836E+02	
418	0.000000E+00	1.619245E+02	1.853216E+02	
419	0.000000E+00	1.545006E+02	1.847523E+02	
420	0.000000E+00	1.726789E+02	1.845108E+02	
421	0.000000E+00	1.606549E+02	1.839821E+02	
422	0.000000E+00	1.674694E+02	1.865709E+02	
423	0.000000E+00	1.490848E+02	1.847279E+02	
424	0.000000E+00	1.639643E+02	1.845719E+02	
425	0.000000E+00	1.652658E+02	1.838828E+02	
426	0.000000E+00	1.642318E+02	1.844166E+02	
427	0.000000E+00	1.721852E+02	1.847399E+02	
428	0.000000E+00	1.650101E+02	1.849017E+02	
429	0.000000E+00	1.715751E+02	1.837043E+02	
430	0.000000E+00	1.530616E+02	1.839007E+02	
431	0.000000E+00	1.607768E+02	1.845923E+02	
432	0.000000E+00	1.764434E+02	1.845452E+02	
433	0.000000E+00	1.779534E+02	1.850522E+02	
434	0.000000E+00	1.678953E+02	1.855746E+02	
435	0.000000E+00	1.831514E+02	1.856992E+02	
436	0.000000E+00	1.730541E+02	1.848489E+02	
437	0.000000E+00	1.865554E+02	1.849745E+02	
438	0.000000E+00	1.723714E+02	1.879430E+02	
439	0.000000E+00	1.873663E+02	1.848970E+02	
440	0.000000E+00	1.955671E+02	1.856183E+02	
441	0.000000E+00	1.894881E+02	1.872166E+02	
442	0.000000E+00	1.959270E+02	1.870002E+02	
443	0.000000E+00	1.886796E+02	1.883992E+02	
444	0.000000E+00	1.964308E+02	1.856726E+02	
445	0.000000E+00	1.854651E+02	1.863243E+02	
446	0.000000E+00	1.984248E+02	1.853076E+02	
447	0.000000E+00	1.901703E+02	1.868726E+02	
448	0.000000E+00	2.026501E+02	1.858254E+02	
449	0.000000E+00	2.031059E+02	1.869177E+02	
450	0.000000E+00	1.769202E+02	1.870703E+02	
451	0.000000E+00	1.948723E+02	1.893833E+02	
452	0.000000E+00	1.915418E+02	1.857563E+02	
453	0.000000E+00	2.081298E+02	1.868059E+02	
454	0.000000E+00	1.825733E+02	1.877028E+02	
455	0.000000E+00	1.840797E+02	1.856837E+02	
456	0.000000E+00	1.990498E+02	1.867470E+02	
457	0.000000E+00	1.740160E+02	1.855305E+02	
458	0.000000E+00	1.937476E+02	1.884641E+02	
459	0.000000E+00	1.928769E+02	1.875502E+02	
460	0.000000E+00	1.875832E+02	1.833754E+02	
461	0.000000E+00	2.040230E+02	1.901855E+02	
462	0.000000E+00	1.906147E+02	1.839021E+02	
463	0.000000E+00	2.038501E+02	1.855454E+02	
464	0.000000E+00	1.755880E+02	1.840151E+02	
465	0.000000E+00	2.197119E+02	1.829955E+02	
466	0.000000E+00	1.723004E+02	1.830916E+02	
467	0.000000E+00	2.163473E+02	1.857115E+02	
468	0.000000E+00	2.231712E+02	1.845156E+02	
469	0.000000E+00	2.486785E+02	1.839041E+02	
470	0.000000E+00	1.776970E+02	1.874942E+02	
471	0.000000E+00	1.808843E+02	1.825720E+02	
472	0.000000E+00	1.569374E+02	1.863797E+02	
473	0.000000E+00	1.899046E+02	1.773507E+02	
474	0.000000E+00	2.169277E+02	1.870640E+02	
475	0.000000E+00	1.824485E+02	1.861121E+02	
476	0.000000E+00	1.917830E+02	1.866140E+02	
477	0.000000E+00	1.842029E+02	1.834132E+02	
478	0.000000E+00	1.975538E+02	1.853963E+02	
479	0.000000E+00	1.777678E+02	1.865687E+02	
480	0.000000E+00	1.830764E+02	1.849980E+02	
481	0.000000E+00	2.340567E+02	1.836534E+02	
482	0.000000E+00	2.141778E+02	1.924133E+02	
483	0.000000E+00	1.626350E+02	1.898148E+02	
484	0.000000E+00	1.720950E+02	1.976911E+02	
485	0.000000E+00	1.986905E+02	1.873490E+02	
486	0.000000E+00	1.391590E+02	1.787647E+02	
487	0.000000E+00	1.824928E+02	1.862208E+02	
488	0.000000E+00	2.090087E+02	1.821705E+02	
489	0.000000E+00	1.522872E+02	1.900064E+02	
490	0.000000E+00	3.298918E+02	1.869811E+02	
491	0.000000E+00	1.459305E+02	1.735333E+02	
492	0.000000E+00	1.651996E+02	1.873995E+02	
493	0.000000E+00	0.000000E+00	1.904866E+02	
494	0.000000E+00	1.514175E+02	1.839101E+02	
495	0.000000E+00	2.438093E+02	1.789306E+02	
496	0.000000E+00	1.256314E+02	1.853484E+02	
497	0.000000E+00	1.856418E+02	1.790602E+02	
498	0.000000E+00	1.513508E+02	1.901961E+02	
499	0.000000E+00	1.316219E+02	1.818931E+02	
500	0.000000E+00	0.000000E+00	0.000000E+00	
501	0.000000E+00	1.435041E+02	1.778123E+02	
502	0.000000E+00	0.000000E+00	0.000000E+00	
503	0.000000E+00	1.358195E+02	1.804596E+02	
504	0.000000E+00	0.000000E+00	0.000000E+00	
505	0.000000E+00	1.271910E+02	1.840507E+02	
506	0.000000E+00	0.000000E+00	1.599166E+02	
507	0.000000E+00	0.000000E+00	0.000000E+00	
508	0.000000E+00	0.000000E+00	1.902036E+02	
509	0.000000E+00	0.000000E+00	0.000000E+00	
510	0.000000E+00	9.699110E+01	1.944466E+02	
511	0.000000E+00	0.000000E+00	0.000000E+00	
512	0.000000E+00	9.699110E+01	1.876980E+02	
513	0.000000E+00	0.000000E+00	0.000000E+00	
514	0.000000E+00	0.000000E+00	0.000000E+00	
515	0.000000E+00	0.000000E+00	1.977808E+02	
516	0.000000E+00	0.000000E+00	0.000000E+00	
517	0.000000E+00	0.000000E+00	1.878868E+02	
518	0.000000E+00	0.000000E+00	0.000000E+00	
519	0.000000E+00	0.000000E+00	1.746225E+02	
520	0.000000E+00	0.000000E+00	0.000000E+00	
521	0.000000E+00	0.000000E+00	0.000000E+00	
522	0.000000E+00	0.000000E+00	0.000000E+00	
523	0.000000E+00	0.000000E+00	0.000000E+00	
524	0.000000E+00	0.000000E+00	0.000000E+00	
525	0.000000E+00	0.000000E+00	0.000000E+00	
526	0.000000E+00	0.000000E+00	0.000000E+00	
527	0.000000E+00	0.000000E+00	0.000000E+00	
528	0.000000E+00	0.000000E+00	0.000000E+00	
529	0.000000E+00	0.000000E+00	0.000000E+00	
530	0.000000E+00	0.000000E+00	0.000000E+00	
531	0.000000E+00	0.000000E+00	0.000000E+00	
532	0.000000E+00	0.000000E+00	0.000000E+00	
533	0.000000E+00	0.000000E+00	0.000000E+00	
534	0.000000E+00	0.000000E+00	0.000000E+00	
535	0.000000E+00	0.000000E+00	0.000000E+00	
536	0.000000E+00	0.000000E+00	0.000000E+00	
537	0.000000E+00	0.000000E+00	0.000000E+00	
538	0.000000E+00	0.000000E+00	0.000000E+00	
539	0.000000E+00	0.000000E+00	0.000000E+00	
540	0.000000E+00	0.000000E+00	0.000000E+00	
541	0.000000E+00	0.000000E+00	0.000000E+00	
542	0.000000E+00	0.000000E+00	0.000000E+00	
543	0.000000E+00	0.000000E+00	0.000000E+00	
544	0.000000E+00	0.000000E+00	0.000000E+00	
545	0.000000E+00	0.000000E+00	0.000000E+00	
546	0.000000E+00	0.000000E+00	0.000000E+00	
547	0.000000E+00	0.000000E+00	0.000000E+00	
548	0.000000E+00	0.000000E+00	0.000000E+00	
549	0.000000E+00	0.000000E+00	0.000000E+00	
550	0.000000E+00	0.000000E+00	0.000000E+00	
551	0.000000E+00	0.000000E+00	0.000000E+00	
552	0.000000E+00	0.000000E+00	0.000000E+00	
553	0.000000E+00	0.000000E+00	0.000000E+00	
554	0.000000E+00	0.000000E+00	0.000000E+00	
555	0.000000E+00	0.000000E+00	0.000000E+00	
556	0.000000E+00	0.000000E+00	0.000000E+00	
557	0.000000E+00	0.000000E+00	0.000000E+00	
558	0.000000E+00	0.000000E+00	0.000000E+00	
559	0.000000E+00	0.000000E+00	0.000000E+00	
560	0.000000E+00	0.000000E+00	0.000000E+00	
561	0.000000E+00	0.000000E+00	0.000000E+00	
562	0.000000E+00	0.000000E+00	0.000000E+00	
563	0.000000E+00	0.000000E+00	0.000000E+00	
564	0.000000E+00	0.000000E+00	0.000000E+00	
565	0.000000E+00	0.000000E+00	0.000000E+00	
566	0.000000E+00	0.000000E+00	0.000000E+00	
567	0.000000E+00	0.000000E+00	0.000000E+00	
568	0.000000E+00	0.000000E+00	0.000000E+00	
569	0.000000E+00	0.000000E+00	0.000000E+00	
570	0.000000E+00	0.000000E+00	0.000000E+00	
571	0.000000E+00	0.000000E+00	0.000000E+00	
572	0.000000E+00	0.000000E+00	0.000000E+00	
573	0.000000E+00	0.000000E+00	0.000000E+00	
574	0.000000E+00	0.000000E+00	0.000000E+00	
575	0.000000E+00	0.000000E+00	0.000000E+00	
576	0.000000E+00	0.000000E+00	0.000000E+00	
577	0.000000E+00	0.000000E+00	0.000000E+00	
578	0.000000E+00	0.000000E+00	0.000000E+00	
579	0.000000E+00	0.000000E+00	0.000000E+00	
580	0.000000E+00	0.000000E+00	0.000000E+00	
581	0.000000E+00	0.000000E+00	0.000000E+00	
582	0.000000E+00	0.000000E+00	0.000000E+00	
583	0.000000E+00	0.000000E+00	0.000000E+00	
584	0.000000E+00	0.000000E+00	0.000000E+00	
585	0.000000E+00	0.000000E+00	0.000000E+00	
586	0.000000E+00	0.000000E+00	0.000000E+00	
587	0.000000E+00	0.000000E+00	0.000000E+00	
588	0.000000E+00	0.000000E+00	0.000000E+00	
589	0.000000E+00	0.000000E+00	0.000000E+00	
590	0.000000E+00	0.000000E+00	0.000000E+00	
591	0.000000E+00	0.000000E+00	0.000000E+00	
592	0.000000E+00	0.000000E+00	0.000000E+00	
593	0.000000E+00	0.000000E+00	0.000000E+00	
594	0.000000E+00	0.000000E+00	0.000000E+00	
595	0.000000E+00	0.000000E+00	0.000000E+00	
596	0.000000E+00	0.000000E+00	0.000000E+00	
597	0.000000E+00	0.000000E+00	0.000000E+00	
598	0.000000E+00	0.000000E+00	0.000000E+00	
599	0.000000E+00	0.000000E+00	0.000000E+00	
#NewRun
0	1.640160E+02	1.743149E+02	1.425277E+02	
1	0.000000E+00	0.000000E+00	0.000000E+00	
2	0.000000E+00	0.000000E+00	0.000000E+00	
3	0.000000E+00	0.000000E+00	0.000000E+00	
4	1.680025E+02	1.764578E+02	1.466224E+02	
5	1.692674E+02	1.695260E+02	1.511677E+02	
6	1.633089E+02	1.620632E+02	1.728565E+02	
7	0.000000E+00	0.000000E+00	0.000000E+00	
8	1.665171E+02	1.659599E+02	1.687529E+02	
9	1.670418E+02	1.666063E+02	1.751742E+02	
10	0.000000E+00	0.000000E+00	0.000000E+00	
11	1.675301E+02	1.645669E+02	1.745637E+02	
12	1.639577E+02	1.628918E+02	1.820373E+02	
13	1.632775E+02	1.631592E+02	1.743356E+02	
14	1.658698E+02	1.637280E+02	1.723687E+02	
15	0.000000E+00	0.000000E+00	0.000000E+00	
16	1.633468E+02	1.622580E+02	1.766659E+02	
17	1.655336E+02	1.608387E+02	1.770540E+02	
18	1.639472E+02	1.631880E+02	1.701437E+02	
19	1.641649E+02	1.617260E+02	1.619783E+02	
20	1.655915E+02	1.618327E+02	1.771755E+02	
21	1.653364E+02	1.630275E+02	1.776601E+02	
22	1.639202E+02	1.601471E+02	1.722434E+02	
23	1.662497E+02	1.620902E+02	1.779224E+02	
24	1.647158E+02	1.613476E+02	1.800231E+02	
25	1.656676E+02	1.617829E+02	1.773370E+02	
26	1.660600E+02	1.610882E+02	1.820524E+02	
27	1.670240E+02	1.612938E+02	1.812132E+02	
28	1.646982E+02	1.608479E+02	1.799330E+02	
29	1.655035E+02	1.611221E+02	1.794299E+02	
30	1.646831E+02	1.597577E+02	1.749921E+02	
31	1.643310E+02	1.604049E+02	1.781480E+02	
32	1.644542E+02	1.599277E+02	1.797340E+02	
33	1.637950E+02	1.600197E+02	1.782669E+02	
34	1.629557E+02	1.592876E+02	1.772153E+02	
35	1.642690E+02	1.590739E+02	1.836972E+02	
36	1.629169E+02	1.587207E+02	1.772050E+02	
37	1.624591E+02	1.585709E+02	1.788985E+02	
38	1.618871E+02	1.577026E+02	1.774288E+02	
39	1.626899E+02	1.579832E+02	1.799786E+02	
40	1.611795E+02	1.578846E+02	1.762490E+02	
41	1.620738E+02	1.581258E+02	1.819615E+02	
42	1.616582E+02	1.561461E+02	1.831943E+02	
43	1.614884E+02	1.571096E+02	1.819114E+02	
44	1.609051E+02	1.567443E+02	1.833607E+02	
45	1.602208E+02	1.564786E+02	1.854575E+02	
46	1.608618E+02	1.570231E+02	1.858868E+02	
47	1.608848E+02	1.565138E+02	1.817157E+02	
48	1.603170E+02	1.567575E+02	1.810370E+02	
49	1.598977E+02	1.567136E+02	1.839700E+02	
50	1.602122E+02	1.566230E+02	1.800256E+02	
51	1.591173E+02	1.570045E+02	1.861532E+02	
52	1.592085E+02	1.566115E+02	1.820258E+02	
53	1.588991E+02	1.567321E+02	1.808019E+02	
54	1.582873E+02	1.561621E+02	1.803735E+02	
55	1.585715E+02	1.562218E+02	1.776733E+02	
56	1.572842E+02	1.561158E+02	1.794432E+02	
57	1.580108E+02	1.561529E+02	1.783664E+02	
58	1.577567E+02	1.565006E+02	1.784258E+02	
59	1.573876E+02	1.554844E+02	1.737069E+02	
60	1.564597E+02	1.554422E+02	1.748352E+02	
61	1.566075E+02	1.553676E+02	1.748361E+02	
62	1.562872E+02	1.544847E+02	1.727838E+02	
63	1.555659E+02	1.542537E+02	1.745656E+02	
64	1.556523E+02	1.539813E+02	1.708696E+02	
65	1.554758E+02	1.546251E+02	1.671382E+02	
66	1.555576E+02	1.538278E+02	1.695233E+02	
67	1.556948E+02	1.539753E+02	1.703598E+02	
68	1.545322E+02	1.537771E+02	1.680148E+02	
69	1.541824E+02	1.530983E+02	1.688877E+02	
70	1.544335E+02	1.533809E+02	1.665748E+02	
71	1.541808E+02	1.529460E+02	1.638553E+02	
72	1.535566E+02	1.530839E+02	1.678785E+02	
73	1.535056E+02	1.527259E+02	1.649035E+02	
74	1.538784E+02	1.530041E+02	1.656208E+02	
75	1.535410E+02	1.524352E+02	1.655458E+02	
76	1.529962E+02	1.525688E+02	1.642751E+02	
77	1.530617E+02	1.522471E+02	1.638379E+02	
78	1.529152E+02	1.520727E+02	1.648171E+02	
79	1.521174E+02	1.520326E+02	1.640071E+02	
80	1.519536E+02	1.520703E+02	1.644216E+02	
81	1.518314E+02	1.516980E+02	1.656612E+02	
82	1.514585E+02	1.517562E+02	1.637827E+02	
83	1.514443E+02	1.515552E+02	1.674478E+02	
84	1.510389E+02	1.513206E+02	1.649317E+02	
85	1.506129E+02	1.515958E+02	1.643937E+02	
86	1.508970E+02	1.515386E+02	1.644552E+02	
87	1.501835E+02	1.512808E+02	1.648219E+02	
88	1.504935E+02	1.513277E+02	1.655803E+02	
89	1.501767E+02	1.509469E+02	1.650553E+02	
90	1.498990E+02	1.511244E+02	1.641333E+02	
91	1.494188E+02	1.511133E+02	1.631082E+02	
92	1.497383E+02	1.508827E+02	1.646244E+02	
93	1.488696E+02	1.509833E+02	1.630431E+02	
94	1.493356E+02	1.508406E+02	1.625622E+02	
95	1.494553E+02	1.506314E+02	1.637739E+02	
96	1.497941E+02	1.506532E+02	1.638558E+02	
97	1.493733E+02	1.504681E+02	1.634328E+02	
98	1.494493E+02	1.507542E+02	1.620395E+02	
99	1.496727E+02	1.508595E+02	1.628826E+02	
100	1.495544E+02	1.503508E+02	1.622588E+02	
101	1.495055E+02	1.505887E+02	1.615880E+02	
102	1.491572E+02	1.506989E+02	1.622624E+02	
103	1.488983E+02	1.503389E+02	1.618310E+02	
104	1.491324E+02	1.503788E+02	1.618750E+02	
105	1.498002E+02	1.502780E+02	1.617039E+02	
106	1.494120E+02	1.507912E+02	1.616185E+02	
107	1.491291E+02	1.502749E+02	1.614638E+02	
108	1.492013E+02	1.505425E+02	1.613822E+02	
109	1.495922E+02	1.503170E+02	1.611038E+02	
110	1.494594E+02	1.508469E+02	1.603084E+02	
111	1.493850E+02	1.505421E+02	1.605168E+02	
112	1.495229E+02	1.507627E+02	1.617413E+02	
113	1.502798E+02	1.506420E+02	1.624014E+02	
114	1.494017E+02	1.508390E+02	1.617802E+02	
115	1.500015E+02	1.512884E+02	1.621482E+02	
116	1.500379E+02	1.509939E+02	1.617383E+02	
117	1.505462E+02	1.516739E+02	1.624833E+02	
118	1.500617E+02	1.515648E+02	1.620857E+02	
119	1.502691E+02	1.516120E+02	1.619397E+02	
120	1.505354E+02	1.517435E+02	1.626474E+02	
121	1.505415E+02	1.522955E+02	1.620310E+02	
122	1.507677E+02	1.522822E+02	1.622819E+02	
123	1.507633E+02	1.523863E+02	1.624470E+02	
124	1.510289E+02	1.531270E+02	1.629865E+02	
125	1.510487E+02	1.532631E+02	1.631408E+02	
126	1.517072E+02	1.538181E+02	1.627621E+02	
127	1.511352E+02	1.530455E+02	1.628277E+02	
128	1.519329E+02	1.540658E+02	1.639438E+02	
129	1.521529E+02	1.546925E+02	1.633816E+02	
130	1.523052E+02	1.542395E+02	1.634764E+02	
131	1.525399E+02	1.547258E+02	1.644002E+02	
132	1.528229E+02	1.552297E+02	1.642524E+02	
133	1.525238E+02	1.551578E+02	1.644343E+02	
134	1.539069E+02	1.555692E+02	1.647920E+02	
135	1.531923E+02	1.559496E+02	1.646823E+02	
136	1.530167E+02	1.559598E+02	1.640058E+02	
137	1.541705E+02	1.568759E+02	1.642083E+02	
138	1.538950E+02	1.571642E+02	1.645566E+02	
139	1.549878E+02	1.577124E+02	1.649679E+02	
140	1.552573E+02	1.576729E+02	1.653583E+02	
141	1.549140E+02	1.577697E+02	1.659594E+02	
142	1.557463E+02	1.588030E+02	1.655959E+02	
143	1.567372E+02	1.584519E+02	1.660292E+02	
144	1.564613E+02	1.596776E+02	1.665395E+02	
145	1.575497E+02	1.602281E+02	1.658679E+02	
146	1.581468E+02	1.607718E+02	1.660343E+02	
147	1.580445E+02	1.597553E+02	1.667527E+02	
148	1.590746E+02	1.618944E+02	1.666501E+02	
149	1.601474E+02	1.620877E+02	1.675077E+02	
150	1.606624E+02	1.624944E+02	1.672389E+02	
151	1.613401E+02	1.641838E+02	1.677903E+02	
152	1.620158E+02	1.644541E+02	1.674588E+02	
153	1.625614E+02	1.647009E+02	1.691116E+02	
154	1.625169E+02	1.657012E+02	1.683942E+02	
155	1.642902E+02	1.667551E+02	1.692206E+02	
156	1.642417E+02	1.674123E+02	1.699905E+02	
157	1.650506E+02	1.705828E+02	1.703431E+02	
158	1.663211E+02	1.694581E+02	1.705408E+02	
159	1.674576E+02	1.700246E+02	1.696722E+02	
160	1.670442E+02	1.727977E+02	1.711500E+02	
161	1.683710E+02	1.731115E+02	1.715531E+02	
162	1.695356E+02	1.737282E+02	1.718451E+02	
163	1.717616E+02	1.764544E+02	1.718264E+02	
164	1.707027E+02	1.755318E+02	1.727460E+02	
165	1.723084E+02	1.786160E+02	1.727120E+02	
166	1.737992E+02	1.781425E+02	1.729759E+02	
167	1.744599E+02	1.768017E+02	1.742986E+02	
168	1.769754E+02	1.803957E+02	1.743881E+02	
169	1.786500E+02	1.822773E+02	1.752768E+02	
170	1.796452E+02	1.810584E+02	1.750526E+02	
171	1.811434E+02	1.835713E+02	1.759666E+02	
172	1.839891E+02	1.820385E+02	1.762969E+02	
173	1.842254E+02	1.860151E+02	1.769121E+02	
174	1.841703E+02	1.864616E+02	1.770477E+02	
175	1.865504E+02	1.884438E+02	1.779987E+02	
176	1.872512E+02	1.895565E+02	1.782704E+02	
177	1.858558E+02	1.913296E+02	1.805015E+02	
178	1.885613E+02	1.914097E+02	1.802876E+02	
179	1.907583E+02	1.945583E+02	1.808187E+02	
180	1.899151E+02	1.949419E+02	1.802658E+02	
181	1.909570E+02	1.980305E+02	1.811448E+02	
182	1.902128E+02	1.971228E+02	1.821670E+02	
183	1.946052E+02	2.029349E+02	1.820839E+02	
184	1.965357E+02	2.031890E+02	1.820123E+02	
185	1.977112E+02	2.019117E+02	1.830661E+02	
186	1.981570E+02	2.056409E+02	1.835935E+02	
187	1.966011E+02	2.072873E+02	1.830320E+02	
188	1.984483E+02	2.099059E+02	1.845472E+02	
189	2.058801E+02	2.103695E+02	1.847148E+02	
190	2.042727E+02	2.137935E+02	1.844952E+02	
191	2.034743E+02	2.105160E+02	1.858594E+02	
192	2.044536E+02	2.138229E+02	1.855137E+02	
193	2.103186E+02	2.187613E+02	1.866507E+02	
194	2.085753E+02	2.181641E+02	1.857778E+02	
195	2.081286E+02	2.176576E+02	1.871433E+02	
196	2.118297E+02	2.177748E+02	1.869714E+02	
197	2.055880E+02	2.193395E+02	1.884293E+02	
198	2.120961E+02	2.182199E+02	1.875596E+02	
199	2.134237E+02	2.203494E+02	1.893231E+02	
200	2.143902E+02	2.168316E+02	1.878397E+02	
201	2.156235E+02	2.165690E+02	1.890172E+02	
202	2.208837E+02	2.176945E+02	1.896571E+02	
203	2.229891E+02	2.216442E+02	1.900368E+02	
204	2.267454E+02	2.229110E+02	1.894950E+02	
205	2.228730E+02	2.226832E+02	1.889551E+02	
206	2.328822E+02	2.242678E+02	1.896274E+02	
207	2.288526E+02	2.197692E+02	1.894062E+02	
208	2.334220E+02	2.248222E+02	1.894619E+02	
209	2.334308E+02	2.277670E+02	1.882398E+02	
210	2.406952E+02	2.223655E+02	1.907561E+02	
211	2.395290E+02	2.240956E+02	1.902290E+02	
212	2.367391E+02	2.282696E+02	1.901570E+02	
213	2.468438E+02	2.239743E+02	1.897979E+02	
214	2.448758E+02	2.204502E+02	1.910273E+02	
215	2.450592E+02	2.281134E+02	1.907423E+02	
216	2.408535E+02	2.273394E+02	1.898768E+02	
217	2.504193E+02	2.227399E+02	1.904367E+02	
218	2.536373E+02	2.275272E+02	1.907445E+02	
219	2.550839E+02	2.271248E+02	1.902826E+02	
220	2.598341E+02	2.236272E+02	1.897995E+02	
221	2.675706E+02	2.208615E+02	1.910529E+02	
222	2.651133E+02	2.260337E+02	1.904434E+02	
223	2.744475E+02	2.266493E+02	1.904596E+02	
224	2.637988E+02	2.253294E+02	1.897351E+02	
225	2.657766E+02	2.262780E+02	1.903919E+02	
226	2.889053E+02	2.234549E+02	1.913447E+02	
227	2.774733E+02	2.220282E+02	1.900807E+02	
228	2.753415E+02	2.223707E+02	1.903091E+02	
229	2.975687E+02	2.220793E+02	1.906694E+02	
230	3.061067E+02	2.223611E+02	1.910728E+02	
231	2.869390E+02	2.253162E+02	1.911157E+02	
232	3.097062E+02	2.202560E+02	1.914626E+02	
233	3.051975E+02	2.194026E+02	1.910566E+02	
234	3.143855E+02	2.197477E+02	1.916199E+02	
235	3.188817E+02	2.262182E+02	1.914222E+02	
236	3.150810E+02	2.211751E+02	1.922359E+02	
237	3.031637E+02	2.229840E+02	1.907356E+02	
238	3.093645E+02	2.221958E+02	1.913781E+02	
239	2.975775E+02	2.230307E+02	1.912707E+02	
240	2.960025E+02	2.185740E+02	1.912704E+02	
241	3.012570E+02	2.194242E+02	1.916454E+02	
242	3.151064E+02	2.178549E+02	1.917638E+02	
243	3.016832E+02	2.359590E+02	1.916255E+02	
244	3.176500E+02	2.140720E+02	1.915790E+02	
245	3.031521E+02	2.205272E+02	1.910635E+02	
246	2.971912E+02	2.271055E+02	1.924886E+02	
247	2.979887E+02	2.158777E+02	1.906870E+02	
248	3.579388E+02	2.190102E+02	1.920253E+02	
249	3.008494E+02	2.193879E+02	1.907020E+02	
250	2.979882E+02	2.110696E+02	1.916339E+02	
251	3.115410E+02	2.211709E+02	1.919635E+02	
252	3.051451E+02	2.203006E+02	1.907255E+02	
253	3.092523E+02	2.258302E+02	1.914234E+02	
254	2.990244E+02	2.172798E+02	1.907529E+02	
255	2.685963E+02	2.165370E+02	1.909919E+02	
256	3.216160E+02	2.170427E+02	1.915019E+02	
257	3.214822E+02	2.131212E+02	1.907434E+02	
258	2.781204E+02	2.115305E+02	1.910120E+02	
259	3.047230E+02	2.219597E+02	1.898095E+02	
260	2.887252E+02	2.161431E+02	1.900259E+02	
261	3.470040E+02	2.034017E+02	1.896892E+02	
262	2.834584E+02	2.119405E+02	1.900029E+02	
263	3.664270E+02	2.196883E+02	1.888561E+02	
264	3.050703E+02	2.133838E+02	1.890585E+02	
265	3.117226E+02	2.105872E+02	1.896187E+02	
266	3.682296E+02	2.116821E+02	1.898523E+02	
267	2.668350E+02	2.085897E+02	1.898032E+02	
268	3.039522E+02	2.070405E+02	1.896558E+02	
269	2.638013E+02	2.092021E+02	1.890916E+02	
270	3.269909E+02	1.998020E+02	1.897385E+02	
271	2.593737E+02	2.167771E+02	1.890657E+02	
272	3.839986E+02	2.202895E+02	1.894993E+02	
273	2.282004E+02	2.102241E+02	1.897656E+02	
274	3.113598E+02	2.024709E+02	1.898390E+02	
275	2.878800E+02	2.062875E+02	1.898278E+02	
276	3.831598E+02	2.004186E+02	1.894098E+02	
277	4.306809E+02	1.984507E+02	1.899665E+02	
278	3.923651E+02	1.887213E+02	1.886206E+02	
279	3.985969E+02	2.036398E+02	1.892071E+02	
280	4.175508E+02	1.968128E+02	1.892364E+02	
281	4.720304E+02	1.948364E+02	1.888683E+02	
282	5.490402E+02	1.952982E+02	1.884385E+02	
283	5.551149E+02	2.059373E+02	1.890991E+02	
284	5.117367E+02	1.980758E+02	1.889141E+02	
285	4.111217E+02	1.964598E+02	1.888450E+02	
286	4.719182E+02	1.931708E+02	1.890356E+02	
287	0.000000E+00	1.917168E+02	1.878174E+02	
288	4.831183E+02	1.992065E+02	1.879501E+02	
289	5.855132E+02	1.988064E+02	1.880391E+02	
290	4.942715E+02	1.980711E+02	1.887220E+02	
291	5.551149E+02	1.969374E+02	1.887164E+02	
292	6.159115E+02	2.013897E+02	1.885237E+02	
293	5.956460E+02	1.919706E+02	1.886032E+02	
294	5.794336E+02	1.976583E+02	1.884217E+02	
295	6.159115E+02	1.918872E+02	1.886859E+02	
296	0.000000E+00	1.975149E+02	1.894690E+02	
297	6.767081E+02	2.024834E+02	1.885964E+02	
298	5.855132E+02	1.972666E+02	1.871382E+02	
299	6.419672E+02	1.945362E+02	1.889544E+02	
300	6.361771E+02	1.956078E+02	1.878938E+02	
301	6.361771E+02	1.957054E+02	1.881713E+02	
302	6.463098E+02	1.866874E+02	1.879285E+02	
303	0.000000E+00	1.917367E+02	1.872630E+02	
304	6.361771E+02	1.955248E+02	1.877617E+02	
305	6.463098E+02	1.885516E+02	1.882461E+02	
306	6.361771E+02	2.035931E+02	1.875826E+02	
307	5.551149E+02	1.975158E+02	1.879844E+02	
308	6.159115E+02	1.919804E+02	1.875873E+02	
309	6.361771E+02	1.943687E+02	1.873800E+02	
310	0.000000E+00	1.985201E+02	1.880954E+02	
311	0.000000E+00	1.899210E+02	1.872213E+02	
312	6.159115E+02	1.919920E+02	1.872495E+02	
313	5.551149E+02	1.987055E+02	1.868267E+02	
314	5.551149E+02	1.939332E+02	1.868492E+02	
315	5.551149E+02	1.989238E+02	1.863932E+02	
316	5.551149E+02	1.872744E+02	1.875327E+02	
317	5.551149E+02	1.891326E+02	1.865958E+02	
318	5.551149E+02	1.893728E+02	1.868144E+02	
319	5.551149E+02	1.880600E+02	1.864915E+02	
320	5.551149E+02	1.884802E+02	1.864491E+02	
321	5.551149E+02	1.883126E+02	1.865935E+02	
322	5.551149E+02	1.902414E+02	1.868130E+02	
323	5.551149E+02	1.869684E+02	1.863715E+02	
324	5.551149E+02	1.913672E+02	1.857629E+02	
325	0.000000E+00	1.813421E+02	1.864755E+02	
326	5.551149E+02	1.880583E+02	1.868021E+02	
327	0.000000E+00	1.865590E+02	1.860997E+02	
328	0.000000E+00	1.877778E+02	1.864429E+02	
329	0.000000E+00	1.929572E+02	1.861398E+02	
330	5.551149E+02	1.953601E+02	1.862950E+02	
331	0.000000E+00	1.925295E+02	1.864533E+02	
332	0.000000E+00	1.990993E+02	1.864871E+02	
333	0.000000E+00	1.918020E+02	1.869013E+02	
334	0.000000E+00	2.027274E+02	1.862079E+02	
335	0.000000E+00	2.010084E+02	1.869080E+02	
336	0.000000E+00	1.966498E+02	1.868864E+02	
337	0.000000E+00	1.968780E+02	1.866625E+02	
338	0.000000E+00	1.903526E+02	1.875885E+02	
339	0.000000E+00	1.931013E+02	1.870100E+02	
340	0.000000E+00	1.856209E+02	1.876605E+02	
341	0.000000E+00	1.907039E+02	1.871662E+02	
342	0.000000E+00	1.873063E+02	1.879341E+02	
343	0.000000E+00	1.853915E+02	1.875603E+02	
344	0.000000E+00	1.865791E+02	1.875156E+02	
345	0.000000E+00	1.871134E+02	1.875486E+02	
346	0.000000E+00	1.835939E+02	1.874448E+02	
347	0.000000E+00	1.820578E+02	1.870332E+02	
348	0.000000E+00	1.791923E+02	1.874866E+02	
349	0.000000E+00	1.833978E+02	1.872157E+02	
350	0.000000E+00	1.856125E+02	1.867553E+02	
351	0.000000E+00	1.767176E+02	1.872720E+02	
352	0.000000E+00	1.845751E+02	1.872834E+02	
353	0.000000E+00	1.799550E+02	1.872554E+02	
354	0.000000E+00	1.824714E+02	1.865774E+02	
355	0.000000E+00	1.837575E+02	1.863289E+02	
356	0.000000E+00	1.782091E+02	1.866714E+02	
357	0.000000E+00	1.787486E+02	1.867951E+02	
358	0.000000E+00	1.803099E+02	1.867545E+02	
359	0.000000E+00	1.844233E+02	1.870228E+02	
360	0.000000E+00	1.875691E+02	1.878616E+02	
361	0.000000E+00	1.829194E+02	1.876922E+02	
362	0.000000E+00	1.856245E+02	1.876399E+02	
363	0.000000E+00	1.783679E+02	1.879667E+02	
364	0.000000E+00	1.864342E+02	1.877688E+02	
365	0.000000E+00	1.940370E+02	1.875937E+02	
366	0.000000E+00	1.881885E+02	1.869398E+02	
367	0.000000E+00	1.936948E+02	1.871998E+02	
368	0.000000E+00	1.897881E+02	1.881018E+02	
369	0.000000E+00	1.957551E+02	1.863367E+02	
370	0.000000E+00	1.986222E+02	1.873487E+02	
371	0.000000E+00	1.942108E+02	1.880705E+02	
372	0.000000E+00	1.897140E+02	1.869586E+02	
373	0.000000E+00	1.924014E+02	1.883683E+02	
374	0.000000E+00	1.902027E+02	1.874996E+02	
375	0.000000E+00	1.994636E+02	1.864538E+02	
376	0.000000E+00	1.891109E+02	1.871133E+02	
377	0.000000E+00	1.924966E+02	1.873407E+02	
378	0.000000E+00	1.904400E+02	1.864100E+02	
379	0.000000E+00	1.988884E+02	1.867893E+02	
380	0.000000E+00	1.961248E+02	1.879229E+02	
381	0.000000E+00	1.924447E+02	1.872987E+02	
382	0.000000E+00	1.936897E+02	1.865031E+02	
383	0.000000E+00	1.954050E+02	1.866084E+02	
384	0.000000E+00	1.950074E+02	1.869796E+02	
385	0.000000E+00	1.983370E+02	1.862820E+02	
386	0.000000E+00	1.954450E+02	1.864343E+02	
387	0.000000E+00	1.972154E+02	1.876103E+02	
388	0.000000E+00	1.968156E+02	1.856065E+02	
389	0.000000E+00	1.887737E+02	1.874565E+02	
390	0.000000E+00	2.007443E+02	1.870403E+02	
391	0.000000E+00	2.047067E+02	1.864853E+02	
392	0.000000E+00	1.951152E+02	1.867051E+02	
393	0.000000E+00	1.991276E+02	1.875593E+02	
394	0.000000E+00	1.927498E+02	1.869895E+02	
395	0.000000E+00	1.966511E+02	1.867184E+02	
396	0.000000E+00	1.990869E+02	1.887800E+02	
397	0.000000E+00	1.986892E+02	1.869414E+02	
398	0.000000E+00	1.916700E+02	1.874880E+02	
399	0.000000E+00	2.034745E+02	1.883703E+02	
400	0.000000E+00	2.043795E+02	1.882344E+02	
401	0.000000E+00	1.912064E+02	1.877173E+02	
402	0.000000E+00	1.970318E+02	1.878350E+02	
403	0.000000E+00	1.930027E+02	1.878973E+02	
404	0.000000E+00	1.935903E+02	1.861807E+02	
405	0.000000E+00	1.921914E+02	1.882598E+02	
406	0.000000E+00	1.832223E+02	1.872247E+02	
407	0.000000E+00	1.879931E+02	1.866270E+02	
408	0.000000E+00	1.889851E+02	1.868059E+02	
409	0.000000E+00	1.807781E+02	1.863754E+02	
410	0.000000E+00	1.863921E+02	1.877798E+02	
411	0.000000E+00	1.792731E+02	1.865859E+02	
412	0.000000E+00	1.816339E+02	1.864223E+02	
413	0.000000E+00	1.773582E+02	1.869039E+02	
414	0.000000E+00	1.833974E+02	1.859433E+02	
415	0.000000E+00	1.861882E+02	1.855199E+02	
416	0.000000E+00	1.863550E+02	1.863049E+02	
417	0.000000E+00	1.859359E+02	1.878601E+02	
418	0.000000E+00	1.904003E+02	1.871290E+02	
419	0.000000E+00	1.895896E+02	1.882268E+02	
420	0.000000E+00	1.840690E+02	1.862061E+02	
421	0.000000E+00	1.753445E+02	1.883185E+02	
422	0.000000E+00	1.748187E+02	1.869877E+02	
423	0.000000E+00	1.795779E+02	1.868266E+02	
424	0.000000E+00	1.735216E+02	1.877292E+02	
425	0.000000E+00	1.825587E+02	1.884177E+02	
426	0.000000E+00	1.697673E+02	1.878263E+02	
427	0.000000E+00	1.732073E+02	1.881022E+02	
428	0.000000E+00	1.840217E+02	1.875523E+02	
429	0.000000E+00	1.849752E+02	1.870329E+02	
430	0.000000E+00	1.765098E+02	1.885631E+02	
431	0.000000E+00	1.863084E+02	1.868204E+02	
432	0.000000E+00	1.757474E+02	1.874116E+02	
433	0.000000E+00	1.887786E+02	1.869863E+02	
434	0.000000E+00	1.766348E+02	1.881814E+02	
435	0.000000E+00	1.731671E+02	1.879304E+02	
436	0.000000E+00	1.866800E+02	1.870358E+02	
437	0.000000E+00	1.842759E+02	1.890239E+02	
438	0.000000E+00	1.690439E+02	1.894088E+02	
439	0.000000E+00	1.819210E+02	1.866911E+02	
440	0.000000E+00	1.981700E+02	1.893630E+02	
441	0.000000E+00	1.953828E+02	1.912950E+02	
442	0.000000E+00	1.897023E+02	1.887840E+02	
443	0.000000E+00	2.000801E+02	1.891900E+02	
444	0.000000E+00	1.777393E+02	1.879873E+02	
445	0.000000E+00	1.991877E+02	1.907122E+02	
446	0.000000E+00	1.882839E+02	1.876204E+02	
447	0.000000E+00	2.008336E+02	1.878431E+02	
448	0.000000E+00	1.996063E+02	1.880891E+02	
449	0.000000E+00	1.862860E+02	1.872248E+02	
450	0.000000E+00	2.015074E+02	1.898715E+02	
451	0.000000E+00	2.018690E+02	1.870105E+02	
452	0.000000E+00	1.898350E+02	1.873499E+02	
453	0.000000E+00	2.327223E+02	1.902280E+02	
454	0.000000E+00	2.197262E+02	1.879189E+02	
455	0.000000E+00	2.070376E+02	1.892454E+02	
456	0.000000E+00	2.229455E+02	1.883025E+02	
457	0.000000E+00	2.048464E+02	1.865876E+02	
458	0.000000E+00	2.114714E+02	1.891460E+02	
459	0.000000E+00	1.992414E+02	1.878880E+02	
460	0.000000E+00	2.093191E+02	1.868159E+02	
461	0.000000E+00	1.946137E+02	1.898100E+02	
462	0.000000E+00	1.988687E+02	1.893339E+02	
463	0.000000E+00	1.993749E+02	1.896548E+02	
464	0.000000E+00	1.942769E+02	1.912056E+02	
465	0.000000E+00	2.181520E+02	1.883157E+02	
466	0.000000E+00	2.143264E+02	1.897786E+02	
467	0.000000E+00	1.995571E+02	1.875280E+02	
468	0.000000E+00	2.272803E+02	1.868982E+02	
469	0.000000E+00	2.665158E+02	1.860594E+02	
470	0.000000E+00	2.297541E+02	1.902178E+02	
471	0.000000E+00	2.546240E+02	1.890743E+02	
472	0.000000E+00	2.323454E+02	1.899054E+02	
473	0.000000E+00	2.373913E+02	1.891454E+02	
474	0.000000E+00	2.369457E+02	1.862882E+02	
475	0.000000E+00	2.337321E+02	1.882388E+02	
476	0.000000E+00	2.766363E+02	1.854365E+02	
477	0.000000E+00	2.251289E+02	1.920265E+02	
478	0.000000E+00	2.731435E+02	1.832825E+02	
479	0.000000E+00	1.901945E+02	1.848305E+02	
480	0.000000E+00	2.608422E+02	1.846476E+02	
481	0.000000E+00	2.038800E+02	1.821900E+02	
482	0.000000E+00	2.264501E+02	1.822331E+02	
483	0.000000E+00	2.769180E+02	1.834957E+02	
484	0.000000E+00	2.527654E+02	1.791439E+02	
485	0.000000E+00	2.777911E+02	1.832160E+02	
486	0.000000E+00	3.388306E+02	1.734205E+02	
487	0.000000E+00	2.376622E+02	1.795119E+02	
488	0.000000E+00	3.063851E+02	1.741066E+02	
489	0.000000E+00	1.897909E+02	1.763141E+02	
490	0.000000E+00	3.669713E+02	1.728399E+02	
491	0.000000E+00	1.968756E+02	1.697683E+02	
492	0.000000E+00	3.520395E+02	1.790631E+02	
493	0.000000E+00	0.000000E+00	1.750470E+02	
494	0.000000E+00	3.269220E+02	1.748993E+02	
495	0.000000E+00	0.000000E+00	1.665077E+02	
496	0.000000E+00	1.908729E+02	1.741485E+02	
497	0.000000E+00	0.000000E+00	1.751456E+02	
498	0.000000E+00	1.908729E+02	1.716896E+02	
499	0.000000E+00	0.000000E+00	1.694765E+02	
500	0.000000E+00	0.000000E+00	0.000000E+00	
501	0.000000E+00	2.148838E+02	1.767313E+02	
502	0.000000E+00	0.000000E+00	0.000000E+00	
503	0.000000E+00	0.000000E+00	1.736286E+02	
504	0.000000E+00	0.000000E+00	0.000000E+00	
505	0.000000E+00	0.000000E+00	1.643777E+02	
506	0.000000E+00	0.000000E+00	1.708277E+02	
507	0.000000E+00	0.000000E+00	0.000000E+00	
508	0.000000E+00	0.000000E+00	1.739111E+02	
509	0.000000E+00	0.000000E+00	0.000000E+00	
510	0.000000E+00	0.000000E+00	1.640169E+02	
511	0.000000E+00	0.000000E+00	0.000000E+00	
512	0.000000E+00	0.000000E+00	1.433762E+02	
513	0.000000E+00	0.000000E+00	0.000000E+00	
514	0.000000E+00	0.000000E+00	0.000000E+00	
515	0.000000E+00	0.000000E+00	1.413824E+02	
516	0.000000E+00	0.000000E+00	0.000000E+00	
517	0.000000E+00	0.000000E+00	1.708495E+02	
518	0.000000E+00	0.000000E+00	0.000000E+00	
519	0.000000E+00	0.000000E+00	6.856954E+01	
520	0.000000E+00	0.000000E+00	0.000000E+00	
521	0.000000E+00	0.000000E+00	0.000000E+00	
522	0.000000E+00	0.000000E+00	0.000000E+00	
523	0.000000E+00	0.000000E+00	0.000000E+00	
524	0.000000E+00	0.000000E+00	0.000000E+00	
525	0.000000E+00	0.000000E+00	0.000000E+00	
526	0.000000E+00	0.000000E+00	0.000000E+00	
527	0.000000E+00	0.000000E+00	0.000000E+00	
528	0.000000E+00	0.000000E+00	0.000000E+00	
529	0.000000E+00	0.000000E+00	0.000000E+00	
530	0.000000E+00	0.000000E+00	0.000000E+00	
531	0.000000E+00	0.000000E+00	0.000000E+00	
532	0.000000E+00	0.000000E+00	0.000000E+00	
533	0.000000E+00	0.000000E+00	0.000000E+00	
534	0.000000E+00	0.000000E+00	0.000000E+00	
535	0.000000E+00	0.000000E+00	0.000000E+00	
536	0.000000E+00	0.000000E+00	0.000000E+00	
537	0.000000E+00	0.000000E+00	0.000000E+00	
538	0.000000E+00	0.000000E+00	0.000000E+00	
539	0.000000E+00	0.000000E+00	0.000000E+00	
540	0.000000E+00	0.000000E+00	0.000000E+00	
541	0.000000E+00	0.000000E+00	0.000000E+00	
542	0.000000E+00	0.000000E+00	0.000000E+00	
543	0.000000E+00	0.000000E+00	0.000000E+00	
544	0.000000E+00	0.000000E+00	0.000000E+00	
545	0.000000E+00	0.000000E+00	0.000000E+00	
546	0.000000E+00	0.000000E+00	0.000000E+00	
547	0.000000E+00	0.000000E+00	0.000000E+00	
548	0.000000E+00	0.000000E+00	0.000000E+00	
549	0.000000E+00	0.000000E+00	0.000000E+00	
550	0.000000E+00	0.000000E+00	0.000000E+00	
551	0.000000E+00	0.000000E+00	0.000000E+00	
552	0.000000E+00	0.000000E+00	0.000000E+00	
553	0.000000E+00	0.000000E+00	0.000000E+00	
554	0.000000E+00	0.000000E+00	0.000000E+00	
555	0.000000E+00	0.000000E+00	0.000000E+00	
556	0.000000E+00	0.000000E+00	0.000000E+00	
557	0.000000E+00	0.000000E+00	0.000000E+00	
558	0.000000E+00	0.000000E+00	0.000000E+00	
559	0.000000E+00	0.000000E+00	0.000000E+00	
560	0.000000E+00	0.000000E+00	0.000000E+00	
561	0.000000E+00	0.000000E+00	0.000000E+00	
562	0.000000E+00	0.000000E+00	0.000000E+00	
563	0.000000E+00	0.000000E+00	0.000000E+00	
564	0.000000E+00	0.000000E+00	0.000000E+00	
565	0.000000E+00	0.000000E+00	0.000000E+00	
566	0.000000E+00	0.000000E+00	0.000000E+00	
567	0.000000E+00	0.000000E+00	0.000000E+00	
568	0.000000E+00	0.000000E+00	0.000000E+00	
569	0.000000E+00	0.000000E+00	0.000000E+00	
570	0.000000E+00	0.000000E+00	0.000000E+00	
571	0.000000E+00	0.000000E+00	0.000000E+00	
572	0.000000E+00	0.000000E+00	0.000000E+00	
573	0.000000E+00	0.000000E+00	0.000000E+00	
574	0.000000E+00	0.000000E+00	0.000000E+00	
575	0.000000E+00	0.000000E+00	0.000000E+00	
576	0.000000E+00	0.000000E+00	0.000000E+00	
577	0.000000E+00	0.000000E+00	0.000000E+00	
578	0.000000E+00	0.000000E+00	0.000000E+00	
579	0.000000E+00	0.000000E+00	0.000000E+00	
580	0.000000E+00	0.000000E+00	0.000000E+00	
581	0.000000E+00	0.000000E+00	0.000000E+00	
582	0.000000E+00	0.000000E+00	0.000000E+00	
583	0.000000E+00	0.000000E+00	0.000000E+00	
584	0.000000E+00	0.000000E+00	0.000000E+00	
585	0.000000E+00	0.000000E+00	0.000000E+00	
586	0.000000E+00	0.000000E+00	0.000000E+00	
587	0.000000E+00	0.000000E+00	0.000000E+00	
588	0.000000E+00	0.000000E+00	0.000000E+00	
589	0.000000E+00	0.000000E+00	0.000000E+00	
590	0.000000E+00	0.000000E+00	0.000000E+00	
591	0.000000E+00	0.000000E+00	0.000000E+00	
592	0.000000E+00	0.000000E+00	0.000000E+00	
593	0.000000E+00	0.000000E+00	0.000000E+00	
594	0.000000E+00	0.000000E+00	0.000000E+00	
595	0.000000E+00	0.000000E+00	0.000000E+00	
596	0.000000E+00	0.000000E+00	0.000000E+00	
597	0.000000E+00	0.000000E+00	0.000000E+00	
598	0.000000E+00	0.000000E+00	0.000000E+00	
599	0.000000E+00	0.000000E+00	0.000000E+00	
#NewRun
