#COM_Bin	Avg_cosine_squared
#Order is chain type
0	0	0	0	
1	0	0	0	
2	0	0	0	
3	0	0	0	
4	3.314207E-01	3.503260E-01	3.263354E-01	
5	3.222151E-01	3.237342E-01	3.108291E-01	
6	3.386007E-01	3.436156E-01	3.251184E-01	
7	0	0	0	
8	3.347988E-01	3.414065E-01	3.227807E-01	
9	3.386586E-01	3.392394E-01	3.279761E-01	
10	0	0	0	
11	3.311148E-01	3.409656E-01	3.290400E-01	
12	3.406786E-01	3.367455E-01	3.111604E-01	
13	3.311335E-01	3.424902E-01	3.222243E-01	
14	3.354182E-01	3.411090E-01	3.266894E-01	
15	0	0	0	
16	3.353500E-01	3.386234E-01	3.280195E-01	
17	3.341353E-01	3.419272E-01	3.215483E-01	
18	3.399360E-01	3.390839E-01	3.291986E-01	
19	3.360640E-01	3.561431E-01	3.093257E-01	
20	3.316900E-01	3.427086E-01	3.297805E-01	
21	3.391267E-01	3.387368E-01	3.126801E-01	
22	3.412235E-01	3.466893E-01	3.175566E-01	
23	3.408519E-01	3.429034E-01	3.211190E-01	
24	3.387819E-01	3.358516E-01	3.220015E-01	
25	3.344057E-01	3.422505E-01	3.168486E-01	
26	3.352005E-01	3.366280E-01	3.144323E-01	
27	3.379088E-01	3.456815E-01	3.136895E-01	
28	3.329833E-01	3.441151E-01	3.209948E-01	
29	3.338076E-01	3.441248E-01	3.175421E-01	
30	3.296834E-01	3.415552E-01	3.151394E-01	
31	3.299221E-01	3.470576E-01	3.188820E-01	
32	3.267702E-01	3.392438E-01	3.177542E-01	
33	3.277598E-01	3.401081E-01	3.171066E-01	
34	3.292476E-01	3.425759E-01	3.193159E-01	
35	3.264303E-01	3.415706E-01	3.204471E-01	
36	3.244026E-01	3.387554E-01	3.192496E-01	
37	3.249893E-01	3.365853E-01	3.209692E-01	
38	3.253616E-01	3.353499E-01	3.192692E-01	
39	3.277343E-01	3.371081E-01	3.231857E-01	
40	3.226779E-01	3.359390E-01	3.244344E-01	
41	3.230205E-01	3.326222E-01	3.255810E-01	
42	3.266604E-01	3.357064E-01	3.258010E-01	
43	3.224586E-01	3.379310E-01	3.251356E-01	
44	3.226387E-01	3.364854E-01	3.300076E-01	
45	3.233214E-01	3.353095E-01	3.284301E-01	
46	3.203982E-01	3.354530E-01	3.280160E-01	
47	3.211008E-01	3.387041E-01	3.270280E-01	
48	3.213726E-01	3.331495E-01	3.288013E-01	
49	3.201618E-01	3.295212E-01	3.282329E-01	
50	3.213459E-01	3.366629E-01	3.268148E-01	
51	3.230641E-01	3.390194E-01	3.281346E-01	
52	3.188522E-01	3.343663E-01	3.263012E-01	
53	3.197064E-01	3.365918E-01	3.282563E-01	
54	3.195154E-01	3.365787E-01	3.243839E-01	
55	3.191244E-01	3.339617E-01	3.233959E-01	
56	3.173984E-01	3.383315E-01	3.241554E-01	
57	3.180828E-01	3.341293E-01	3.280282E-01	
58	3.158498E-01	3.348171E-01	3.310005E-01	
59	3.174544E-01	3.364159E-01	3.269707E-01	
60	3.187407E-01	3.336763E-01	3.257139E-01	
61	3.170698E-01	3.282706E-01	3.266232E-01	
62	3.162031E-01	3.319402E-01	3.238317E-01	
63	3.149738E-01	3.301520E-01	3.228589E-01	
64	3.170052E-01	3.270811E-01	3.230785E-01	
65	3.164912E-01	3.280119E-01	3.237599E-01	
66	3.149986E-01	3.237781E-01	3.233829E-01	
67	3.127763E-01	3.246285E-01	3.246646E-01	
68	3.148575E-01	3.250412E-01	3.235699E-01	
69	3.130622E-01	3.255468E-01	3.196640E-01	
70	3.141533E-01	3.237145E-01	3.211095E-01	
71	3.125332E-01	3.216743E-01	3.196816E-01	
72	3.126650E-01	3.224984E-01	3.186766E-01	
73	3.130313E-01	3.226754E-01	3.202887E-01	
74	3.123422E-01	3.204886E-01	3.217908E-01	
75	3.137449E-01	3.165501E-01	3.202249E-01	
76	3.130866E-01	3.188216E-01	3.175098E-01	
77	3.126510E-01	3.162607E-01	3.201742E-01	
78	3.130591E-01	3.176345E-01	3.174791E-01	
79	3.136172E-01	3.171528E-01	3.200319E-01	
80	3.125960E-01	3.165321E-01	3.172935E-01	
81	3.131644E-01	3.146902E-01	3.162139E-01	
82	3.121302E-01	3.170310E-01	3.189543E-01	
83	3.121884E-01	3.159980E-01	3.165908E-01	
84	3.146276E-01	3.160834E-01	3.135983E-01	
85	3.133864E-01	3.164467E-01	3.154172E-01	
86	3.133332E-01	3.132187E-01	3.168635E-01	
87	3.104137E-01	3.142743E-01	3.141645E-01	
88	3.130047E-01	3.167724E-01	3.143305E-01	
89	3.114664E-01	3.148018E-01	3.134532E-01	
90	3.141070E-01	3.159680E-01	3.135121E-01	
91	3.124904E-01	3.174828E-01	3.132990E-01	
92	3.138417E-01	3.161698E-01	3.137040E-01	
93	3.125349E-01	3.162606E-01	3.157809E-01	
94	3.147691E-01	3.167409E-01	3.129522E-01	
95	3.132780E-01	3.167142E-01	3.149079E-01	
96	3.133052E-01	3.165737E-01	3.163169E-01	
97	3.145882E-01	3.172807E-01	3.164200E-01	
98	3.148082E-01	3.157819E-01	3.167688E-01	
99	3.134855E-01	3.166236E-01	3.162341E-01	
100	3.136937E-01	3.162127E-01	3.179049E-01	
101	3.156975E-01	3.156546E-01	3.173072E-01	
102	3.145722E-01	3.167927E-01	3.188074E-01	
103	3.157406E-01	3.162407E-01	3.184614E-01	
104	3.159217E-01	3.167255E-01	3.191985E-01	
105	3.165217E-01	3.167124E-01	3.185607E-01	
106	3.185737E-01	3.158130E-01	3.197104E-01	
107	3.176888E-01	3.174415E-01	3.207200E-01	
108	3.192369E-01	3.156797E-01	3.209704E-01	
109	3.209843E-01	3.182154E-01	3.200426E-01	
110	3.214852E-01	3.186790E-01	3.204923E-01	
111	3.232475E-01	3.176511E-01	3.222854E-01	
112	3.240228E-01	3.190548E-01	3.236093E-01	
113	3.248947E-01	3.180194E-01	3.212046E-01	
114	3.253563E-01	3.202789E-01	3.221035E-01	
115	3.273916E-01	3.206181E-01	3.220589E-01	
116	3.285252E-01	3.207941E-01	3.236411E-01	
117	3.290152E-01	3.228307E-01	3.228867E-01	
118	3.305032E-01	3.225082E-01	3.251424E-01	
119	3.315585E-01	3.252194E-01	3.234386E-01	
120	3.343813E-01	3.236203E-01	3.250881E-01	
121	3.348786E-01	3.243532E-01	3.252592E-01	
122	3.367950E-01	3.255263E-01	3.248236E-01	
123	3.372043E-01	3.280206E-01	3.267082E-01	
124	3.407796E-01	3.270146E-01	3.281548E-01	
125	3.412708E-01	3.277664E-01	3.291783E-01	
126	3.446331E-01	3.286678E-01	3.297611E-01	
127	3.453403E-01	3.296176E-01	3.302723E-01	
128	3.476946E-01	3.311575E-01	3.324567E-01	
129	3.491982E-01	3.314993E-01	3.330473E-01	
130	3.523136E-01	3.340161E-01	3.338297E-01	
131	3.556566E-01	3.364715E-01	3.364160E-01	
132	3.555590E-01	3.364183E-01	3.358935E-01	
133	3.591824E-01	3.378714E-01	3.381678E-01	
134	3.610030E-01	3.409074E-01	3.389837E-01	
135	3.619158E-01	3.400736E-01	3.408745E-01	
136	3.653666E-01	3.433267E-01	3.420247E-01	
137	3.676446E-01	3.440874E-01	3.431254E-01	
138	3.701594E-01	3.465106E-01	3.457860E-01	
139	3.751474E-01	3.471807E-01	3.484374E-01	
140	3.770130E-01	3.488796E-01	3.499723E-01	
141	3.781148E-01	3.502849E-01	3.521408E-01	
142	3.825770E-01	3.538904E-01	3.547579E-01	
143	3.851509E-01	3.552925E-01	3.571030E-01	
144	3.874043E-01	3.571683E-01	3.583904E-01	
145	3.930660E-01	3.597040E-01	3.591362E-01	
146	3.949014E-01	3.589105E-01	3.641834E-01	
147	4.013001E-01	3.602255E-01	3.650968E-01	
148	4.032454E-01	3.654989E-01	3.655411E-01	
149	4.061928E-01	3.671635E-01	3.659972E-01	
150	4.098963E-01	3.672893E-01	3.701164E-01	
151	4.152663E-01	3.686487E-01	3.709625E-01	
152	4.173676E-01	3.712787E-01	3.741969E-01	
153	4.209600E-01	3.736999E-01	3.725038E-01	
154	4.245526E-01	3.756891E-01	3.754099E-01	
155	4.292922E-01	3.766480E-01	3.783336E-01	
156	4.345628E-01	3.795836E-01	3.797510E-01	
157	4.368668E-01	3.810028E-01	3.796868E-01	
158	4.419448E-01	3.836994E-01	3.829919E-01	
159	4.459316E-01	3.854802E-01	3.864395E-01	
160	4.486199E-01	3.871968E-01	3.894535E-01	
161	4.538292E-01	3.885299E-01	3.934636E-01	
162	4.583320E-01	3.925109E-01	3.910984E-01	
163	4.621745E-01	3.939953E-01	3.947348E-01	
164	4.649976E-01	3.949746E-01	3.966121E-01	
165	4.699720E-01	3.997164E-01	3.993313E-01	
166	4.706644E-01	4.012356E-01	4.013629E-01	
167	4.786783E-01	4.019880E-01	4.042680E-01	
168	4.791254E-01	4.034470E-01	4.030933E-01	
169	4.843136E-01	4.019673E-01	4.068898E-01	
170	4.874137E-01	4.056521E-01	4.103147E-01	
171	4.947844E-01	4.080763E-01	4.124090E-01	
172	4.939759E-01	4.084528E-01	4.126843E-01	
173	4.985198E-01	4.095482E-01	4.151873E-01	
174	5.098187E-01	4.109912E-01	4.169590E-01	
175	5.063698E-01	4.155034E-01	4.198804E-01	
176	5.160893E-01	4.144633E-01	4.175863E-01	
177	5.207576E-01	4.182290E-01	4.212453E-01	
178	5.222777E-01	4.172295E-01	4.213461E-01	
179	5.278233E-01	4.194849E-01	4.248121E-01	
180	5.337472E-01	4.219338E-01	4.228982E-01	
181	5.353799E-01	4.231255E-01	4.235975E-01	
182	5.427523E-01	4.231223E-01	4.257579E-01	
183	5.472083E-01	4.260837E-01	4.250235E-01	
184	5.483322E-01	4.280113E-01	4.263187E-01	
185	5.521644E-01	4.236819E-01	4.262958E-01	
186	5.541135E-01	4.269276E-01	4.291387E-01	
187	5.551831E-01	4.315059E-01	4.267190E-01	
188	5.614362E-01	4.274668E-01	4.277647E-01	
189	5.629356E-01	4.299086E-01	4.265501E-01	
190	5.659923E-01	4.342481E-01	4.243901E-01	
191	5.741749E-01	4.327387E-01	4.236532E-01	
192	5.693838E-01	4.325486E-01	4.231222E-01	
193	5.743496E-01	4.338081E-01	4.265218E-01	
194	5.815070E-01	4.327545E-01	4.200394E-01	
195	5.799872E-01	4.312930E-01	4.212774E-01	
196	5.728506E-01	4.330313E-01	4.221165E-01	
197	5.813181E-01	4.274063E-01	4.249586E-01	
198	5.864425E-01	4.300732E-01	4.221109E-01	
199	5.873300E-01	4.292144E-01	4.162023E-01	
200	5.831111E-01	4.287047E-01	4.201836E-01	
201	5.853996E-01	4.269632E-01	4.214584E-01	
202	5.868166E-01	4.247172E-01	4.202213E-01	
203	5.881310E-01	4.254809E-01	4.168496E-01	
204	5.889468E-01	4.250923E-01	4.177384E-01	
205	5.908215E-01	4.232205E-01	4.177506E-01	
206	5.921493E-01	4.214500E-01	4.175164E-01	
207	5.946159E-01	4.239038E-01	4.196509E-01	
208	5.947039E-01	4.176253E-01	4.155743E-01	
209	5.948848E-01	4.169753E-01	4.138199E-01	
210	5.973984E-01	4.170355E-01	4.157257E-01	
211	5.964187E-01	4.144898E-01	4.113129E-01	
212	5.975131E-01	4.151768E-01	4.117454E-01	
213	5.994172E-01	4.118432E-01	4.116401E-01	
214	5.973977E-01	4.095751E-01	4.115784E-01	
215	5.931415E-01	4.124102E-01	4.041282E-01	
216	5.929993E-01	4.057037E-01	4.099630E-01	
217	6.008509E-01	4.071069E-01	4.060453E-01	
218	5.942664E-01	4.018545E-01	4.077553E-01	
219	6.037551E-01	4.027817E-01	4.014479E-01	
220	5.942055E-01	3.993433E-01	3.983754E-01	
221	5.997055E-01	4.010259E-01	3.983722E-01	
222	5.989975E-01	4.000558E-01	3.960403E-01	
223	6.019773E-01	3.994244E-01	3.922276E-01	
224	6.072898E-01	3.915497E-01	3.871820E-01	
225	5.917808E-01	3.992616E-01	3.865799E-01	
226	5.933904E-01	3.929255E-01	3.894910E-01	
227	5.849835E-01	3.859331E-01	3.806198E-01	
228	5.883752E-01	3.876531E-01	3.815533E-01	
229	5.880251E-01	3.878504E-01	3.798273E-01	
230	5.840291E-01	3.853062E-01	3.763710E-01	
231	5.872426E-01	3.809700E-01	3.745961E-01	
232	5.812163E-01	3.838026E-01	3.779305E-01	
233	5.806866E-01	3.799410E-01	3.750218E-01	
234	5.753975E-01	3.810792E-01	3.743234E-01	
235	5.850416E-01	3.762819E-01	3.773630E-01	
236	5.636664E-01	3.771838E-01	3.735427E-01	
237	5.693158E-01	3.734413E-01	3.718524E-01	
238	5.770326E-01	3.750543E-01	3.716045E-01	
239	5.530563E-01	3.725024E-01	3.673759E-01	
240	5.710793E-01	3.718537E-01	3.660201E-01	
241	5.625589E-01	3.621411E-01	3.686494E-01	
242	5.548540E-01	3.611006E-01	3.598073E-01	
243	5.444465E-01	3.659211E-01	3.652963E-01	
244	5.407003E-01	3.572391E-01	3.546675E-01	
245	5.507618E-01	3.613554E-01	3.555641E-01	
246	5.594952E-01	3.553794E-01	3.586012E-01	
247	5.512091E-01	3.545467E-01	3.502491E-01	
248	5.360858E-01	3.549304E-01	3.532055E-01	
249	5.605138E-01	3.487779E-01	3.497275E-01	
250	5.553578E-01	3.463395E-01	3.487656E-01	
251	5.594295E-01	3.497114E-01	3.495849E-01	
252	5.479272E-01	3.453153E-01	3.469389E-01	
253	5.428707E-01	3.445017E-01	3.443429E-01	
254	5.308062E-01	3.369542E-01	3.456640E-01	
255	5.358560E-01	3.424777E-01	3.432181E-01	
256	5.209261E-01	3.413307E-01	3.362243E-01	
257	5.471948E-01	3.385455E-01	3.397468E-01	
258	5.289427E-01	3.389597E-01	3.346630E-01	
259	5.024370E-01	3.314016E-01	3.372561E-01	
260	5.116098E-01	3.343640E-01	3.340539E-01	
261	4.893619E-01	3.329599E-01	3.323821E-01	
262	4.958938E-01	3.317879E-01	3.315356E-01	
263	4.747350E-01	3.394022E-01	3.294523E-01	
264	4.784838E-01	3.295237E-01	3.275724E-01	
265	4.711885E-01	3.318555E-01	3.256250E-01	
266	4.725973E-01	3.351220E-01	3.261450E-01	
267	4.521932E-01	3.312346E-01	3.239309E-01	
268	4.554204E-01	3.252637E-01	3.201285E-01	
269	4.319765E-01	3.283705E-01	3.192840E-01	
270	4.400436E-01	3.250876E-01	3.178037E-01	
271	4.197121E-01	3.284776E-01	3.181081E-01	
272	4.441071E-01	3.224887E-01	3.160389E-01	
273	4.183484E-01	3.206276E-01	3.096756E-01	
274	4.197357E-01	3.194082E-01	3.154797E-01	
275	4.139360E-01	3.221532E-01	3.173432E-01	
276	4.100657E-01	3.189965E-01	3.092285E-01	
277	4.324068E-01	3.176324E-01	3.083218E-01	
278	3.988008E-01	3.172859E-01	3.086446E-01	
279	4.271954E-01	3.186748E-01	3.081423E-01	
280	3.822255E-01	3.161642E-01	3.052297E-01	
281	3.940180E-01	3.109497E-01	3.009681E-01	
282	3.718445E-01	3.104384E-01	3.069078E-01	
283	3.755332E-01	3.108568E-01	3.037219E-01	
284	3.600850E-01	3.103014E-01	3.022266E-01	
285	3.421202E-01	3.073487E-01	2.998518E-01	
286	3.615140E-01	3.056083E-01	2.984269E-01	
287	3.688408E-01	3.086100E-01	2.957123E-01	
288	3.518931E-01	3.038507E-01	2.970324E-01	
289	3.509024E-01	3.034884E-01	2.962881E-01	
290	3.496360E-01	3.000042E-01	2.955587E-01	
291	3.513824E-01	3.037494E-01	2.974953E-01	
292	3.257582E-01	3.025294E-01	2.925166E-01	
293	3.328143E-01	2.993497E-01	2.923481E-01	
294	3.136433E-01	3.020342E-01	2.929445E-01	
295	3.273236E-01	2.980121E-01	2.949492E-01	
296	3.262184E-01	3.011339E-01	2.923464E-01	
297	3.395693E-01	2.984584E-01	2.904500E-01	
298	3.541818E-01	2.976041E-01	2.916326E-01	
299	3.517348E-01	2.992320E-01	2.887159E-01	
300	3.302909E-01	3.010465E-01	2.901873E-01	
301	3.180452E-01	2.956780E-01	2.902707E-01	
302	2.985455E-01	2.969145E-01	2.873592E-01	
303	3.342887E-01	2.993824E-01	2.944848E-01	
304	3.099133E-01	2.954287E-01	2.871768E-01	
305	2.864505E-01	2.952272E-01	2.894186E-01	
306	3.157344E-01	2.938986E-01	2.913837E-01	
307	3.151205E-01	2.936356E-01	2.924103E-01	
308	3.357989E-01	2.962427E-01	2.930259E-01	
309	3.138488E-01	2.934629E-01	2.905545E-01	
310	3.314224E-01	2.939915E-01	2.970600E-01	
311	3.184342E-01	2.880798E-01	2.928154E-01	
312	3.193596E-01	2.913108E-01	2.935795E-01	
313	3.100635E-01	2.912602E-01	2.925863E-01	
314	3.277858E-01	2.924079E-01	2.991315E-01	
315	3.172547E-01	2.909953E-01	2.936155E-01	
316	3.255993E-01	2.939306E-01	2.941594E-01	
317	3.227481E-01	2.926176E-01	2.936816E-01	
318	3.040689E-01	2.897092E-01	2.936049E-01	
319	3.242033E-01	2.950382E-01	2.926672E-01	
320	3.274887E-01	2.919770E-01	2.898074E-01	
321	2.958838E-01	2.909549E-01	2.955951E-01	
322	2.769812E-01	2.895123E-01	2.915922E-01	
323	2.995201E-01	2.903420E-01	2.928874E-01	
324	2.925552E-01	2.881937E-01	2.904274E-01	
325	2.900610E-01	2.901098E-01	2.895520E-01	
326	3.177280E-01	2.870253E-01	2.923824E-01	
327	3.065840E-01	2.888997E-01	2.900371E-01	
328	2.820186E-01	2.891062E-01	2.916507E-01	
329	2.769399E-01	2.886546E-01	2.894601E-01	
330	2.671738E-01	2.871535E-01	2.921904E-01	
331	2.722640E-01	2.915969E-01	2.922629E-01	
332	2.696868E-01	2.880269E-01	2.917803E-01	
333	2.690288E-01	2.867730E-01	2.906852E-01	
334	2.746429E-01	2.864285E-01	2.920017E-01	
335	2.712796E-01	2.886094E-01	2.939767E-01	
336	2.603525E-01	2.916258E-01	2.922987E-01	
337	2.593582E-01	2.872762E-01	2.955350E-01	
338	2.574703E-01	2.859944E-01	2.912656E-01	
339	2.767780E-01	2.913305E-01	2.969009E-01	
340	2.592072E-01	2.909473E-01	2.906504E-01	
341	2.773190E-01	2.872488E-01	2.942798E-01	
342	2.740183E-01	2.924807E-01	2.962265E-01	
343	2.837582E-01	2.910052E-01	2.955830E-01	
344	2.918043E-01	2.908691E-01	2.933657E-01	
345	2.953266E-01	2.910468E-01	2.925312E-01	
346	2.903309E-01	2.910635E-01	2.931278E-01	
347	2.867479E-01	2.910226E-01	2.938447E-01	
348	2.764948E-01	2.872368E-01	2.879853E-01	
349	2.784543E-01	2.919136E-01	2.934627E-01	
350	2.618928E-01	2.902584E-01	2.847832E-01	
351	2.643136E-01	2.911838E-01	2.893429E-01	
352	2.745310E-01	2.918827E-01	2.891106E-01	
353	2.527903E-01	2.903590E-01	2.873216E-01	
354	2.543188E-01	2.931761E-01	2.869058E-01	
355	2.531479E-01	2.945004E-01	2.850741E-01	
356	2.549638E-01	2.872295E-01	2.833503E-01	
357	2.339471E-01	2.883520E-01	2.838252E-01	
358	2.465669E-01	2.913615E-01	2.884252E-01	
359	2.169691E-01	2.897523E-01	2.808233E-01	
360	2.147213E-01	2.850270E-01	2.898275E-01	
361	2.396524E-01	2.858767E-01	2.889820E-01	
362	2.326694E-01	2.838310E-01	2.810661E-01	
363	2.125898E-01	2.836394E-01	2.884903E-01	
364	2.366788E-01	2.838177E-01	2.816845E-01	
365	2.428066E-01	2.838444E-01	2.853632E-01	
366	2.525354E-01	2.790410E-01	2.835105E-01	
367	2.469576E-01	2.846480E-01	2.792591E-01	
368	2.553125E-01	2.825617E-01	2.834020E-01	
369	2.376715E-01	2.792848E-01	2.813282E-01	
370	2.597123E-01	2.844371E-01	2.815478E-01	
371	2.561364E-01	2.768933E-01	2.783852E-01	
372	2.474995E-01	2.872469E-01	2.817327E-01	
373	2.847266E-01	2.825042E-01	2.787181E-01	
374	2.593615E-01	2.831639E-01	2.775877E-01	
375	2.693358E-01	2.767322E-01	2.799086E-01	
376	2.610181E-01	2.796113E-01	2.788539E-01	
377	2.704004E-01	2.812039E-01	2.815662E-01	
378	2.756696E-01	2.828689E-01	2.813526E-01	
379	2.541282E-01	2.767549E-01	2.794153E-01	
380	2.719792E-01	2.771575E-01	2.793139E-01	
381	2.776163E-01	2.797548E-01	2.839226E-01	
382	3.019900E-01	2.736702E-01	2.784696E-01	
383	2.668292E-01	2.772240E-01	2.831724E-01	
384	2.968138E-01	2.744400E-01	2.846811E-01	
385	2.590056E-01	2.747788E-01	2.794282E-01	
386	2.872286E-01	2.826482E-01	2.876218E-01	
387	2.853728E-01	2.709321E-01	2.788510E-01	
388	2.869210E-01	2.737627E-01	2.848848E-01	
389	3.119592E-01	2.785583E-01	2.929613E-01	
390	2.829300E-01	2.725120E-01	2.850016E-01	
391	2.892331E-01	2.711467E-01	2.902182E-01	
392	3.060132E-01	2.736403E-01	2.855521E-01	
393	2.953258E-01	2.690136E-01	2.823414E-01	
394	2.802780E-01	2.754661E-01	2.831435E-01	
395	2.568693E-01	2.760559E-01	2.869635E-01	
396	3.140797E-01	2.688703E-01	2.807602E-01	
397	2.701284E-01	2.732470E-01	2.813074E-01	
398	2.904212E-01	2.689327E-01	2.825393E-01	
399	3.293819E-01	2.727698E-01	2.837743E-01	
400	2.787626E-01	2.749406E-01	2.807949E-01	
401	3.500817E-01	2.726497E-01	2.792888E-01	
402	2.912085E-01	2.764020E-01	2.908987E-01	
403	3.049050E-01	2.727554E-01	2.845600E-01	
404	3.299958E-01	2.775117E-01	2.842867E-01	
405	3.054289E-01	2.769819E-01	2.874961E-01	
406	2.660950E-01	2.761377E-01	2.862676E-01	
407	3.012589E-01	2.869431E-01	2.913353E-01	
408	2.931978E-01	2.798157E-01	2.857825E-01	
409	2.404029E-01	2.830536E-01	2.897209E-01	
410	3.076227E-01	2.878366E-01	2.993541E-01	
411	2.781364E-01	2.886011E-01	2.880593E-01	
412	2.558872E-01	2.836449E-01	2.855164E-01	
413	3.067749E-01	2.952013E-01	2.982846E-01	
414	2.301807E-01	2.892866E-01	2.925826E-01	
415	2.998287E-01	2.942320E-01	3.009606E-01	
416	2.781119E-01	3.000036E-01	2.961928E-01	
417	2.574085E-01	2.839239E-01	3.010021E-01	
418	2.378859E-01	3.007326E-01	3.021461E-01	
419	2.327885E-01	3.024965E-01	3.085333E-01	
420	2.538041E-01	2.936898E-01	3.055470E-01	
421	2.497512E-01	3.003483E-01	3.008849E-01	
422	2.373340E-01	2.975731E-01	3.059699E-01	
423	2.868422E-01	2.954525E-01	3.007461E-01	
424	2.662563E-01	3.049432E-01	3.067730E-01	
425	2.778937E-01	3.005096E-01	3.032587E-01	
426	2.523453E-01	2.953868E-01	3.016606E-01	
427	2.567732E-01	3.016276E-01	2.965399E-01	
428	2.653304E-01	3.065849E-01	3.030019E-01	
429	2.509423E-01	2.976092E-01	2.995958E-01	
430	2.699502E-01	3.000762E-01	2.970153E-01	
431	2.785539E-01	3.059402E-01	2.989224E-01	
432	3.172180E-01	3.036680E-01	3.002601E-01	
433	2.953691E-01	3.054543E-01	3.074213E-01	
434	3.294314E-01	2.914877E-01	3.121481E-01	
435	3.079907E-01	2.974412E-01	3.009115E-01	
436	3.549171E-01	3.011957E-01	3.144629E-01	
437	3.357497E-01	3.016697E-01	3.032858E-01	
438	3.623839E-01	2.943705E-01	3.070321E-01	
439	3.807196E-01	2.878218E-01	2.915569E-01	
440	3.260346E-01	2.938750E-01	3.022561E-01	
441	3.919930E-01	2.891709E-01	2.945318E-01	
442	4.023578E-01	2.955169E-01	2.952853E-01	
443	4.033821E-01	2.831487E-01	2.908923E-01	
444	4.566284E-01	3.016414E-01	2.967655E-01	
445	4.114244E-01	3.028934E-01	2.989463E-01	
446	4.093239E-01	2.915233E-01	2.930740E-01	
447	4.092629E-01	2.894784E-01	2.856453E-01	
448	4.650647E-01	2.931681E-01	2.915579E-01	
449	4.022338E-01	3.018210E-01	2.928682E-01	
450	3.621371E-01	2.853370E-01	2.953908E-01	
451	3.866403E-01	2.974350E-01	2.987737E-01	
452	3.502604E-01	3.021849E-01	2.924564E-01	
453	4.188680E-01	3.100920E-01	2.968067E-01	
454	4.737773E-01	2.983933E-01	2.982401E-01	
455	3.950123E-01	2.974455E-01	2.869018E-01	
456	3.677985E-01	3.117939E-01	2.971069E-01	
457	3.901373E-01	2.951284E-01	2.836577E-01	
458	3.915283E-01	3.100871E-01	3.022679E-01	
459	4.891333E-01	3.056109E-01	2.992319E-01	
460	4.760441E-01	3.156177E-01	2.776227E-01	
461	4.634368E-01	3.092892E-01	3.134168E-01	
462	5.221361E-01	3.008710E-01	2.827361E-01	
463	5.370594E-01	3.323526E-01	3.077949E-01	
464	5.042348E-01	2.947629E-01	2.859867E-01	
465	5.176077E-01	3.144528E-01	3.098003E-01	
466	6.098757E-01	3.055584E-01	3.040180E-01	
467	5.477619E-01	2.968264E-01	2.855938E-01	
468	5.842509E-01	3.099973E-01	3.166631E-01	
469	5.186499E-01	3.131428E-01	2.889364E-01	
470	6.288912E-01	3.505234E-01	3.405551E-01	
471	5.407113E-01	3.097570E-01	3.117364E-01	
472	6.663932E-01	3.392095E-01	3.383286E-01	
473	2.899507E-01	3.111089E-01	3.212257E-01	
474	5.404992E-01	3.238834E-01	3.220834E-01	
475	2.553006E-01	3.345855E-01	3.232164E-01	
476	4.704356E-01	3.316537E-01	3.180951E-01	
477	6.227524E-01	3.538983E-01	3.801057E-01	
478	5.474483E-01	3.366499E-01	3.078294E-01	
479	6.609859E-01	3.677130E-01	3.883171E-01	
480	4.420903E-01	3.174117E-01	3.105595E-01	
481	4.688883E-01	3.697379E-01	3.536216E-01	
482	5.741417E-01	3.357100E-01	3.225851E-01	
483	4.929145E-01	3.567306E-01	3.660223E-01	
484	7.851267E-01	4.217931E-01	4.025095E-01	
485	5.029797E-01	3.583498E-01	3.198842E-01	
486	6.785221E-01	4.617450E-01	4.316347E-01	
487	4.326586E-01	3.626692E-01	3.239454E-01	
488	0	4.356909E-01	4.200327E-01	
489	7.035937E-01	3.612448E-01	3.218654E-01	
490	4.839831E-01	4.068339E-01	4.144319E-01	
491	4.757099E-01	4.473633E-01	3.876520E-01	
492	6.919430E-01	4.194190E-01	3.732986E-01	
493	0	3.903489E-01	4.488330E-01	
494	5.718782E-01	4.152851E-01	3.527536E-01	
495	0	4.120919E-01	4.218195E-01	
496	7.127628E-01	4.076866E-01	3.811801E-01	
497	2.150477E-01	4.823037E-01	4.576232E-01	
498	7.962208E-01	3.749980E-01	4.071845E-01	
499	6.119956E-01	4.563635E-01	4.434803E-01	
500	0	0	0	
501	7.335284E-01	4.139032E-01	4.408181E-01	
502	0	0	0	
503	5.911049E-01	4.044386E-01	4.722532E-01	
504	0	0	0	
505	0	4.728029E-01	4.756033E-01	
506	0	5.274332E-01	5.639673E-01	
507	0	0	0	
508	0	5.434906E-01	5.336611E-01	
509	0	0	0	
510	0	6.586095E-01	5.710825E-01	
511	0	0	0	
512	0	6.969633E-01	6.192881E-01	
513	0	0	0	
514	0	0	0	
515	0	9.557129E-01	7.033387E-01	
516	0	0	0	
517	0	7.359966E-01	7.614389E-01	
518	0	0	0	
519	0	0	0	
520	0	0	0	
521	0	0	0	
522	0	0	0	
523	0	0	0	
524	0	0	0	
525	0	0	0	
526	0	0	0	
527	0	0	0	
528	0	0	0	
529	0	0	0	
530	0	0	0	
531	0	0	0	
532	0	0	0	
533	0	0	0	
534	0	0	0	
535	0	0	0	
536	0	0	0	
537	0	0	0	
538	0	0	0	
539	0	0	0	
540	0	0	0	
541	0	0	0	
542	0	0	0	
543	0	0	0	
544	0	0	0	
545	0	0	0	
546	0	0	0	
547	0	0	0	
548	0	0	0	
549	0	0	0	
550	0	0	0	
551	0	0	0	
552	0	0	0	
553	0	0	0	
554	0	0	0	
555	0	0	0	
556	0	0	0	
557	0	0	0	
558	0	0	0	
559	0	0	0	
560	0	0	0	
561	0	0	0	
562	0	0	0	
563	0	0	0	
564	0	0	0	
565	0	0	0	
566	0	0	0	
567	0	0	0	
568	0	0	0	
569	0	0	0	
570	0	0	0	
571	0	0	0	
572	0	0	0	
573	0	0	0	
574	0	0	0	
575	0	0	0	
576	0	0	0	
577	0	0	0	
578	0	0	0	
579	0	0	0	
580	0	0	0	
581	0	0	0	
582	0	0	0	
583	0	0	0	
584	0	0	0	
585	0	0	0	
586	0	0	0	
587	0	0	0	
588	0	0	0	
589	0	0	0	
590	0	0	0	
591	0	0	0	
592	0	0	0	
593	0	0	0	
594	0	0	0	
595	0	0	0	
596	0	0	0	
597	0	0	0	
598	0	0	0	
599	0	0	0	
#NewRun
0	0	0	0	
1	0	0	0	
2	0	0	0	
3	0	0	0	
4	3.222731E-01	3.501034E-01	3.341788E-01	
5	3.380165E-01	3.408809E-01	3.259345E-01	
6	3.512596E-01	3.260813E-01	3.354328E-01	
7	0	0	0	
8	3.373275E-01	3.206967E-01	3.206825E-01	
9	3.366750E-01	3.229316E-01	3.211286E-01	
10	0	0	0	
11	3.458594E-01	3.396808E-01	3.221713E-01	
12	3.432801E-01	3.254816E-01	3.311597E-01	
13	3.400053E-01	3.267487E-01	3.292613E-01	
14	3.433309E-01	3.222915E-01	3.125132E-01	
15	0	0	0	
16	3.461904E-01	3.107775E-01	3.218582E-01	
17	3.343766E-01	3.182844E-01	3.217055E-01	
18	3.393030E-01	3.185524E-01	3.277827E-01	
19	3.398585E-01	3.256676E-01	3.169115E-01	
20	3.400437E-01	3.185741E-01	3.299958E-01	
21	3.333185E-01	3.219290E-01	3.304797E-01	
22	3.362119E-01	3.230801E-01	3.311762E-01	
23	3.332113E-01	3.213913E-01	3.332234E-01	
24	3.349362E-01	3.186743E-01	3.295735E-01	
25	3.274149E-01	3.299105E-01	3.305529E-01	
26	3.326479E-01	3.266372E-01	3.346944E-01	
27	3.293809E-01	3.333388E-01	3.414066E-01	
28	3.304359E-01	3.287133E-01	3.339643E-01	
29	3.293297E-01	3.300070E-01	3.371436E-01	
30	3.285854E-01	3.363437E-01	3.352596E-01	
31	3.293115E-01	3.279614E-01	3.305760E-01	
32	3.285798E-01	3.274826E-01	3.393682E-01	
33	3.320534E-01	3.312951E-01	3.317534E-01	
34	3.286393E-01	3.334503E-01	3.334507E-01	
35	3.295372E-01	3.346801E-01	3.311553E-01	
36	3.275150E-01	3.319008E-01	3.361496E-01	
37	3.277330E-01	3.281177E-01	3.325080E-01	
38	3.256070E-01	3.354641E-01	3.345501E-01	
39	3.203640E-01	3.329673E-01	3.350594E-01	
40	3.224543E-01	3.300986E-01	3.358194E-01	
41	3.217028E-01	3.337845E-01	3.291896E-01	
42	3.231634E-01	3.341603E-01	3.357801E-01	
43	3.214833E-01	3.309882E-01	3.326385E-01	
44	3.263076E-01	3.293453E-01	3.293822E-01	
45	3.225933E-01	3.293676E-01	3.316306E-01	
46	3.232777E-01	3.358724E-01	3.292001E-01	
47	3.255448E-01	3.301245E-01	3.303198E-01	
48	3.254622E-01	3.289093E-01	3.311200E-01	
49	3.227107E-01	3.320775E-01	3.300993E-01	
50	3.219375E-01	3.298973E-01	3.274660E-01	
51	3.215041E-01	3.340915E-01	3.268638E-01	
52	3.222796E-01	3.341680E-01	3.299716E-01	
53	3.240022E-01	3.338213E-01	3.271656E-01	
54	3.238891E-01	3.360603E-01	3.239742E-01	
55	3.241080E-01	3.346080E-01	3.250507E-01	
56	3.223158E-01	3.330759E-01	3.252914E-01	
57	3.223555E-01	3.338445E-01	3.236252E-01	
58	3.198556E-01	3.348619E-01	3.262134E-01	
59	3.214771E-01	3.342334E-01	3.222570E-01	
60	3.222500E-01	3.339944E-01	3.242624E-01	
61	3.214005E-01	3.309241E-01	3.233518E-01	
62	3.220874E-01	3.303435E-01	3.222264E-01	
63	3.224673E-01	3.319561E-01	3.227549E-01	
64	3.233500E-01	3.303664E-01	3.228982E-01	
65	3.211886E-01	3.306794E-01	3.211929E-01	
66	3.232353E-01	3.304063E-01	3.220424E-01	
67	3.232614E-01	3.316867E-01	3.264140E-01	
68	3.223940E-01	3.306939E-01	3.225687E-01	
69	3.214128E-01	3.270226E-01	3.229590E-01	
70	3.211015E-01	3.300254E-01	3.248038E-01	
71	3.219744E-01	3.290835E-01	3.195508E-01	
72	3.205917E-01	3.275685E-01	3.234206E-01	
73	3.190152E-01	3.272224E-01	3.223233E-01	
74	3.197555E-01	3.270774E-01	3.229578E-01	
75	3.168882E-01	3.257462E-01	3.261884E-01	
76	3.174310E-01	3.238828E-01	3.221397E-01	
77	3.181869E-01	3.240609E-01	3.216258E-01	
78	3.170425E-01	3.237974E-01	3.232001E-01	
79	3.173742E-01	3.240781E-01	3.229238E-01	
80	3.161293E-01	3.228998E-01	3.202538E-01	
81	3.142139E-01	3.243611E-01	3.236703E-01	
82	3.168115E-01	3.243668E-01	3.213042E-01	
83	3.154733E-01	3.222261E-01	3.218431E-01	
84	3.137991E-01	3.227701E-01	3.201924E-01	
85	3.160216E-01	3.250629E-01	3.196979E-01	
86	3.136161E-01	3.217786E-01	3.188445E-01	
87	3.139827E-01	3.224373E-01	3.193290E-01	
88	3.138309E-01	3.208804E-01	3.192452E-01	
89	3.124628E-01	3.197767E-01	3.183925E-01	
90	3.131177E-01	3.207208E-01	3.196604E-01	
91	3.134658E-01	3.179569E-01	3.194112E-01	
92	3.133906E-01	3.183712E-01	3.194266E-01	
93	3.135035E-01	3.192290E-01	3.176132E-01	
94	3.150680E-01	3.186610E-01	3.188398E-01	
95	3.134824E-01	3.175830E-01	3.177990E-01	
96	3.157003E-01	3.198475E-01	3.176478E-01	
97	3.158333E-01	3.173411E-01	3.181731E-01	
98	3.141311E-01	3.191505E-01	3.185903E-01	
99	3.157534E-01	3.204998E-01	3.205465E-01	
100	3.145853E-01	3.199359E-01	3.178341E-01	
101	3.152626E-01	3.198001E-01	3.178290E-01	
102	3.181397E-01	3.204974E-01	3.180713E-01	
103	3.167892E-01	3.230687E-01	3.179248E-01	
104	3.164993E-01	3.215904E-01	3.153602E-01	
105	3.190955E-01	3.211608E-01	3.188203E-01	
106	3.180304E-01	3.212104E-01	3.178469E-01	
107	3.192790E-01	3.222463E-01	3.177176E-01	
108	3.185191E-01	3.229079E-01	3.184981E-01	
109	3.207309E-01	3.236220E-01	3.193006E-01	
110	3.206098E-01	3.221990E-01	3.206347E-01	
111	3.206424E-01	3.222991E-01	3.196856E-01	
112	3.226411E-01	3.240628E-01	3.205434E-01	
113	3.249164E-01	3.241284E-01	3.213276E-01	
114	3.267448E-01	3.259925E-01	3.210233E-01	
115	3.260681E-01	3.261125E-01	3.226048E-01	
116	3.281696E-01	3.233836E-01	3.220175E-01	
117	3.290723E-01	3.254366E-01	3.238165E-01	
118	3.311014E-01	3.259031E-01	3.242557E-01	
119	3.339629E-01	3.251696E-01	3.256822E-01	
120	3.331831E-01	3.261369E-01	3.260483E-01	
121	3.362571E-01	3.282519E-01	3.253905E-01	
122	3.375101E-01	3.271312E-01	3.277998E-01	
123	3.399224E-01	3.278415E-01	3.285985E-01	
124	3.396056E-01	3.284372E-01	3.293987E-01	
125	3.418830E-01	3.301757E-01	3.300837E-01	
126	3.431830E-01	3.316228E-01	3.309952E-01	
127	3.453841E-01	3.322442E-01	3.330314E-01	
128	3.465057E-01	3.320022E-01	3.339845E-01	
129	3.485355E-01	3.325913E-01	3.354727E-01	
130	3.519410E-01	3.352426E-01	3.382826E-01	
131	3.518844E-01	3.381546E-01	3.380035E-01	
132	3.551928E-01	3.357499E-01	3.393460E-01	
133	3.581343E-01	3.381039E-01	3.414082E-01	
134	3.588881E-01	3.403774E-01	3.428354E-01	
135	3.617694E-01	3.408587E-01	3.463530E-01	
136	3.636274E-01	3.391623E-01	3.469557E-01	
137	3.657351E-01	3.429727E-01	3.468911E-01	
138	3.668949E-01	3.412272E-01	3.485551E-01	
139	3.689008E-01	3.425394E-01	3.486835E-01	
140	3.701455E-01	3.458290E-01	3.521382E-01	
141	3.724867E-01	3.463380E-01	3.531502E-01	
142	3.764066E-01	3.473913E-01	3.558107E-01	
143	3.773447E-01	3.480668E-01	3.569417E-01	
144	3.828862E-01	3.488501E-01	3.572195E-01	
145	3.843392E-01	3.501466E-01	3.599970E-01	
146	3.874100E-01	3.525231E-01	3.613982E-01	
147	3.884730E-01	3.530452E-01	3.625991E-01	
148	3.919265E-01	3.540161E-01	3.661436E-01	
149	3.966480E-01	3.556237E-01	3.663952E-01	
150	3.984555E-01	3.564700E-01	3.672085E-01	
151	4.003580E-01	3.569853E-01	3.692819E-01	
152	4.048118E-01	3.628195E-01	3.676545E-01	
153	4.062796E-01	3.638242E-01	3.709108E-01	
154	4.098173E-01	3.623490E-01	3.716014E-01	
155	4.114636E-01	3.641182E-01	3.742960E-01	
156	4.168870E-01	3.687907E-01	3.760374E-01	
157	4.195904E-01	3.688065E-01	3.770606E-01	
158	4.216827E-01	3.729921E-01	3.789772E-01	
159	4.240008E-01	3.742613E-01	3.826642E-01	
160	4.268486E-01	3.756600E-01	3.834598E-01	
161	4.326652E-01	3.794511E-01	3.869405E-01	
162	4.312683E-01	3.784499E-01	3.891663E-01	
163	4.378699E-01	3.798291E-01	3.893012E-01	
164	4.393830E-01	3.829087E-01	3.942271E-01	
165	4.452585E-01	3.829269E-01	3.928324E-01	
166	4.482579E-01	3.853449E-01	3.965544E-01	
167	4.477702E-01	3.890594E-01	3.953018E-01	
168	4.536231E-01	3.886561E-01	3.997986E-01	
169	4.529403E-01	3.888752E-01	3.993745E-01	
170	4.600205E-01	3.913456E-01	3.987351E-01	
171	4.641142E-01	3.935132E-01	4.012290E-01	
172	4.603909E-01	3.950441E-01	4.027268E-01	
173	4.680899E-01	3.941183E-01	4.046995E-01	
174	4.706663E-01	3.978550E-01	4.048081E-01	
175	4.731199E-01	3.993997E-01	4.091156E-01	
176	4.755076E-01	3.990006E-01	4.081500E-01	
177	4.814445E-01	4.014643E-01	4.106127E-01	
178	4.835524E-01	4.047032E-01	4.105964E-01	
179	4.849183E-01	4.055663E-01	4.124260E-01	
180	4.897612E-01	4.050924E-01	4.156647E-01	
181	4.915884E-01	4.031697E-01	4.129023E-01	
182	4.933010E-01	4.098028E-01	4.137956E-01	
183	5.011654E-01	4.117860E-01	4.158894E-01	
184	4.981144E-01	4.115922E-01	4.174858E-01	
185	5.051953E-01	4.106494E-01	4.189989E-01	
186	5.035659E-01	4.153175E-01	4.160962E-01	
187	5.122208E-01	4.123946E-01	4.185567E-01	
188	5.109296E-01	4.160773E-01	4.185483E-01	
189	5.169609E-01	4.156371E-01	4.197794E-01	
190	5.223372E-01	4.161346E-01	4.180871E-01	
191	5.187231E-01	4.180020E-01	4.180874E-01	
192	5.282734E-01	4.193403E-01	4.208827E-01	
193	5.270555E-01	4.220294E-01	4.184408E-01	
194	5.311709E-01	4.209393E-01	4.219241E-01	
195	5.361397E-01	4.210299E-01	4.260508E-01	
196	5.359430E-01	4.201271E-01	4.211230E-01	
197	5.404438E-01	4.231265E-01	4.235459E-01	
198	5.407624E-01	4.262020E-01	4.247984E-01	
199	5.421236E-01	4.249935E-01	4.244356E-01	
200	5.523690E-01	4.240163E-01	4.250776E-01	
201	5.513627E-01	4.222125E-01	4.207730E-01	
202	5.521871E-01	4.227698E-01	4.234440E-01	
203	5.611377E-01	4.209216E-01	4.249622E-01	
204	5.558370E-01	4.267229E-01	4.244880E-01	
205	5.639354E-01	4.196207E-01	4.208419E-01	
206	5.612562E-01	4.223262E-01	4.202065E-01	
207	5.657950E-01	4.199638E-01	4.225935E-01	
208	5.660711E-01	4.204069E-01	4.215838E-01	
209	5.619576E-01	4.186731E-01	4.198353E-01	
210	5.655051E-01	4.173076E-01	4.197207E-01	
211	5.610478E-01	4.171667E-01	4.171052E-01	
212	5.637255E-01	4.143300E-01	4.208992E-01	
213	5.587997E-01	4.096445E-01	4.133289E-01	
214	5.678971E-01	4.096411E-01	4.142576E-01	
215	5.641694E-01	4.110197E-01	4.102043E-01	
216	5.615737E-01	4.089401E-01	4.098852E-01	
217	5.564064E-01	4.114287E-01	4.033828E-01	
218	5.640589E-01	4.098660E-01	4.067889E-01	
219	5.655963E-01	4.084663E-01	4.040498E-01	
220	5.681454E-01	4.028893E-01	4.030744E-01	
221	5.738816E-01	4.036557E-01	4.002880E-01	
222	5.677244E-01	4.061694E-01	4.002125E-01	
223	5.730014E-01	4.070748E-01	3.983789E-01	
224	5.673736E-01	3.984836E-01	3.979724E-01	
225	5.619750E-01	4.006414E-01	3.977192E-01	
226	5.715497E-01	4.031498E-01	3.940078E-01	
227	5.769398E-01	4.036846E-01	3.953963E-01	
228	5.728765E-01	3.956614E-01	3.940907E-01	
229	5.750141E-01	4.005099E-01	3.904646E-01	
230	5.755516E-01	4.008025E-01	3.853148E-01	
231	5.747813E-01	3.955265E-01	3.876393E-01	
232	5.834614E-01	3.944572E-01	3.865041E-01	
233	5.688289E-01	3.918424E-01	3.845411E-01	
234	5.688317E-01	3.872543E-01	3.835561E-01	
235	5.802456E-01	3.885037E-01	3.811700E-01	
236	5.573083E-01	3.870696E-01	3.818517E-01	
237	5.734347E-01	3.817454E-01	3.809635E-01	
238	5.693664E-01	3.820509E-01	3.722551E-01	
239	5.653714E-01	3.757288E-01	3.743593E-01	
240	5.634384E-01	3.743322E-01	3.729220E-01	
241	5.600982E-01	3.771246E-01	3.697123E-01	
242	5.688501E-01	3.720476E-01	3.661460E-01	
243	5.507172E-01	3.713786E-01	3.619002E-01	
244	5.598410E-01	3.680239E-01	3.655329E-01	
245	5.420536E-01	3.649442E-01	3.606812E-01	
246	5.435246E-01	3.685234E-01	3.599591E-01	
247	5.405656E-01	3.638128E-01	3.578227E-01	
248	5.357648E-01	3.613037E-01	3.603819E-01	
249	5.350877E-01	3.575653E-01	3.555100E-01	
250	5.287373E-01	3.553681E-01	3.547250E-01	
251	5.191182E-01	3.567688E-01	3.511511E-01	
252	5.256692E-01	3.500447E-01	3.528513E-01	
253	5.366552E-01	3.502966E-01	3.505654E-01	
254	5.213693E-01	3.482953E-01	3.426064E-01	
255	5.123620E-01	3.460947E-01	3.399252E-01	
256	5.219291E-01	3.453800E-01	3.433624E-01	
257	5.175103E-01	3.451375E-01	3.438747E-01	
258	5.107840E-01	3.464815E-01	3.404835E-01	
259	5.027801E-01	3.444042E-01	3.394469E-01	
260	4.931374E-01	3.393933E-01	3.381122E-01	
261	4.676873E-01	3.396985E-01	3.321023E-01	
262	4.584372E-01	3.376187E-01	3.350337E-01	
263	4.923121E-01	3.384952E-01	3.337217E-01	
264	4.560176E-01	3.315525E-01	3.304177E-01	
265	4.598188E-01	3.324498E-01	3.293973E-01	
266	4.681509E-01	3.372505E-01	3.306322E-01	
267	4.647797E-01	3.306193E-01	3.268683E-01	
268	4.652605E-01	3.244616E-01	3.262224E-01	
269	4.621748E-01	3.307446E-01	3.235877E-01	
270	4.757247E-01	3.237906E-01	3.258296E-01	
271	4.521949E-01	3.265566E-01	3.249304E-01	
272	4.754457E-01	3.248504E-01	3.221978E-01	
273	4.516806E-01	3.196570E-01	3.194892E-01	
274	4.686076E-01	3.221432E-01	3.207072E-01	
275	4.597548E-01	3.215837E-01	3.250158E-01	
276	4.498497E-01	3.149548E-01	3.172373E-01	
277	4.427976E-01	3.146690E-01	3.156738E-01	
278	4.412466E-01	3.123228E-01	3.128259E-01	
279	4.393579E-01	3.165312E-01	3.121946E-01	
280	4.082485E-01	3.111056E-01	3.113614E-01	
281	4.254280E-01	3.117506E-01	3.091938E-01	
282	4.072843E-01	3.080809E-01	3.093362E-01	
283	4.142214E-01	3.097431E-01	3.118801E-01	
284	4.143710E-01	3.096749E-01	3.035353E-01	
285	4.002422E-01	3.071147E-01	3.027958E-01	
286	4.173283E-01	3.068162E-01	3.101246E-01	
287	4.150907E-01	3.020966E-01	3.067836E-01	
288	3.904494E-01	3.042848E-01	3.017792E-01	
289	4.098765E-01	3.048934E-01	3.030788E-01	
290	3.879513E-01	2.985783E-01	2.991074E-01	
291	4.019506E-01	3.053736E-01	3.042717E-01	
292	3.961059E-01	2.999392E-01	2.962198E-01	
293	3.950031E-01	3.034727E-01	3.002505E-01	
294	3.918468E-01	3.005811E-01	2.985067E-01	
295	3.702865E-01	2.970247E-01	3.011334E-01	
296	3.625587E-01	2.978969E-01	2.956148E-01	
297	3.759861E-01	2.991352E-01	2.975077E-01	
298	3.852940E-01	3.001220E-01	2.946232E-01	
299	3.512156E-01	2.950032E-01	2.961645E-01	
300	3.541403E-01	2.994341E-01	2.989464E-01	
301	3.451690E-01	2.976493E-01	2.942748E-01	
302	3.337875E-01	2.947122E-01	2.922827E-01	
303	3.504292E-01	2.965400E-01	2.975621E-01	
304	3.204296E-01	2.923483E-01	2.940238E-01	
305	3.292078E-01	2.939544E-01	2.934572E-01	
306	3.164650E-01	2.896896E-01	2.936192E-01	
307	3.236442E-01	2.930392E-01	2.908028E-01	
308	3.032233E-01	2.911932E-01	2.909436E-01	
309	3.167162E-01	2.902593E-01	2.926602E-01	
310	3.193238E-01	2.957863E-01	2.894312E-01	
311	3.078312E-01	2.891841E-01	2.951163E-01	
312	3.045262E-01	2.930662E-01	2.900113E-01	
313	3.054172E-01	2.916100E-01	2.901217E-01	
314	3.051309E-01	2.942559E-01	2.957689E-01	
315	2.952411E-01	2.893675E-01	2.885860E-01	
316	3.078971E-01	2.945309E-01	2.929318E-01	
317	3.082824E-01	2.928825E-01	2.933879E-01	
318	3.232894E-01	2.938023E-01	2.911415E-01	
319	3.184211E-01	2.944506E-01	2.905128E-01	
320	3.207300E-01	2.949282E-01	2.915487E-01	
321	3.142447E-01	2.959665E-01	2.967712E-01	
322	3.003978E-01	2.887707E-01	2.934527E-01	
323	3.136515E-01	2.959405E-01	2.952779E-01	
324	2.998550E-01	2.936553E-01	2.930499E-01	
325	3.044989E-01	2.941117E-01	2.966004E-01	
326	2.978919E-01	2.927690E-01	2.953274E-01	
327	2.912308E-01	2.914968E-01	2.907495E-01	
328	3.124003E-01	2.962936E-01	2.979922E-01	
329	2.871030E-01	2.919494E-01	2.958123E-01	
330	2.853827E-01	2.858719E-01	2.964974E-01	
331	3.192292E-01	2.902855E-01	2.949599E-01	
332	2.968747E-01	2.895729E-01	2.913669E-01	
333	3.211056E-01	2.860244E-01	2.903351E-01	
334	3.133851E-01	2.898888E-01	2.895485E-01	
335	3.141840E-01	2.872940E-01	2.908151E-01	
336	3.193872E-01	2.892015E-01	2.893936E-01	
337	3.275137E-01	2.865136E-01	2.896619E-01	
338	3.110481E-01	2.844101E-01	2.864403E-01	
339	3.051538E-01	2.863572E-01	2.925398E-01	
340	2.980516E-01	2.875923E-01	2.883081E-01	
341	3.066524E-01	2.869981E-01	2.831928E-01	
342	2.951846E-01	2.858953E-01	2.854917E-01	
343	2.949989E-01	2.880183E-01	2.842486E-01	
344	2.809147E-01	2.867782E-01	2.870007E-01	
345	3.011823E-01	2.861911E-01	2.866651E-01	
346	2.995411E-01	2.860216E-01	2.863041E-01	
347	2.768161E-01	2.855617E-01	2.845018E-01	
348	2.860590E-01	2.866479E-01	2.844096E-01	
349	2.755795E-01	2.854923E-01	2.843454E-01	
350	2.822467E-01	2.863212E-01	2.860429E-01	
351	2.706184E-01	2.825279E-01	2.901615E-01	
352	2.660071E-01	2.846245E-01	2.872162E-01	
353	2.873009E-01	2.875926E-01	2.845256E-01	
354	2.781830E-01	2.868348E-01	2.834175E-01	
355	2.659930E-01	2.887965E-01	2.892108E-01	
356	2.868411E-01	2.889630E-01	2.879449E-01	
357	2.801874E-01	2.887201E-01	2.875970E-01	
358	2.705775E-01	2.848175E-01	2.853398E-01	
359	2.834084E-01	2.890121E-01	2.826546E-01	
360	2.898588E-01	2.819152E-01	2.822934E-01	
361	2.775495E-01	2.850705E-01	2.794116E-01	
362	2.782897E-01	2.858468E-01	2.843741E-01	
363	2.964482E-01	2.815578E-01	2.834903E-01	
364	2.726086E-01	2.794149E-01	2.851713E-01	
365	2.857696E-01	2.833429E-01	2.846602E-01	
366	2.654371E-01	2.802587E-01	2.840145E-01	
367	2.664041E-01	2.852705E-01	2.862164E-01	
368	2.566899E-01	2.840637E-01	2.815365E-01	
369	2.548455E-01	2.842136E-01	2.872070E-01	
370	2.611270E-01	2.838748E-01	2.837369E-01	
371	2.811961E-01	2.814916E-01	2.857323E-01	
372	2.562829E-01	2.851456E-01	2.850223E-01	
373	2.756985E-01	2.846377E-01	2.842561E-01	
374	2.741195E-01	2.865762E-01	2.835251E-01	
375	2.473452E-01	2.842818E-01	2.825056E-01	
376	2.696372E-01	2.875950E-01	2.845869E-01	
377	2.485644E-01	2.851954E-01	2.839363E-01	
378	2.504461E-01	2.851943E-01	2.792898E-01	
379	2.642530E-01	2.813439E-01	2.805605E-01	
380	2.357708E-01	2.842215E-01	2.844137E-01	
381	2.366753E-01	2.846526E-01	2.831505E-01	
382	2.405566E-01	2.824082E-01	2.785837E-01	
383	2.434871E-01	2.832060E-01	2.838052E-01	
384	2.409196E-01	2.813803E-01	2.844147E-01	
385	2.570996E-01	2.831202E-01	2.792317E-01	
386	2.505082E-01	2.854358E-01	2.840564E-01	
387	2.467616E-01	2.786990E-01	2.790556E-01	
388	2.791161E-01	2.806107E-01	2.815906E-01	
389	2.507291E-01	2.850788E-01	2.809548E-01	
390	2.638028E-01	2.820128E-01	2.775997E-01	
391	2.601632E-01	2.789328E-01	2.790717E-01	
392	2.732627E-01	2.854836E-01	2.783288E-01	
393	2.596373E-01	2.791333E-01	2.797807E-01	
394	2.807281E-01	2.831662E-01	2.762043E-01	
395	2.635880E-01	2.896816E-01	2.772653E-01	
396	2.718384E-01	2.768975E-01	2.738528E-01	
397	2.619079E-01	2.827576E-01	2.808827E-01	
398	2.858806E-01	2.809516E-01	2.759543E-01	
399	2.980307E-01	2.760503E-01	2.773898E-01	
400	3.053186E-01	2.839983E-01	2.860543E-01	
401	2.851379E-01	2.819290E-01	2.757921E-01	
402	3.080355E-01	2.899343E-01	2.819103E-01	
403	3.141171E-01	2.841508E-01	2.769839E-01	
404	3.245766E-01	2.837382E-01	2.849118E-01	
405	3.171318E-01	2.879825E-01	2.831861E-01	
406	2.972208E-01	2.850428E-01	2.807993E-01	
407	3.329921E-01	2.909426E-01	2.867928E-01	
408	3.116726E-01	2.925017E-01	2.865421E-01	
409	3.122122E-01	2.836003E-01	2.843971E-01	
410	3.347212E-01	2.934001E-01	2.898013E-01	
411	3.664217E-01	2.913681E-01	2.830376E-01	
412	3.440785E-01	2.867506E-01	2.830573E-01	
413	3.307642E-01	2.886631E-01	2.927506E-01	
414	3.499797E-01	2.854545E-01	2.848359E-01	
415	3.598839E-01	2.944181E-01	3.000363E-01	
416	3.138079E-01	2.906194E-01	2.945376E-01	
417	3.103920E-01	2.920156E-01	2.925250E-01	
418	2.995360E-01	2.972832E-01	2.971150E-01	
419	3.417211E-01	2.937180E-01	2.972314E-01	
420	3.145747E-01	2.919801E-01	2.995677E-01	
421	3.326721E-01	2.929336E-01	2.985434E-01	
422	2.792278E-01	2.977429E-01	2.950833E-01	
423	3.498602E-01	2.908066E-01	2.954306E-01	
424	3.133139E-01	2.978559E-01	2.971099E-01	
425	3.222100E-01	2.930137E-01	2.951628E-01	
426	3.442023E-01	2.989136E-01	2.977298E-01	
427	3.058078E-01	2.914800E-01	2.967120E-01	
428	3.363163E-01	2.840109E-01	3.026612E-01	
429	3.023573E-01	2.890885E-01	2.934709E-01	
430	3.390742E-01	2.832472E-01	3.016329E-01	
431	3.556834E-01	2.901116E-01	3.024292E-01	
432	3.306467E-01	2.899553E-01	2.918534E-01	
433	3.619957E-01	2.862298E-01	2.957215E-01	
434	3.360071E-01	2.901152E-01	2.862973E-01	
435	3.533371E-01	2.827405E-01	2.965150E-01	
436	3.170168E-01	2.928210E-01	2.947789E-01	
437	3.422272E-01	2.916912E-01	2.888770E-01	
438	2.714914E-01	2.825799E-01	2.894662E-01	
439	3.114844E-01	2.867571E-01	2.882321E-01	
440	3.120335E-01	2.907065E-01	3.047225E-01	
441	3.230355E-01	2.979317E-01	2.908189E-01	
442	2.808293E-01	2.879929E-01	3.091941E-01	
443	2.032593E-01	2.810241E-01	2.809338E-01	
444	2.618110E-01	2.902626E-01	3.036741E-01	
445	2.406593E-01	2.876269E-01	3.022914E-01	
446	2.886990E-01	2.908387E-01	2.982223E-01	
447	2.789652E-01	2.970746E-01	2.995330E-01	
448	2.459406E-01	2.900034E-01	2.883427E-01	
449	2.265303E-01	2.891980E-01	3.027861E-01	
450	2.073215E-01	2.920595E-01	2.813105E-01	
451	2.203557E-01	2.900415E-01	2.918097E-01	
452	2.038936E-01	2.943335E-01	2.874748E-01	
453	2.275616E-01	2.871839E-01	2.952055E-01	
454	1.865406E-01	2.797606E-01	2.948701E-01	
455	2.186688E-01	2.950748E-01	2.901877E-01	
456	2.218132E-01	2.875771E-01	3.029850E-01	
457	2.132473E-01	2.865518E-01	3.021423E-01	
458	2.225088E-01	3.042883E-01	3.124672E-01	
459	2.422160E-01	2.964123E-01	3.005409E-01	
460	2.086603E-01	2.782793E-01	2.959208E-01	
461	2.372896E-01	3.009734E-01	3.070181E-01	
462	2.148227E-01	2.856475E-01	2.843708E-01	
463	2.869911E-01	3.044965E-01	3.150302E-01	
464	2.419901E-01	3.071010E-01	2.909583E-01	
465	2.615228E-01	3.090183E-01	3.074184E-01	
466	2.305514E-01	3.108457E-01	2.958379E-01	
467	2.831160E-01	3.064813E-01	3.242825E-01	
468	2.318487E-01	3.350645E-01	3.203391E-01	
469	2.456811E-01	3.126089E-01	3.023377E-01	
470	2.281556E-01	3.381805E-01	3.479844E-01	
471	2.822092E-01	3.028170E-01	2.973675E-01	
472	2.785477E-01	3.127462E-01	3.312398E-01	
473	2.798981E-01	3.042085E-01	3.069401E-01	
474	3.137760E-01	3.251857E-01	3.228679E-01	
475	2.700996E-01	3.022965E-01	3.217456E-01	
476	3.137976E-01	3.118502E-01	3.182662E-01	
477	3.447747E-01	3.567425E-01	3.776152E-01	
478	3.283352E-01	3.158120E-01	2.960060E-01	
479	2.810617E-01	3.418390E-01	3.380768E-01	
480	2.836402E-01	3.194175E-01	2.909910E-01	
481	3.577374E-01	3.159819E-01	3.174398E-01	
482	4.623372E-01	3.260822E-01	3.060747E-01	
483	2.962415E-01	3.360376E-01	3.152300E-01	
484	5.538145E-01	3.568589E-01	3.876589E-01	
485	2.828856E-01	3.113278E-01	3.141296E-01	
486	6.292516E-01	3.640253E-01	3.616655E-01	
487	3.467826E-01	3.378311E-01	3.070025E-01	
488	3.059733E-01	3.375436E-01	3.883932E-01	
489	3.715896E-01	3.520199E-01	2.949160E-01	
490	2.949800E-01	3.483219E-01	3.309501E-01	
491	2.767697E-01	3.687115E-01	2.699825E-01	
492	2.933627E-01	3.829784E-01	3.514025E-01	
493	1.543394E-01	4.581270E-01	4.744565E-01	
494	3.483399E-01	4.095131E-01	3.323394E-01	
495	2.021855E-01	3.969661E-01	4.287641E-01	
496	4.169087E-01	4.477162E-01	3.513324E-01	
497	3.008772E-01	4.648704E-01	4.087040E-01	
498	3.441187E-01	4.499782E-01	3.679286E-01	
499	4.064938E-01	4.172988E-01	3.994716E-01	
500	0	0	0	
501	3.861653E-01	4.597173E-01	4.147194E-01	
502	0	0	0	
503	3.952057E-01	5.028205E-01	4.498764E-01	
504	0	0	0	
505	4.352504E-01	5.286639E-01	4.611355E-01	
506	5.161738E-01	3.710327E-01	5.717928E-01	
507	0	0	0	
508	5.012414E-01	5.657523E-01	4.925554E-01	
509	0	0	0	
510	4.954401E-01	5.573056E-01	5.284555E-01	
511	0	0	0	
512	5.898697E-01	6.763551E-01	5.760551E-01	
513	0	0	0	
514	0	0	0	
515	4.459019E-01	7.082499E-01	5.978311E-01	
516	0	0	0	
517	0	8.956179E-01	6.943362E-01	
518	0	0	0	
519	0	0	7.126100E-01	
520	0	0	0	
521	0	0	0	
522	0	0	0	
523	0	0	0	
524	0	0	0	
525	0	0	0	
526	0	0	0	
527	0	0	0	
528	0	0	0	
529	0	0	0	
530	0	0	0	
531	0	0	0	
532	0	0	0	
533	0	0	0	
534	0	0	0	
535	0	0	0	
536	0	0	0	
537	0	0	0	
538	0	0	0	
539	0	0	0	
540	0	0	0	
541	0	0	0	
542	0	0	0	
543	0	0	0	
544	0	0	0	
545	0	0	0	
546	0	0	0	
547	0	0	0	
548	0	0	0	
549	0	0	0	
550	0	0	0	
551	0	0	0	
552	0	0	0	
553	0	0	0	
554	0	0	0	
555	0	0	0	
556	0	0	0	
557	0	0	0	
558	0	0	0	
559	0	0	0	
560	0	0	0	
561	0	0	0	
562	0	0	0	
563	0	0	0	
564	0	0	0	
565	0	0	0	
566	0	0	0	
567	0	0	0	
568	0	0	0	
569	0	0	0	
570	0	0	0	
571	0	0	0	
572	0	0	0	
573	0	0	0	
574	0	0	0	
575	0	0	0	
576	0	0	0	
577	0	0	0	
578	0	0	0	
579	0	0	0	
580	0	0	0	
581	0	0	0	
582	0	0	0	
583	0	0	0	
584	0	0	0	
585	0	0	0	
586	0	0	0	
587	0	0	0	
588	0	0	0	
589	0	0	0	
590	0	0	0	
591	0	0	0	
592	0	0	0	
593	0	0	0	
594	0	0	0	
595	0	0	0	
596	0	0	0	
597	0	0	0	
598	0	0	0	
599	0	0	0	
#NewRun
0	0	0	0	
1	0	0	0	
2	0	0	0	
3	0	0	0	
4	3.117838E-01	3.360024E-01	3.136573E-01	
5	3.225469E-01	3.379456E-01	3.293841E-01	
6	3.141714E-01	3.707699E-01	3.322956E-01	
7	0	0	0	
8	3.224469E-01	3.331640E-01	3.363491E-01	
9	3.178867E-01	3.380705E-01	3.366397E-01	
10	0	0	0	
11	3.240870E-01	3.471397E-01	3.472236E-01	
12	3.156502E-01	3.295113E-01	3.252800E-01	
13	3.192980E-01	3.355479E-01	3.247569E-01	
14	3.213768E-01	3.320135E-01	3.292637E-01	
15	0	0	0	
16	3.209547E-01	3.300927E-01	3.265329E-01	
17	3.328499E-01	3.391544E-01	3.124407E-01	
18	3.249029E-01	3.431972E-01	3.302075E-01	
19	3.315471E-01	3.356368E-01	3.316567E-01	
20	3.272661E-01	3.412013E-01	3.190019E-01	
21	3.297833E-01	3.345911E-01	3.195968E-01	
22	3.275834E-01	3.416680E-01	3.227813E-01	
23	3.305568E-01	3.445108E-01	3.194917E-01	
24	3.272646E-01	3.320463E-01	3.251997E-01	
25	3.306984E-01	3.470964E-01	3.190089E-01	
26	3.340031E-01	3.406875E-01	3.220231E-01	
27	3.308017E-01	3.353962E-01	3.149660E-01	
28	3.344853E-01	3.423365E-01	3.235610E-01	
29	3.357175E-01	3.461489E-01	3.272511E-01	
30	3.317767E-01	3.426391E-01	3.194074E-01	
31	3.366420E-01	3.411941E-01	3.248203E-01	
32	3.304065E-01	3.410060E-01	3.255948E-01	
33	3.330781E-01	3.423000E-01	3.179643E-01	
34	3.321818E-01	3.395177E-01	3.276733E-01	
35	3.309694E-01	3.437678E-01	3.238037E-01	
36	3.325692E-01	3.340275E-01	3.240276E-01	
37	3.281122E-01	3.361584E-01	3.242598E-01	
38	3.234063E-01	3.375044E-01	3.297665E-01	
39	3.279866E-01	3.375397E-01	3.251896E-01	
40	3.236213E-01	3.322101E-01	3.263700E-01	
41	3.225602E-01	3.397666E-01	3.268362E-01	
42	3.206401E-01	3.352462E-01	3.282769E-01	
43	3.191903E-01	3.324975E-01	3.259378E-01	
44	3.186090E-01	3.332628E-01	3.231666E-01	
45	3.197261E-01	3.309526E-01	3.274193E-01	
46	3.169537E-01	3.282375E-01	3.266757E-01	
47	3.184535E-01	3.317176E-01	3.239463E-01	
48	3.116691E-01	3.254484E-01	3.256345E-01	
49	3.130118E-01	3.291841E-01	3.289734E-01	
50	3.135580E-01	3.285185E-01	3.264681E-01	
51	3.152331E-01	3.265871E-01	3.268263E-01	
52	3.140221E-01	3.276202E-01	3.254067E-01	
53	3.150314E-01	3.258402E-01	3.273872E-01	
54	3.151470E-01	3.271771E-01	3.282477E-01	
55	3.143437E-01	3.280052E-01	3.270210E-01	
56	3.127322E-01	3.246632E-01	3.261336E-01	
57	3.170681E-01	3.245579E-01	3.292707E-01	
58	3.127263E-01	3.259541E-01	3.272079E-01	
59	3.167988E-01	3.193069E-01	3.247258E-01	
60	3.155449E-01	3.245199E-01	3.249157E-01	
61	3.148487E-01	3.226042E-01	3.268996E-01	
62	3.133851E-01	3.224114E-01	3.264715E-01	
63	3.130150E-01	3.239141E-01	3.272535E-01	
64	3.169451E-01	3.223826E-01	3.265774E-01	
65	3.145100E-01	3.213261E-01	3.253319E-01	
66	3.133850E-01	3.223515E-01	3.257878E-01	
67	3.143078E-01	3.230362E-01	3.273392E-01	
68	3.172955E-01	3.234022E-01	3.252991E-01	
69	3.124186E-01	3.236136E-01	3.272751E-01	
70	3.128436E-01	3.240691E-01	3.257190E-01	
71	3.142360E-01	3.220895E-01	3.245408E-01	
72	3.138329E-01	3.231984E-01	3.246367E-01	
73	3.122939E-01	3.218583E-01	3.249370E-01	
74	3.123574E-01	3.221000E-01	3.252398E-01	
75	3.118214E-01	3.224856E-01	3.233464E-01	
76	3.123422E-01	3.216254E-01	3.216992E-01	
77	3.126295E-01	3.210559E-01	3.223329E-01	
78	3.117503E-01	3.197761E-01	3.216215E-01	
79	3.113307E-01	3.194492E-01	3.217192E-01	
80	3.126569E-01	3.198996E-01	3.199442E-01	
81	3.142531E-01	3.179336E-01	3.210548E-01	
82	3.098889E-01	3.191863E-01	3.192809E-01	
83	3.110434E-01	3.166405E-01	3.168149E-01	
84	3.134338E-01	3.168488E-01	3.210785E-01	
85	3.103958E-01	3.178337E-01	3.181496E-01	
86	3.136518E-01	3.160388E-01	3.180166E-01	
87	3.126311E-01	3.166209E-01	3.212141E-01	
88	3.120520E-01	3.177752E-01	3.185827E-01	
89	3.157438E-01	3.151385E-01	3.182135E-01	
90	3.130407E-01	3.181972E-01	3.190261E-01	
91	3.141355E-01	3.162073E-01	3.209497E-01	
92	3.159539E-01	3.146246E-01	3.198546E-01	
93	3.149558E-01	3.153262E-01	3.189205E-01	
94	3.154516E-01	3.159222E-01	3.209163E-01	
95	3.150461E-01	3.150021E-01	3.199078E-01	
96	3.157546E-01	3.160448E-01	3.197694E-01	
97	3.174148E-01	3.151110E-01	3.189527E-01	
98	3.169614E-01	3.142304E-01	3.219051E-01	
99	3.165384E-01	3.151808E-01	3.201275E-01	
100	3.182784E-01	3.133796E-01	3.220274E-01	
101	3.181599E-01	3.147654E-01	3.212532E-01	
102	3.191701E-01	3.146110E-01	3.222118E-01	
103	3.218685E-01	3.138115E-01	3.222119E-01	
104	3.222333E-01	3.147893E-01	3.222923E-01	
105	3.218737E-01	3.142902E-01	3.232739E-01	
106	3.240128E-01	3.152469E-01	3.222355E-01	
107	3.246667E-01	3.148339E-01	3.216385E-01	
108	3.260916E-01	3.143503E-01	3.205308E-01	
109	3.262585E-01	3.163757E-01	3.229583E-01	
110	3.263813E-01	3.155845E-01	3.228434E-01	
111	3.274370E-01	3.169064E-01	3.254919E-01	
112	3.292133E-01	3.171674E-01	3.239420E-01	
113	3.285549E-01	3.168615E-01	3.242026E-01	
114	3.304062E-01	3.196022E-01	3.244311E-01	
115	3.297953E-01	3.197452E-01	3.255029E-01	
116	3.318045E-01	3.189541E-01	3.259855E-01	
117	3.321749E-01	3.209064E-01	3.259012E-01	
118	3.326672E-01	3.211404E-01	3.275386E-01	
119	3.341869E-01	3.209629E-01	3.266872E-01	
120	3.374079E-01	3.234384E-01	3.271268E-01	
121	3.376089E-01	3.236783E-01	3.264042E-01	
122	3.388071E-01	3.247038E-01	3.292497E-01	
123	3.408634E-01	3.247081E-01	3.289844E-01	
124	3.440090E-01	3.261967E-01	3.291540E-01	
125	3.452921E-01	3.274661E-01	3.308289E-01	
126	3.467218E-01	3.293030E-01	3.307653E-01	
127	3.491709E-01	3.302242E-01	3.313376E-01	
128	3.512385E-01	3.314732E-01	3.332510E-01	
129	3.526632E-01	3.301336E-01	3.326785E-01	
130	3.540512E-01	3.320128E-01	3.342054E-01	
131	3.554541E-01	3.346756E-01	3.360427E-01	
132	3.574120E-01	3.360560E-01	3.374248E-01	
133	3.609187E-01	3.362090E-01	3.368646E-01	
134	3.618041E-01	3.376123E-01	3.410239E-01	
135	3.627396E-01	3.376413E-01	3.414834E-01	
136	3.676858E-01	3.414241E-01	3.436956E-01	
137	3.674706E-01	3.414392E-01	3.464078E-01	
138	3.696310E-01	3.439205E-01	3.476592E-01	
139	3.718092E-01	3.431322E-01	3.478924E-01	
140	3.742941E-01	3.484892E-01	3.521019E-01	
141	3.772477E-01	3.484978E-01	3.520100E-01	
142	3.794386E-01	3.503094E-01	3.531482E-01	
143	3.820312E-01	3.534543E-01	3.550875E-01	
144	3.834532E-01	3.527975E-01	3.599905E-01	
145	3.857243E-01	3.562139E-01	3.588442E-01	
146	3.877861E-01	3.564730E-01	3.605368E-01	
147	3.925723E-01	3.590232E-01	3.602906E-01	
148	3.936660E-01	3.608356E-01	3.627214E-01	
149	3.964392E-01	3.626170E-01	3.655496E-01	
150	4.009338E-01	3.645500E-01	3.664659E-01	
151	4.019893E-01	3.665146E-01	3.682302E-01	
152	4.053871E-01	3.663350E-01	3.691570E-01	
153	4.083186E-01	3.690564E-01	3.712294E-01	
154	4.110028E-01	3.727961E-01	3.763911E-01	
155	4.125426E-01	3.738115E-01	3.747039E-01	
156	4.182135E-01	3.765240E-01	3.774858E-01	
157	4.209237E-01	3.790009E-01	3.800806E-01	
158	4.254055E-01	3.808158E-01	3.814261E-01	
159	4.263179E-01	3.850178E-01	3.815289E-01	
160	4.291397E-01	3.837333E-01	3.866058E-01	
161	4.326556E-01	3.861631E-01	3.858504E-01	
162	4.356601E-01	3.868928E-01	3.887818E-01	
163	4.384700E-01	3.906585E-01	3.922837E-01	
164	4.441351E-01	3.952487E-01	3.914865E-01	
165	4.473770E-01	3.949549E-01	3.929157E-01	
166	4.527484E-01	3.968990E-01	3.960213E-01	
167	4.555106E-01	3.988209E-01	3.959992E-01	
168	4.583807E-01	4.011887E-01	3.964283E-01	
169	4.644214E-01	4.031611E-01	3.984576E-01	
170	4.655208E-01	4.021596E-01	4.006105E-01	
171	4.704335E-01	4.060622E-01	4.016209E-01	
172	4.757786E-01	4.068919E-01	4.015213E-01	
173	4.814162E-01	4.075061E-01	4.045738E-01	
174	4.830622E-01	4.102560E-01	4.039300E-01	
175	4.883583E-01	4.122835E-01	4.083545E-01	
176	4.925045E-01	4.109481E-01	4.099985E-01	
177	4.940304E-01	4.157858E-01	4.114432E-01	
178	4.989089E-01	4.162484E-01	4.143921E-01	
179	5.029939E-01	4.191007E-01	4.147552E-01	
180	5.071784E-01	4.197006E-01	4.156306E-01	
181	5.093957E-01	4.217275E-01	4.141970E-01	
182	5.144604E-01	4.218017E-01	4.182158E-01	
183	5.163383E-01	4.226099E-01	4.203386E-01	
184	5.178232E-01	4.222734E-01	4.201272E-01	
185	5.230965E-01	4.232458E-01	4.225385E-01	
186	5.244285E-01	4.255205E-01	4.216985E-01	
187	5.272259E-01	4.242898E-01	4.221852E-01	
188	5.283940E-01	4.271913E-01	4.240644E-01	
189	5.290444E-01	4.239899E-01	4.208251E-01	
190	5.362523E-01	4.270762E-01	4.277180E-01	
191	5.369091E-01	4.267131E-01	4.270359E-01	
192	5.424846E-01	4.227888E-01	4.258564E-01	
193	5.409692E-01	4.260841E-01	4.245763E-01	
194	5.451979E-01	4.261872E-01	4.305525E-01	
195	5.490412E-01	4.248753E-01	4.267505E-01	
196	5.481495E-01	4.221811E-01	4.317021E-01	
197	5.498820E-01	4.261350E-01	4.270957E-01	
198	5.539510E-01	4.246577E-01	4.259521E-01	
199	5.551274E-01	4.258037E-01	4.248815E-01	
200	5.649804E-01	4.228723E-01	4.259302E-01	
201	5.613118E-01	4.245004E-01	4.260519E-01	
202	5.660809E-01	4.256950E-01	4.227599E-01	
203	5.598426E-01	4.193026E-01	4.257681E-01	
204	5.713927E-01	4.175163E-01	4.241425E-01	
205	5.677957E-01	4.134400E-01	4.199697E-01	
206	5.697958E-01	4.149977E-01	4.213762E-01	
207	5.705221E-01	4.134370E-01	4.212031E-01	
208	5.695289E-01	4.134846E-01	4.141289E-01	
209	5.706868E-01	4.086926E-01	4.187033E-01	
210	5.769494E-01	4.094760E-01	4.106978E-01	
211	5.679797E-01	4.065091E-01	4.157023E-01	
212	5.791281E-01	4.057121E-01	4.131347E-01	
213	5.715869E-01	4.012041E-01	4.163649E-01	
214	5.686541E-01	4.036988E-01	4.110548E-01	
215	5.742981E-01	3.980442E-01	4.101579E-01	
216	5.733116E-01	3.970392E-01	4.099967E-01	
217	5.611700E-01	3.948248E-01	4.089530E-01	
218	5.753914E-01	3.927953E-01	4.058112E-01	
219	5.660582E-01	3.908951E-01	4.077836E-01	
220	5.661495E-01	3.936963E-01	4.046621E-01	
221	5.654538E-01	3.911455E-01	3.989212E-01	
222	5.596432E-01	3.905175E-01	3.992668E-01	
223	5.599785E-01	3.879068E-01	3.986167E-01	
224	5.580177E-01	3.888335E-01	3.952517E-01	
225	5.538628E-01	3.868629E-01	3.943667E-01	
226	5.530431E-01	3.864653E-01	3.913766E-01	
227	5.575347E-01	3.812036E-01	3.882482E-01	
228	5.428693E-01	3.790836E-01	3.803025E-01	
229	5.497280E-01	3.757127E-01	3.852852E-01	
230	5.447740E-01	3.828539E-01	3.850328E-01	
231	5.443198E-01	3.752527E-01	3.841435E-01	
232	5.396804E-01	3.752183E-01	3.726286E-01	
233	5.459732E-01	3.724871E-01	3.746174E-01	
234	5.527759E-01	3.736344E-01	3.751541E-01	
235	5.387113E-01	3.710700E-01	3.767878E-01	
236	5.339813E-01	3.719235E-01	3.738437E-01	
237	5.376497E-01	3.719916E-01	3.706992E-01	
238	5.307666E-01	3.674087E-01	3.726407E-01	
239	5.372906E-01	3.669941E-01	3.718859E-01	
240	5.264537E-01	3.663745E-01	3.684718E-01	
241	5.292803E-01	3.611307E-01	3.672174E-01	
242	5.180585E-01	3.647282E-01	3.670629E-01	
243	5.091801E-01	3.622417E-01	3.662131E-01	
244	5.067240E-01	3.644565E-01	3.606351E-01	
245	5.037288E-01	3.551263E-01	3.574035E-01	
246	5.102228E-01	3.596407E-01	3.560111E-01	
247	4.949728E-01	3.527325E-01	3.547159E-01	
248	5.057521E-01	3.545479E-01	3.541871E-01	
249	4.921297E-01	3.558461E-01	3.499687E-01	
250	5.041183E-01	3.537515E-01	3.517215E-01	
251	4.883752E-01	3.498567E-01	3.452775E-01	
252	4.862769E-01	3.488363E-01	3.468993E-01	
253	4.787887E-01	3.476116E-01	3.424843E-01	
254	4.751701E-01	3.480881E-01	3.421543E-01	
255	4.629644E-01	3.440195E-01	3.400067E-01	
256	4.691429E-01	3.414786E-01	3.375004E-01	
257	4.574314E-01	3.391344E-01	3.356875E-01	
258	4.556556E-01	3.421311E-01	3.356016E-01	
259	4.504330E-01	3.393850E-01	3.326746E-01	
260	4.592359E-01	3.396012E-01	3.343674E-01	
261	4.451757E-01	3.385267E-01	3.281768E-01	
262	4.323898E-01	3.355787E-01	3.311081E-01	
263	4.505227E-01	3.348289E-01	3.288886E-01	
264	4.466298E-01	3.317424E-01	3.246598E-01	
265	4.387414E-01	3.239524E-01	3.217994E-01	
266	4.329343E-01	3.312322E-01	3.248470E-01	
267	4.099341E-01	3.258950E-01	3.241345E-01	
268	4.238175E-01	3.228692E-01	3.169854E-01	
269	4.249319E-01	3.234820E-01	3.184510E-01	
270	4.036792E-01	3.261355E-01	3.208787E-01	
271	4.249461E-01	3.189859E-01	3.158285E-01	
272	3.892027E-01	3.227887E-01	3.128932E-01	
273	4.063574E-01	3.239356E-01	3.137192E-01	
274	4.148868E-01	3.180645E-01	3.106503E-01	
275	3.906832E-01	3.219248E-01	3.113970E-01	
276	3.863403E-01	3.148685E-01	3.087965E-01	
277	3.823900E-01	3.133536E-01	3.052278E-01	
278	3.848095E-01	3.156603E-01	3.024533E-01	
279	3.747706E-01	3.113226E-01	3.094745E-01	
280	3.805619E-01	3.110783E-01	3.089786E-01	
281	3.694993E-01	3.073673E-01	3.009282E-01	
282	3.638613E-01	3.101724E-01	2.980761E-01	
283	3.729493E-01	3.097161E-01	3.024621E-01	
284	3.669848E-01	3.023518E-01	3.009676E-01	
285	3.596440E-01	3.047770E-01	2.987030E-01	
286	3.481267E-01	3.057020E-01	2.965929E-01	
287	3.579957E-01	3.050534E-01	2.998288E-01	
288	3.522201E-01	2.972574E-01	2.979817E-01	
289	3.519966E-01	3.026421E-01	2.995169E-01	
290	3.354218E-01	2.986302E-01	2.943224E-01	
291	3.402193E-01	2.983394E-01	2.971795E-01	
292	3.449863E-01	2.982237E-01	2.930021E-01	
293	3.506957E-01	2.991107E-01	2.958343E-01	
294	3.217772E-01	2.998284E-01	2.920604E-01	
295	3.330984E-01	2.946576E-01	2.938977E-01	
296	3.320571E-01	2.942957E-01	2.934562E-01	
297	3.351621E-01	2.945184E-01	2.922963E-01	
298	3.254613E-01	2.982655E-01	2.910478E-01	
299	3.209946E-01	2.931260E-01	2.914805E-01	
300	3.190803E-01	2.956459E-01	2.926844E-01	
301	3.266368E-01	2.972605E-01	2.889967E-01	
302	3.235774E-01	2.922223E-01	2.897826E-01	
303	3.108434E-01	2.958544E-01	2.875787E-01	
304	3.253448E-01	2.924181E-01	2.875143E-01	
305	3.195840E-01	2.977524E-01	2.878470E-01	
306	3.008947E-01	2.910183E-01	2.889862E-01	
307	2.999992E-01	2.889143E-01	2.864177E-01	
308	3.006799E-01	2.941281E-01	2.906228E-01	
309	2.995440E-01	2.936027E-01	2.891966E-01	
310	2.952686E-01	2.923311E-01	2.895922E-01	
311	3.067816E-01	2.890014E-01	2.880090E-01	
312	3.030866E-01	2.896804E-01	2.913590E-01	
313	2.803242E-01	2.836615E-01	2.886505E-01	
314	2.920141E-01	2.877776E-01	2.930268E-01	
315	2.945933E-01	2.908410E-01	2.886526E-01	
316	2.935161E-01	2.872850E-01	2.926265E-01	
317	3.028737E-01	2.902463E-01	2.878614E-01	
318	3.010025E-01	2.909022E-01	2.885222E-01	
319	2.927883E-01	2.896691E-01	2.878593E-01	
320	3.010107E-01	2.881053E-01	2.878673E-01	
321	2.916565E-01	2.919767E-01	2.943400E-01	
322	2.845797E-01	2.843949E-01	2.875782E-01	
323	2.903482E-01	2.871030E-01	2.903456E-01	
324	2.994377E-01	2.855411E-01	2.868966E-01	
325	2.995647E-01	2.900612E-01	2.879113E-01	
326	2.996715E-01	2.883719E-01	2.865318E-01	
327	2.938522E-01	2.859771E-01	2.872457E-01	
328	2.995237E-01	2.895070E-01	2.892550E-01	
329	2.794346E-01	2.896187E-01	2.901379E-01	
330	2.808340E-01	2.897992E-01	2.900861E-01	
331	2.797838E-01	2.912939E-01	2.854625E-01	
332	2.918833E-01	2.901039E-01	2.886352E-01	
333	2.852464E-01	2.858600E-01	2.875012E-01	
334	2.856365E-01	2.910114E-01	2.886892E-01	
335	2.801158E-01	2.853309E-01	2.832869E-01	
336	2.881880E-01	2.861587E-01	2.853802E-01	
337	3.005517E-01	2.888403E-01	2.893331E-01	
338	2.926943E-01	2.868450E-01	2.819956E-01	
339	2.965172E-01	2.888524E-01	2.881271E-01	
340	2.953421E-01	2.893415E-01	2.899580E-01	
341	3.141812E-01	2.891877E-01	2.879715E-01	
342	3.189645E-01	2.883121E-01	2.851977E-01	
343	3.067560E-01	2.903456E-01	2.904896E-01	
344	3.198577E-01	2.905559E-01	2.900614E-01	
345	3.020172E-01	2.869731E-01	2.860323E-01	
346	3.120146E-01	2.846771E-01	2.844012E-01	
347	3.281605E-01	2.875812E-01	2.863306E-01	
348	3.271347E-01	2.843215E-01	2.884967E-01	
349	3.178030E-01	2.884554E-01	2.853012E-01	
350	3.095108E-01	2.887936E-01	2.906340E-01	
351	3.268290E-01	2.864392E-01	2.839146E-01	
352	3.308020E-01	2.885960E-01	2.836670E-01	
353	3.240507E-01	2.827381E-01	2.841955E-01	
354	3.128734E-01	2.845050E-01	2.865113E-01	
355	3.329718E-01	2.865989E-01	2.859157E-01	
356	3.303425E-01	2.818468E-01	2.827143E-01	
357	3.325608E-01	2.828513E-01	2.857800E-01	
358	3.256789E-01	2.861658E-01	2.841426E-01	
359	3.254794E-01	2.822570E-01	2.837549E-01	
360	3.174013E-01	2.873219E-01	2.836802E-01	
361	3.100501E-01	2.831809E-01	2.851840E-01	
362	3.266591E-01	2.836608E-01	2.883637E-01	
363	2.977155E-01	2.868698E-01	2.825361E-01	
364	3.034767E-01	2.841725E-01	2.838726E-01	
365	3.018268E-01	2.862933E-01	2.826291E-01	
366	2.951387E-01	2.828041E-01	2.796618E-01	
367	2.976080E-01	2.860420E-01	2.879807E-01	
368	2.852517E-01	2.795704E-01	2.782643E-01	
369	2.985577E-01	2.856444E-01	2.820573E-01	
370	3.236912E-01	2.836609E-01	2.809490E-01	
371	2.776904E-01	2.811956E-01	2.786920E-01	
372	2.586795E-01	2.808451E-01	2.783332E-01	
373	2.720602E-01	2.850933E-01	2.797128E-01	
374	2.773128E-01	2.738480E-01	2.785223E-01	
375	2.659382E-01	2.820603E-01	2.761105E-01	
376	2.772929E-01	2.767169E-01	2.761232E-01	
377	2.684376E-01	2.784841E-01	2.773603E-01	
378	2.613958E-01	2.779432E-01	2.759594E-01	
379	2.687073E-01	2.782858E-01	2.742280E-01	
380	2.576617E-01	2.770601E-01	2.755591E-01	
381	2.883548E-01	2.802732E-01	2.804966E-01	
382	2.569114E-01	2.751939E-01	2.697801E-01	
383	2.638095E-01	2.797661E-01	2.793831E-01	
384	2.672277E-01	2.831566E-01	2.751872E-01	
385	2.503144E-01	2.793425E-01	2.752292E-01	
386	2.677624E-01	2.796274E-01	2.817757E-01	
387	2.541699E-01	2.768073E-01	2.798826E-01	
388	2.532367E-01	2.754512E-01	2.815643E-01	
389	2.399731E-01	2.807640E-01	2.811488E-01	
390	2.455960E-01	2.773564E-01	2.778558E-01	
391	2.482066E-01	2.783760E-01	2.838649E-01	
392	2.531387E-01	2.761043E-01	2.822985E-01	
393	2.437909E-01	2.743234E-01	2.825864E-01	
394	2.423938E-01	2.750683E-01	2.849656E-01	
395	2.613372E-01	2.858033E-01	2.816647E-01	
396	2.407788E-01	2.781423E-01	2.833704E-01	
397	2.672506E-01	2.838715E-01	2.855582E-01	
398	2.577043E-01	2.802864E-01	2.815711E-01	
399	2.633450E-01	2.827465E-01	2.794147E-01	
400	2.782756E-01	2.878611E-01	2.786329E-01	
401	2.675879E-01	2.814285E-01	2.754636E-01	
402	2.935099E-01	2.873524E-01	2.789694E-01	
403	2.908099E-01	2.838061E-01	2.790879E-01	
404	2.734083E-01	2.788716E-01	2.809916E-01	
405	2.800876E-01	2.881418E-01	2.822184E-01	
406	2.662178E-01	2.830798E-01	2.775849E-01	
407	2.686889E-01	2.892006E-01	2.835919E-01	
408	2.713089E-01	2.860253E-01	2.782953E-01	
409	2.453312E-01	2.858561E-01	2.815387E-01	
410	2.789956E-01	2.848380E-01	2.810135E-01	
411	2.667223E-01	2.904024E-01	2.827158E-01	
412	2.623506E-01	2.801950E-01	2.772187E-01	
413	2.841289E-01	2.897798E-01	2.766248E-01	
414	2.642623E-01	2.918882E-01	2.839270E-01	
415	3.006760E-01	2.946031E-01	2.944785E-01	
416	2.706489E-01	2.991044E-01	2.837259E-01	
417	2.865973E-01	2.969180E-01	2.818918E-01	
418	2.808569E-01	3.027787E-01	2.898303E-01	
419	2.760923E-01	2.968237E-01	2.894055E-01	
420	2.704899E-01	2.924935E-01	2.853106E-01	
421	3.113966E-01	2.956324E-01	2.854198E-01	
422	3.081131E-01	3.048490E-01	2.896130E-01	
423	2.503113E-01	2.902807E-01	2.899983E-01	
424	2.831428E-01	2.905038E-01	2.778079E-01	
425	2.566668E-01	2.911826E-01	2.819942E-01	
426	3.006286E-01	2.866383E-01	2.796973E-01	
427	2.734949E-01	2.947430E-01	2.827463E-01	
428	2.644429E-01	2.894350E-01	2.746250E-01	
429	2.558149E-01	2.906208E-01	2.668347E-01	
430	2.674427E-01	2.898657E-01	2.777381E-01	
431	2.637587E-01	2.859580E-01	2.756888E-01	
432	2.803340E-01	2.902564E-01	2.740709E-01	
433	2.970234E-01	2.938561E-01	2.687119E-01	
434	2.638290E-01	2.932660E-01	2.673867E-01	
435	2.958327E-01	2.775892E-01	2.764468E-01	
436	3.048425E-01	2.944236E-01	2.812971E-01	
437	3.193936E-01	2.921507E-01	2.818047E-01	
438	2.863084E-01	2.934730E-01	2.764039E-01	
439	3.043287E-01	2.882242E-01	2.749880E-01	
440	2.880429E-01	2.984862E-01	2.841028E-01	
441	2.940688E-01	2.934809E-01	2.701638E-01	
442	2.860864E-01	2.989937E-01	2.838821E-01	
443	3.336222E-01	2.828289E-01	2.705204E-01	
444	3.150561E-01	2.987525E-01	2.781396E-01	
445	2.863362E-01	2.989677E-01	2.857541E-01	
446	3.186456E-01	2.955552E-01	2.757324E-01	
447	3.372928E-01	2.964087E-01	2.790064E-01	
448	3.080401E-01	2.905284E-01	2.783857E-01	
449	2.677486E-01	3.145217E-01	2.801654E-01	
450	3.265856E-01	2.914280E-01	2.774218E-01	
451	3.188740E-01	2.959173E-01	2.874025E-01	
452	2.922395E-01	2.974757E-01	2.880200E-01	
453	3.101049E-01	2.974510E-01	2.957268E-01	
454	3.154595E-01	2.976544E-01	2.799430E-01	
455	3.369121E-01	2.911334E-01	3.003628E-01	
456	3.501240E-01	3.007538E-01	2.816983E-01	
457	3.736831E-01	2.962563E-01	2.947022E-01	
458	3.283891E-01	3.031917E-01	3.017857E-01	
459	3.725684E-01	3.052171E-01	2.949560E-01	
460	3.307915E-01	3.024961E-01	2.926104E-01	
461	3.496339E-01	3.051395E-01	2.999887E-01	
462	3.725378E-01	2.876508E-01	2.832394E-01	
463	3.169400E-01	3.215719E-01	3.146878E-01	
464	3.371236E-01	3.143337E-01	3.016784E-01	
465	3.434770E-01	3.022616E-01	2.966179E-01	
466	3.476004E-01	3.089030E-01	3.312657E-01	
467	4.194290E-01	3.177424E-01	3.096031E-01	
468	3.888361E-01	3.339671E-01	3.279541E-01	
469	4.634754E-01	3.166424E-01	2.995663E-01	
470	5.105589E-01	3.354296E-01	3.017111E-01	
471	4.119849E-01	3.224893E-01	2.998267E-01	
472	5.173029E-01	3.409054E-01	3.044029E-01	
473	4.434509E-01	3.177296E-01	2.982396E-01	
474	3.290669E-01	3.405089E-01	3.093581E-01	
475	4.562879E-01	3.261759E-01	3.203717E-01	
476	3.553164E-01	3.355443E-01	3.002487E-01	
477	5.232128E-01	3.667266E-01	3.752512E-01	
478	3.480906E-01	3.254935E-01	2.818907E-01	
479	4.356935E-01	3.486615E-01	3.470064E-01	
480	3.788740E-01	3.285331E-01	2.861050E-01	
481	3.941319E-01	3.934525E-01	3.386165E-01	
482	3.028031E-01	3.278128E-01	3.094110E-01	
483	5.564573E-01	3.714618E-01	3.149605E-01	
484	5.241202E-01	3.941178E-01	3.577450E-01	
485	3.304666E-01	3.462051E-01	3.101017E-01	
486	6.862697E-01	4.216228E-01	4.115412E-01	
487	2.931435E-01	3.453926E-01	3.126841E-01	
488	3.873620E-01	4.131225E-01	3.366955E-01	
489	4.391700E-01	2.977801E-01	3.032999E-01	
490	4.392134E-01	3.791055E-01	3.509173E-01	
491	2.290610E-01	3.413324E-01	3.778176E-01	
492	4.279101E-01	3.417494E-01	3.411540E-01	
493	0	5.858524E-01	4.675387E-01	
494	2.954434E-01	3.586532E-01	3.354118E-01	
495	0	4.282287E-01	3.657337E-01	
496	2.877501E-01	3.595303E-01	3.433091E-01	
497	0	4.017969E-01	3.530839E-01	
498	2.772819E-01	3.430232E-01	3.641347E-01	
499	0	4.057402E-01	3.912894E-01	
500	0	0	0	
501	3.128481E-01	4.299435E-01	3.913139E-01	
502	0	0	0	
503	3.498637E-01	4.259203E-01	4.238978E-01	
504	0	0	0	
505	4.638860E-01	4.625584E-01	4.697822E-01	
506	0	4.821943E-01	3.639705E-01	
507	0	0	0	
508	4.549259E-01	4.704236E-01	4.618618E-01	
509	0	0	0	
510	0	5.122971E-01	4.656934E-01	
511	0	0	0	
512	0	5.566143E-01	5.955518E-01	
513	0	0	0	
514	0	0	0	
515	0	4.891738E-01	6.954482E-01	
516	0	0	0	
517	0	5.787181E-01	7.113329E-01	
518	0	0	0	
519	0	5.242718E-01	9.661836E-01	
520	0	0	0	
521	0	0	0	
522	0	0	0	
523	0	0	0	
524	0	0	0	
525	0	0	0	
526	0	0	0	
527	0	0	0	
528	0	0	0	
529	0	0	0	
530	0	0	0	
531	0	0	0	
532	0	0	0	
533	0	0	0	
534	0	0	0	
535	0	0	0	
536	0	0	0	
537	0	0	0	
538	0	0	0	
539	0	0	0	
540	0	0	0	
541	0	0	0	
542	0	0	0	
543	0	0	0	
544	0	0	0	
545	0	0	0	
546	0	0	0	
547	0	0	0	
548	0	0	0	
549	0	0	0	
550	0	0	0	
551	0	0	0	
552	0	0	0	
553	0	0	0	
554	0	0	0	
555	0	0	0	
556	0	0	0	
557	0	0	0	
558	0	0	0	
559	0	0	0	
560	0	0	0	
561	0	0	0	
562	0	0	0	
563	0	0	0	
564	0	0	0	
565	0	0	0	
566	0	0	0	
567	0	0	0	
568	0	0	0	
569	0	0	0	
570	0	0	0	
571	0	0	0	
572	0	0	0	
573	0	0	0	
574	0	0	0	
575	0	0	0	
576	0	0	0	
577	0	0	0	
578	0	0	0	
579	0	0	0	
580	0	0	0	
581	0	0	0	
582	0	0	0	
583	0	0	0	
584	0	0	0	
585	0	0	0	
586	0	0	0	
587	0	0	0	
588	0	0	0	
589	0	0	0	
590	0	0	0	
591	0	0	0	
592	0	0	0	
593	0	0	0	
594	0	0	0	
595	0	0	0	
596	0	0	0	
597	0	0	0	
598	0	0	0	
599	0	0	0	
#NewRun
