#COM_Bin	Avg_cosine_squared
#Order is chain type
0	0	0	0	
1	0	0	0	
2	0	0	0	
3	0	0	0	
4	3.315148E-01	3.196794E-01	3.613109E-01	
5	3.206541E-01	3.303202E-01	3.373390E-01	
6	3.383346E-01	3.191177E-01	3.334915E-01	
7	0	0	0	
8	3.327219E-01	3.284322E-01	3.119281E-01	
9	3.293839E-01	3.222406E-01	3.257945E-01	
10	0	0	0	
11	3.391780E-01	3.245875E-01	3.153734E-01	
12	3.276563E-01	3.250222E-01	3.140744E-01	
13	3.299179E-01	3.087125E-01	3.240027E-01	
14	3.349359E-01	3.217840E-01	3.229390E-01	
15	0	0	0	
16	3.241630E-01	3.222421E-01	3.317079E-01	
17	3.366104E-01	3.315540E-01	3.253456E-01	
18	3.256444E-01	3.250553E-01	3.347581E-01	
19	3.296306E-01	3.191622E-01	3.215984E-01	
20	3.272725E-01	3.329924E-01	3.261524E-01	
21	3.269807E-01	3.281225E-01	3.294454E-01	
22	3.425230E-01	3.204515E-01	3.380935E-01	
23	3.339459E-01	3.263684E-01	3.341596E-01	
24	3.285559E-01	3.207605E-01	3.321772E-01	
25	3.310383E-01	3.291042E-01	3.338197E-01	
26	3.337448E-01	3.195776E-01	3.349759E-01	
27	3.346836E-01	3.255684E-01	3.357305E-01	
28	3.318125E-01	3.190837E-01	3.304082E-01	
29	3.333172E-01	3.224488E-01	3.358591E-01	
30	3.377645E-01	3.191410E-01	3.358439E-01	
31	3.343014E-01	3.215576E-01	3.327932E-01	
32	3.330974E-01	3.248276E-01	3.337380E-01	
33	3.329953E-01	3.224390E-01	3.340617E-01	
34	3.327894E-01	3.214090E-01	3.326909E-01	
35	3.332748E-01	3.214280E-01	3.331960E-01	
36	3.357253E-01	3.247047E-01	3.331801E-01	
37	3.348944E-01	3.210136E-01	3.337064E-01	
38	3.340070E-01	3.219614E-01	3.335786E-01	
39	3.351686E-01	3.176874E-01	3.393177E-01	
40	3.363103E-01	3.222972E-01	3.291776E-01	
41	3.365811E-01	3.220174E-01	3.284749E-01	
42	3.342597E-01	3.203835E-01	3.337305E-01	
43	3.331054E-01	3.152598E-01	3.279998E-01	
44	3.347606E-01	3.222219E-01	3.299748E-01	
45	3.293164E-01	3.174012E-01	3.308196E-01	
46	3.297778E-01	3.202516E-01	3.288100E-01	
47	3.315736E-01	3.184822E-01	3.283208E-01	
48	3.303693E-01	3.210757E-01	3.264259E-01	
49	3.269159E-01	3.221490E-01	3.293115E-01	
50	3.280712E-01	3.183297E-01	3.256977E-01	
51	3.315884E-01	3.119959E-01	3.297346E-01	
52	3.253323E-01	3.224300E-01	3.243804E-01	
53	3.251923E-01	3.182143E-01	3.268932E-01	
54	3.255631E-01	3.150870E-01	3.289067E-01	
55	3.238186E-01	3.181532E-01	3.265848E-01	
56	3.250971E-01	3.188187E-01	3.247095E-01	
57	3.248422E-01	3.177510E-01	3.233529E-01	
58	3.220427E-01	3.199268E-01	3.242134E-01	
59	3.241512E-01	3.185121E-01	3.234352E-01	
60	3.224191E-01	3.177688E-01	3.223663E-01	
61	3.210121E-01	3.206671E-01	3.237743E-01	
62	3.209885E-01	3.189282E-01	3.234406E-01	
63	3.200886E-01	3.167446E-01	3.258862E-01	
64	3.200832E-01	3.196832E-01	3.213946E-01	
65	3.193815E-01	3.191773E-01	3.236795E-01	
66	3.189275E-01	3.173433E-01	3.219913E-01	
67	3.192536E-01	3.156143E-01	3.208341E-01	
68	3.186342E-01	3.172445E-01	3.226231E-01	
69	3.187447E-01	3.160505E-01	3.213364E-01	
70	3.187769E-01	3.156939E-01	3.210793E-01	
71	3.169508E-01	3.130479E-01	3.212416E-01	
72	3.168549E-01	3.143901E-01	3.195503E-01	
73	3.145717E-01	3.161129E-01	3.195650E-01	
74	3.156797E-01	3.155579E-01	3.205359E-01	
75	3.145994E-01	3.142297E-01	3.203178E-01	
76	3.157304E-01	3.141459E-01	3.184378E-01	
77	3.153839E-01	3.137612E-01	3.194728E-01	
78	3.154357E-01	3.148145E-01	3.202935E-01	
79	3.158389E-01	3.115137E-01	3.182817E-01	
80	3.149852E-01	3.145752E-01	3.159750E-01	
81	3.164637E-01	3.147821E-01	3.152811E-01	
82	3.141248E-01	3.127810E-01	3.196316E-01	
83	3.150614E-01	3.135640E-01	3.178150E-01	
84	3.134624E-01	3.136702E-01	3.142399E-01	
85	3.140426E-01	3.156405E-01	3.180838E-01	
86	3.138547E-01	3.151884E-01	3.144250E-01	
87	3.133341E-01	3.150093E-01	3.151437E-01	
88	3.134517E-01	3.170878E-01	3.140108E-01	
89	3.142917E-01	3.186907E-01	3.146790E-01	
90	3.138129E-01	3.174333E-01	3.153215E-01	
91	3.135632E-01	3.151107E-01	3.150169E-01	
92	3.143578E-01	3.185041E-01	3.132601E-01	
93	3.126885E-01	3.176418E-01	3.133577E-01	
94	3.142998E-01	3.170949E-01	3.130118E-01	
95	3.143645E-01	3.171213E-01	3.139851E-01	
96	3.137223E-01	3.192100E-01	3.137432E-01	
97	3.137887E-01	3.192394E-01	3.162467E-01	
98	3.123398E-01	3.207362E-01	3.150554E-01	
99	3.134234E-01	3.180419E-01	3.162645E-01	
100	3.134079E-01	3.220357E-01	3.157696E-01	
101	3.119084E-01	3.193838E-01	3.167914E-01	
102	3.137349E-01	3.204004E-01	3.185227E-01	
103	3.139153E-01	3.195241E-01	3.163312E-01	
104	3.146178E-01	3.247890E-01	3.177438E-01	
105	3.154723E-01	3.215758E-01	3.178289E-01	
106	3.140735E-01	3.216358E-01	3.165561E-01	
107	3.130710E-01	3.210840E-01	3.182617E-01	
108	3.159754E-01	3.231263E-01	3.175160E-01	
109	3.140106E-01	3.234106E-01	3.180523E-01	
110	3.175576E-01	3.222291E-01	3.186150E-01	
111	3.162501E-01	3.212879E-01	3.187608E-01	
112	3.181860E-01	3.251186E-01	3.215239E-01	
113	3.191467E-01	3.226102E-01	3.225448E-01	
114	3.195308E-01	3.253591E-01	3.236827E-01	
115	3.216980E-01	3.264378E-01	3.259096E-01	
116	3.230926E-01	3.267779E-01	3.272266E-01	
117	3.250501E-01	3.263173E-01	3.282331E-01	
118	3.260573E-01	3.297794E-01	3.289201E-01	
119	3.267473E-01	3.276849E-01	3.298245E-01	
120	3.271375E-01	3.301248E-01	3.323211E-01	
121	3.302546E-01	3.304429E-01	3.335351E-01	
122	3.323630E-01	3.317695E-01	3.365085E-01	
123	3.338230E-01	3.346901E-01	3.366167E-01	
124	3.349002E-01	3.347341E-01	3.374615E-01	
125	3.359516E-01	3.345305E-01	3.392329E-01	
126	3.378612E-01	3.388871E-01	3.418784E-01	
127	3.389846E-01	3.371399E-01	3.420184E-01	
128	3.401455E-01	3.394224E-01	3.452560E-01	
129	3.417799E-01	3.418833E-01	3.446880E-01	
130	3.445542E-01	3.408203E-01	3.469589E-01	
131	3.471282E-01	3.456332E-01	3.494163E-01	
132	3.482083E-01	3.465501E-01	3.529471E-01	
133	3.502712E-01	3.451323E-01	3.531055E-01	
134	3.521936E-01	3.512643E-01	3.555190E-01	
135	3.541820E-01	3.515982E-01	3.566238E-01	
136	3.563613E-01	3.523098E-01	3.599862E-01	
137	3.578967E-01	3.584380E-01	3.606317E-01	
138	3.609670E-01	3.589834E-01	3.639607E-01	
139	3.628024E-01	3.598877E-01	3.655739E-01	
140	3.675371E-01	3.629493E-01	3.673805E-01	
141	3.662729E-01	3.640418E-01	3.703305E-01	
142	3.711095E-01	3.673674E-01	3.705263E-01	
143	3.715223E-01	3.697474E-01	3.758463E-01	
144	3.749254E-01	3.690221E-01	3.762323E-01	
145	3.764962E-01	3.725028E-01	3.779720E-01	
146	3.796051E-01	3.733047E-01	3.799627E-01	
147	3.839211E-01	3.754218E-01	3.827922E-01	
148	3.837354E-01	3.773760E-01	3.837199E-01	
149	3.887290E-01	3.780046E-01	3.862504E-01	
150	3.920160E-01	3.837143E-01	3.914564E-01	
151	3.942272E-01	3.847719E-01	3.916365E-01	
152	3.957426E-01	3.828987E-01	3.941486E-01	
153	4.000905E-01	3.885646E-01	3.965826E-01	
154	4.028894E-01	3.894091E-01	3.976469E-01	
155	4.060966E-01	3.900465E-01	4.041224E-01	
156	4.098262E-01	3.942907E-01	4.011094E-01	
157	4.124724E-01	3.931018E-01	4.071242E-01	
158	4.157865E-01	3.972579E-01	4.081974E-01	
159	4.199317E-01	3.984580E-01	4.104603E-01	
160	4.203636E-01	4.028227E-01	4.117169E-01	
161	4.239042E-01	4.029976E-01	4.137093E-01	
162	4.286248E-01	4.059890E-01	4.180972E-01	
163	4.296961E-01	4.071506E-01	4.189677E-01	
164	4.328948E-01	4.082940E-01	4.219189E-01	
165	4.362798E-01	4.103549E-01	4.232037E-01	
166	4.411071E-01	4.138231E-01	4.294639E-01	
167	4.395903E-01	4.147017E-01	4.289419E-01	
168	4.465208E-01	4.168998E-01	4.299908E-01	
169	4.472703E-01	4.204362E-01	4.348026E-01	
170	4.513870E-01	4.188078E-01	4.360223E-01	
171	4.569196E-01	4.224974E-01	4.399164E-01	
172	4.579251E-01	4.236914E-01	4.393828E-01	
173	4.619256E-01	4.253316E-01	4.431132E-01	
174	4.665652E-01	4.265335E-01	4.425183E-01	
175	4.694048E-01	4.288170E-01	4.440515E-01	
176	4.688072E-01	4.311690E-01	4.461412E-01	
177	4.738262E-01	4.297395E-01	4.435764E-01	
178	4.748230E-01	4.323055E-01	4.489514E-01	
179	4.851808E-01	4.320854E-01	4.439763E-01	
180	4.862780E-01	4.343181E-01	4.474155E-01	
181	4.862409E-01	4.347352E-01	4.487330E-01	
182	4.903195E-01	4.364429E-01	4.499344E-01	
183	4.952998E-01	4.375068E-01	4.519998E-01	
184	4.970817E-01	4.378440E-01	4.492617E-01	
185	4.974264E-01	4.392830E-01	4.492022E-01	
186	5.006158E-01	4.395931E-01	4.512386E-01	
187	5.016822E-01	4.438062E-01	4.528960E-01	
188	5.039420E-01	4.412213E-01	4.533472E-01	
189	5.100963E-01	4.423355E-01	4.566489E-01	
190	5.084849E-01	4.407952E-01	4.604425E-01	
191	5.131342E-01	4.423670E-01	4.571254E-01	
192	5.097817E-01	4.433114E-01	4.608794E-01	
193	5.134256E-01	4.414675E-01	4.561331E-01	
194	5.175012E-01	4.424894E-01	4.558269E-01	
195	5.224306E-01	4.401277E-01	4.570536E-01	
196	5.202252E-01	4.396354E-01	4.541445E-01	
197	5.281548E-01	4.413307E-01	4.579903E-01	
198	5.297678E-01	4.403976E-01	4.540406E-01	
199	5.324227E-01	4.391463E-01	4.531926E-01	
200	5.349860E-01	4.400523E-01	4.475176E-01	
201	5.357105E-01	4.372447E-01	4.585888E-01	
202	5.346072E-01	4.393619E-01	4.543007E-01	
203	5.389692E-01	4.349581E-01	4.500504E-01	
204	5.394009E-01	4.367894E-01	4.501928E-01	
205	5.384019E-01	4.363232E-01	4.513450E-01	
206	5.467534E-01	4.359584E-01	4.507633E-01	
207	5.491360E-01	4.307268E-01	4.453196E-01	
208	5.544443E-01	4.356414E-01	4.451041E-01	
209	5.584694E-01	4.292422E-01	4.391945E-01	
210	5.498099E-01	4.323090E-01	4.423944E-01	
211	5.495675E-01	4.272247E-01	4.373771E-01	
212	5.592502E-01	4.277075E-01	4.391177E-01	
213	5.618045E-01	4.295974E-01	4.391834E-01	
214	5.623708E-01	4.259137E-01	4.328194E-01	
215	5.608655E-01	4.253794E-01	4.323900E-01	
216	5.618680E-01	4.228630E-01	4.352065E-01	
217	5.640256E-01	4.249417E-01	4.310094E-01	
218	5.544643E-01	4.250434E-01	4.278910E-01	
219	5.644834E-01	4.187936E-01	4.273944E-01	
220	5.588810E-01	4.182953E-01	4.227763E-01	
221	5.700930E-01	4.168161E-01	4.195981E-01	
222	5.612133E-01	4.134298E-01	4.156770E-01	
223	5.560847E-01	4.134059E-01	4.236024E-01	
224	5.671424E-01	4.102074E-01	4.129077E-01	
225	5.484281E-01	4.074457E-01	4.166530E-01	
226	5.667675E-01	4.066432E-01	4.173124E-01	
227	5.573439E-01	4.036259E-01	4.161875E-01	
228	5.642783E-01	4.005720E-01	4.136455E-01	
229	5.420188E-01	4.016134E-01	4.121628E-01	
230	5.501214E-01	4.001962E-01	4.071921E-01	
231	5.352098E-01	3.952750E-01	4.093703E-01	
232	5.317695E-01	3.897937E-01	4.056795E-01	
233	5.407153E-01	3.900301E-01	3.991229E-01	
234	5.110731E-01	3.860523E-01	3.980162E-01	
235	5.151459E-01	3.890049E-01	3.926502E-01	
236	5.021012E-01	3.819413E-01	3.940159E-01	
237	4.784684E-01	3.817572E-01	3.941585E-01	
238	4.851757E-01	3.799127E-01	3.902710E-01	
239	4.789870E-01	3.805723E-01	3.860977E-01	
240	4.678279E-01	3.754089E-01	3.882347E-01	
241	4.619169E-01	3.774560E-01	3.888519E-01	
242	4.556074E-01	3.711704E-01	3.824603E-01	
243	4.365627E-01	3.697444E-01	3.793903E-01	
244	4.504616E-01	3.673348E-01	3.776281E-01	
245	4.394153E-01	3.605269E-01	3.734500E-01	
246	4.442119E-01	3.657095E-01	3.722770E-01	
247	4.495366E-01	3.628744E-01	3.686287E-01	
248	4.475315E-01	3.630256E-01	3.727758E-01	
249	4.374198E-01	3.611200E-01	3.625254E-01	
250	4.337320E-01	3.592435E-01	3.668470E-01	
251	4.384163E-01	3.550262E-01	3.645670E-01	
252	4.439646E-01	3.545179E-01	3.579610E-01	
253	4.254738E-01	3.498321E-01	3.576410E-01	
254	4.164878E-01	3.515531E-01	3.536120E-01	
255	4.140498E-01	3.460165E-01	3.559586E-01	
256	4.111292E-01	3.461884E-01	3.532105E-01	
257	4.033976E-01	3.424200E-01	3.522916E-01	
258	3.896386E-01	3.423758E-01	3.510936E-01	
259	3.929135E-01	3.378011E-01	3.467274E-01	
260	3.929787E-01	3.377022E-01	3.439883E-01	
261	4.054180E-01	3.346780E-01	3.418774E-01	
262	3.889349E-01	3.365589E-01	3.386914E-01	
263	3.848341E-01	3.328928E-01	3.394696E-01	
264	3.831563E-01	3.279933E-01	3.365417E-01	
265	4.077270E-01	3.233259E-01	3.320207E-01	
266	4.032051E-01	3.283693E-01	3.321861E-01	
267	4.107260E-01	3.213166E-01	3.279517E-01	
268	3.970896E-01	3.191682E-01	3.287211E-01	
269	3.886150E-01	3.196992E-01	3.312954E-01	
270	3.810570E-01	3.188991E-01	3.249439E-01	
271	3.803459E-01	3.207656E-01	3.251395E-01	
272	3.677494E-01	3.171352E-01	3.242867E-01	
273	3.931020E-01	3.151955E-01	3.191592E-01	
274	3.721648E-01	3.145021E-01	3.209837E-01	
275	3.783316E-01	3.145298E-01	3.220369E-01	
276	3.722173E-01	3.034475E-01	3.123395E-01	
277	3.635950E-01	3.136916E-01	3.160269E-01	
278	3.651585E-01	3.098057E-01	3.140174E-01	
279	3.755922E-01	3.043451E-01	3.100701E-01	
280	3.769249E-01	3.081219E-01	3.118958E-01	
281	3.713548E-01	3.005333E-01	3.060184E-01	
282	3.687027E-01	3.002742E-01	3.091043E-01	
283	3.664011E-01	3.019690E-01	3.071444E-01	
284	3.364609E-01	2.977303E-01	3.055423E-01	
285	3.432504E-01	2.966052E-01	3.062900E-01	
286	3.647796E-01	3.007258E-01	3.038503E-01	
287	3.528893E-01	2.977336E-01	2.977334E-01	
288	3.610565E-01	2.971605E-01	2.983243E-01	
289	3.544988E-01	2.960167E-01	3.005572E-01	
290	3.444756E-01	2.915238E-01	2.955456E-01	
291	3.473966E-01	2.961190E-01	2.979551E-01	
292	3.404672E-01	2.966669E-01	2.938325E-01	
293	3.426224E-01	2.933749E-01	2.936340E-01	
294	3.559977E-01	2.972037E-01	2.947614E-01	
295	3.350360E-01	2.952397E-01	2.911434E-01	
296	3.357120E-01	2.949362E-01	2.940825E-01	
297	3.326612E-01	2.970840E-01	2.908562E-01	
298	3.118831E-01	2.954589E-01	2.901143E-01	
299	3.329297E-01	2.894601E-01	2.909326E-01	
300	3.310684E-01	2.982267E-01	2.942295E-01	
301	3.352834E-01	2.962916E-01	2.869799E-01	
302	3.340429E-01	2.924874E-01	2.902157E-01	
303	3.306491E-01	2.975554E-01	2.893929E-01	
304	3.293089E-01	2.922954E-01	2.855064E-01	
305	3.238717E-01	2.930897E-01	2.880227E-01	
306	3.135875E-01	2.954747E-01	2.849383E-01	
307	3.026954E-01	2.944247E-01	2.850461E-01	
308	3.162592E-01	2.948640E-01	2.867195E-01	
309	3.265556E-01	2.942646E-01	2.843177E-01	
310	3.073616E-01	2.928872E-01	2.853695E-01	
311	3.194004E-01	2.932184E-01	2.846949E-01	
312	3.188996E-01	2.954943E-01	2.829569E-01	
313	3.049493E-01	2.925101E-01	2.854114E-01	
314	3.077605E-01	2.963099E-01	2.846212E-01	
315	3.245077E-01	2.936656E-01	2.850380E-01	
316	3.102789E-01	2.928618E-01	2.798378E-01	
317	3.162456E-01	2.926624E-01	2.827067E-01	
318	3.019218E-01	2.875293E-01	2.819412E-01	
319	2.953607E-01	2.947677E-01	2.848659E-01	
320	3.114842E-01	2.911795E-01	2.813315E-01	
321	3.044757E-01	2.908601E-01	2.815924E-01	
322	2.996502E-01	2.883422E-01	2.802009E-01	
323	3.095024E-01	2.869925E-01	2.815692E-01	
324	2.886902E-01	2.888336E-01	2.817009E-01	
325	3.050549E-01	2.900196E-01	2.826425E-01	
326	3.032873E-01	2.863234E-01	2.788983E-01	
327	2.941298E-01	2.859809E-01	2.776751E-01	
328	3.069778E-01	2.895605E-01	2.806868E-01	
329	2.807329E-01	2.843062E-01	2.822164E-01	
330	2.856997E-01	2.891929E-01	2.802724E-01	
331	3.155905E-01	2.894032E-01	2.798048E-01	
332	2.884214E-01	2.849722E-01	2.833571E-01	
333	2.886353E-01	2.859841E-01	2.778108E-01	
334	3.028463E-01	2.864835E-01	2.778783E-01	
335	2.816367E-01	2.890486E-01	2.803130E-01	
336	2.786541E-01	2.849348E-01	2.803356E-01	
337	2.941053E-01	2.887524E-01	2.791975E-01	
338	2.997845E-01	2.832119E-01	2.798033E-01	
339	2.912790E-01	2.873219E-01	2.769093E-01	
340	3.153452E-01	2.812844E-01	2.802554E-01	
341	3.064226E-01	2.825851E-01	2.787684E-01	
342	2.968424E-01	2.834585E-01	2.785962E-01	
343	3.042778E-01	2.828125E-01	2.769446E-01	
344	3.119656E-01	2.853726E-01	2.830098E-01	
345	2.778918E-01	2.843540E-01	2.765796E-01	
346	2.960769E-01	2.805859E-01	2.801532E-01	
347	3.171366E-01	2.826563E-01	2.831730E-01	
348	2.831223E-01	2.796450E-01	2.805933E-01	
349	3.135492E-01	2.810705E-01	2.835352E-01	
350	3.045103E-01	2.790909E-01	2.827030E-01	
351	2.978293E-01	2.813279E-01	2.816934E-01	
352	3.018493E-01	2.760212E-01	2.812931E-01	
353	3.106652E-01	2.776012E-01	2.862335E-01	
354	3.010186E-01	2.817125E-01	2.867549E-01	
355	2.830153E-01	2.770787E-01	2.833423E-01	
356	3.019338E-01	2.824701E-01	2.831695E-01	
357	2.899552E-01	2.793016E-01	2.854851E-01	
358	2.864871E-01	2.791343E-01	2.858833E-01	
359	2.798716E-01	2.815094E-01	2.806165E-01	
360	2.896089E-01	2.797291E-01	2.829768E-01	
361	2.988296E-01	2.790490E-01	2.851910E-01	
362	2.890358E-01	2.768619E-01	2.839349E-01	
363	2.850477E-01	2.788276E-01	2.817936E-01	
364	2.582952E-01	2.789387E-01	2.834733E-01	
365	3.064158E-01	2.771463E-01	2.830089E-01	
366	2.999029E-01	2.765113E-01	2.810403E-01	
367	3.035265E-01	2.765675E-01	2.839498E-01	
368	2.927782E-01	2.704134E-01	2.770491E-01	
369	3.143780E-01	2.758045E-01	2.796987E-01	
370	2.870220E-01	2.763335E-01	2.776601E-01	
371	2.927661E-01	2.787132E-01	2.804200E-01	
372	3.053347E-01	2.771596E-01	2.790531E-01	
373	2.874860E-01	2.740260E-01	2.787461E-01	
374	2.901917E-01	2.756029E-01	2.813978E-01	
375	2.958039E-01	2.784231E-01	2.780579E-01	
376	2.904983E-01	2.784618E-01	2.760573E-01	
377	2.757044E-01	2.792793E-01	2.761860E-01	
378	3.027247E-01	2.828770E-01	2.767156E-01	
379	2.691475E-01	2.749721E-01	2.766492E-01	
380	2.721753E-01	2.805006E-01	2.780901E-01	
381	2.750612E-01	2.785003E-01	2.835310E-01	
382	2.568052E-01	2.735259E-01	2.760949E-01	
383	2.780845E-01	2.795661E-01	2.797081E-01	
384	2.828996E-01	2.792142E-01	2.839355E-01	
385	2.616235E-01	2.762592E-01	2.806470E-01	
386	2.556899E-01	2.837409E-01	2.801371E-01	
387	2.587657E-01	2.770143E-01	2.818370E-01	
388	2.409639E-01	2.794688E-01	2.823830E-01	
389	2.437519E-01	2.798918E-01	2.821814E-01	
390	2.467328E-01	2.750053E-01	2.844006E-01	
391	2.476057E-01	2.784930E-01	2.874194E-01	
392	2.277462E-01	2.788529E-01	2.815693E-01	
393	2.395867E-01	2.768511E-01	2.807518E-01	
394	2.429192E-01	2.822988E-01	2.837985E-01	
395	2.114136E-01	2.810907E-01	2.854101E-01	
396	2.409645E-01	2.801100E-01	2.849743E-01	
397	2.209017E-01	2.806995E-01	2.894652E-01	
398	2.274452E-01	2.817474E-01	2.802321E-01	
399	2.302688E-01	2.845499E-01	2.915388E-01	
400	2.214753E-01	2.783797E-01	2.855328E-01	
401	2.317405E-01	2.830685E-01	2.852249E-01	
402	2.289530E-01	2.900993E-01	2.918057E-01	
403	2.300322E-01	2.870391E-01	2.903576E-01	
404	2.651813E-01	2.840947E-01	2.888406E-01	
405	2.431489E-01	2.901355E-01	2.900512E-01	
406	2.637621E-01	2.879138E-01	2.864674E-01	
407	2.669490E-01	2.895460E-01	2.922867E-01	
408	2.766135E-01	2.899207E-01	2.940780E-01	
409	2.885849E-01	2.879277E-01	2.902564E-01	
410	2.519672E-01	2.949369E-01	3.049500E-01	
411	2.886714E-01	2.944441E-01	2.954642E-01	
412	2.815535E-01	2.878049E-01	2.963197E-01	
413	2.887927E-01	2.983773E-01	3.082729E-01	
414	3.225116E-01	2.934524E-01	3.025838E-01	
415	3.161189E-01	3.070875E-01	3.133139E-01	
416	3.159575E-01	2.990094E-01	3.035667E-01	
417	2.910698E-01	2.985062E-01	3.021743E-01	
418	2.866566E-01	3.007942E-01	3.153861E-01	
419	3.030180E-01	3.096442E-01	3.061244E-01	
420	3.457239E-01	2.955862E-01	3.110154E-01	
421	3.272813E-01	3.049567E-01	3.128011E-01	
422	3.179652E-01	3.082872E-01	3.141968E-01	
423	3.132586E-01	2.954394E-01	3.104285E-01	
424	2.772917E-01	3.094456E-01	3.114111E-01	
425	3.044642E-01	3.005116E-01	2.984052E-01	
426	3.081053E-01	3.054461E-01	3.051056E-01	
427	2.893554E-01	3.014543E-01	2.944654E-01	
428	2.430591E-01	3.045164E-01	3.009097E-01	
429	2.745674E-01	2.947380E-01	2.919074E-01	
430	2.660976E-01	3.068866E-01	3.004956E-01	
431	2.868748E-01	3.021862E-01	3.096552E-01	
432	2.516546E-01	3.005131E-01	2.973035E-01	
433	2.628515E-01	3.068258E-01	3.057203E-01	
434	2.372878E-01	2.935088E-01	2.951414E-01	
435	2.063987E-01	3.008327E-01	2.910268E-01	
436	2.568349E-01	3.014449E-01	3.021757E-01	
437	2.464537E-01	3.093926E-01	2.968677E-01	
438	2.907678E-01	3.069473E-01	2.998328E-01	
439	2.659394E-01	2.890849E-01	2.854289E-01	
440	2.628721E-01	3.137196E-01	3.000894E-01	
441	2.544243E-01	3.001823E-01	2.921907E-01	
442	2.204399E-01	3.056642E-01	2.888382E-01	
443	2.485715E-01	2.959354E-01	2.898570E-01	
444	2.661337E-01	3.116573E-01	3.019235E-01	
445	2.492678E-01	3.062290E-01	3.002565E-01	
446	2.700311E-01	3.063000E-01	2.909908E-01	
447	2.688678E-01	3.051352E-01	2.946301E-01	
448	2.535276E-01	3.026819E-01	2.931787E-01	
449	2.186982E-01	3.089073E-01	2.980377E-01	
450	2.160028E-01	3.010367E-01	2.864979E-01	
451	1.916483E-01	2.989510E-01	3.067350E-01	
452	1.926348E-01	3.054118E-01	2.988364E-01	
453	1.893291E-01	3.114359E-01	2.963821E-01	
454	2.305910E-01	3.040003E-01	3.028716E-01	
455	2.102135E-01	2.947247E-01	2.903754E-01	
456	1.686380E-01	3.110595E-01	3.076586E-01	
457	2.173049E-01	3.061922E-01	2.819566E-01	
458	1.561048E-01	3.245820E-01	3.143657E-01	
459	2.287870E-01	3.254490E-01	3.238854E-01	
460	1.869215E-01	3.021036E-01	2.983506E-01	
461	2.152565E-01	3.330977E-01	3.163695E-01	
462	2.406894E-01	2.972183E-01	3.091459E-01	
463	2.027658E-01	3.352696E-01	3.253003E-01	
464	2.862033E-01	3.124521E-01	3.192248E-01	
465	2.127199E-01	3.139994E-01	3.178933E-01	
466	2.228854E-01	3.018948E-01	3.259551E-01	
467	2.913605E-01	3.273903E-01	3.301752E-01	
468	2.773662E-01	3.099568E-01	3.438270E-01	
469	3.148721E-01	3.163697E-01	3.338540E-01	
470	2.323386E-01	3.555703E-01	3.410827E-01	
471	2.738063E-01	3.187614E-01	3.363935E-01	
472	3.414295E-01	3.588361E-01	3.495709E-01	
473	2.713027E-01	3.050484E-01	3.122480E-01	
474	3.247967E-01	3.465026E-01	3.542362E-01	
475	3.019336E-01	3.265805E-01	3.564846E-01	
476	3.473048E-01	3.312273E-01	3.474396E-01	
477	4.875811E-01	4.081794E-01	3.969111E-01	
478	4.241912E-01	3.229167E-01	3.447458E-01	
479	4.149015E-01	3.960459E-01	3.893415E-01	
480	4.279005E-01	3.258001E-01	3.261276E-01	
481	4.037619E-01	3.911996E-01	3.774545E-01	
482	3.188060E-01	3.471329E-01	3.449506E-01	
483	5.991079E-01	3.509643E-01	3.711444E-01	
484	4.152323E-01	4.388713E-01	4.273664E-01	
485	4.036086E-01	3.440415E-01	3.676350E-01	
486	0	4.219477E-01	3.986873E-01	
487	4.619942E-01	3.524477E-01	3.637139E-01	
488	3.255486E-01	4.394869E-01	4.579263E-01	
489	3.347769E-01	3.581766E-01	3.798841E-01	
490	2.876083E-01	4.129204E-01	4.119281E-01	
491	3.304961E-01	4.223291E-01	4.084765E-01	
492	7.022090E-01	3.772576E-01	3.908096E-01	
493	0	4.402543E-01	5.201631E-01	
494	0	3.940038E-01	4.152901E-01	
495	0	4.330552E-01	4.900382E-01	
496	0	3.877811E-01	4.310460E-01	
497	0	3.758541E-01	4.505657E-01	
498	0	3.864652E-01	4.565804E-01	
499	0	4.278100E-01	4.675341E-01	
500	0	0	0	
501	0	4.465350E-01	4.857835E-01	
502	0	0	0	
503	0	4.521329E-01	4.992179E-01	
504	0	0	0	
505	0	4.700100E-01	5.210818E-01	
506	0	7.290121E-01	7.249261E-01	
507	0	0	0	
508	0	5.348388E-01	5.936649E-01	
509	0	0	0	
510	0	5.631467E-01	6.205784E-01	
511	0	0	0	
512	0	6.030524E-01	6.521901E-01	
513	0	0	0	
514	0	0	0	
515	0	5.846456E-01	7.132020E-01	
516	0	0	0	
517	0	6.241336E-01	7.558046E-01	
518	0	0	0	
519	0	7.645187E-01	6.102813E-01	
520	0	0	0	
521	0	0	0	
522	0	0	0	
523	0	0	0	
524	0	0	0	
525	0	0	0	
526	0	0	0	
527	0	0	0	
528	0	0	0	
529	0	0	0	
530	0	0	0	
531	0	0	0	
532	0	0	0	
533	0	0	0	
534	0	0	0	
535	0	0	0	
536	0	0	0	
537	0	0	0	
538	0	0	0	
539	0	0	0	
540	0	0	0	
541	0	0	0	
542	0	0	0	
543	0	0	0	
544	0	0	0	
545	0	0	0	
546	0	0	0	
547	0	0	0	
548	0	0	0	
549	0	0	0	
550	0	0	0	
551	0	0	0	
552	0	0	0	
553	0	0	0	
554	0	0	0	
555	0	0	0	
556	0	0	0	
557	0	0	0	
558	0	0	0	
559	0	0	0	
560	0	0	0	
561	0	0	0	
562	0	0	0	
563	0	0	0	
564	0	0	0	
565	0	0	0	
566	0	0	0	
567	0	0	0	
568	0	0	0	
569	0	0	0	
570	0	0	0	
571	0	0	0	
572	0	0	0	
573	0	0	0	
574	0	0	0	
575	0	0	0	
576	0	0	0	
577	0	0	0	
578	0	0	0	
579	0	0	0	
580	0	0	0	
581	0	0	0	
582	0	0	0	
583	0	0	0	
584	0	0	0	
585	0	0	0	
586	0	0	0	
587	0	0	0	
588	0	0	0	
589	0	0	0	
590	0	0	0	
591	0	0	0	
592	0	0	0	
593	0	0	0	
594	0	0	0	
595	0	0	0	
596	0	0	0	
597	0	0	0	
598	0	0	0	
599	0	0	0	
#NewRun
0	0	0	0	
1	0	0	0	
2	0	0	0	
3	0	0	0	
4	3.587920E-01	3.362348E-01	3.593163E-01	
5	3.384756E-01	3.393885E-01	3.407088E-01	
6	3.266638E-01	3.143324E-01	3.607185E-01	
7	0	0	0	
8	3.328354E-01	3.414587E-01	3.259404E-01	
9	3.313800E-01	3.330624E-01	3.179454E-01	
10	0	0	0	
11	3.270960E-01	3.306849E-01	3.293096E-01	
12	3.307404E-01	3.409921E-01	3.293964E-01	
13	3.167956E-01	3.434377E-01	3.180723E-01	
14	3.329695E-01	3.451094E-01	3.293675E-01	
15	0	0	0	
16	3.286753E-01	3.364959E-01	3.226227E-01	
17	3.289232E-01	3.464733E-01	3.227705E-01	
18	3.273929E-01	3.413073E-01	3.299366E-01	
19	3.273467E-01	3.419368E-01	3.233981E-01	
20	3.297155E-01	3.458197E-01	3.237019E-01	
21	3.270882E-01	3.315833E-01	3.281957E-01	
22	3.303851E-01	3.339010E-01	3.348627E-01	
23	3.302416E-01	3.348588E-01	3.338152E-01	
24	3.271680E-01	3.338040E-01	3.316018E-01	
25	3.243523E-01	3.298893E-01	3.318563E-01	
26	3.248048E-01	3.335309E-01	3.330338E-01	
27	3.233645E-01	3.325466E-01	3.327327E-01	
28	3.281089E-01	3.354706E-01	3.398021E-01	
29	3.227412E-01	3.304554E-01	3.354006E-01	
30	3.232175E-01	3.356183E-01	3.374004E-01	
31	3.231670E-01	3.343961E-01	3.336973E-01	
32	3.268828E-01	3.263969E-01	3.389839E-01	
33	3.253648E-01	3.293564E-01	3.332420E-01	
34	3.289561E-01	3.293694E-01	3.424034E-01	
35	3.271289E-01	3.322680E-01	3.363381E-01	
36	3.254757E-01	3.295020E-01	3.392627E-01	
37	3.273411E-01	3.323410E-01	3.360873E-01	
38	3.265419E-01	3.303498E-01	3.369476E-01	
39	3.259197E-01	3.351857E-01	3.364446E-01	
40	3.278312E-01	3.284173E-01	3.342899E-01	
41	3.295963E-01	3.288352E-01	3.341488E-01	
42	3.266277E-01	3.291903E-01	3.321985E-01	
43	3.271779E-01	3.295048E-01	3.322064E-01	
44	3.277829E-01	3.269436E-01	3.303261E-01	
45	3.300711E-01	3.272016E-01	3.268765E-01	
46	3.291516E-01	3.271993E-01	3.279731E-01	
47	3.315852E-01	3.300831E-01	3.265870E-01	
48	3.290832E-01	3.271475E-01	3.257029E-01	
49	3.300606E-01	3.250730E-01	3.293711E-01	
50	3.287348E-01	3.236947E-01	3.259046E-01	
51	3.307801E-01	3.309919E-01	3.265495E-01	
52	3.288314E-01	3.230869E-01	3.253558E-01	
53	3.292656E-01	3.274866E-01	3.286649E-01	
54	3.281417E-01	3.250083E-01	3.226281E-01	
55	3.277254E-01	3.246201E-01	3.287267E-01	
56	3.274621E-01	3.300927E-01	3.250638E-01	
57	3.276688E-01	3.261375E-01	3.253515E-01	
58	3.275151E-01	3.246284E-01	3.223569E-01	
59	3.264833E-01	3.198333E-01	3.242482E-01	
60	3.265737E-01	3.212620E-01	3.241227E-01	
61	3.259001E-01	3.247060E-01	3.251152E-01	
62	3.261541E-01	3.224656E-01	3.231522E-01	
63	3.259003E-01	3.238236E-01	3.237755E-01	
64	3.239163E-01	3.241371E-01	3.218280E-01	
65	3.226405E-01	3.228367E-01	3.220087E-01	
66	3.234151E-01	3.248134E-01	3.238077E-01	
67	3.204429E-01	3.193830E-01	3.204788E-01	
68	3.220194E-01	3.235770E-01	3.233015E-01	
69	3.208238E-01	3.209644E-01	3.208072E-01	
70	3.202877E-01	3.191707E-01	3.196288E-01	
71	3.214390E-01	3.201925E-01	3.195337E-01	
72	3.189747E-01	3.174432E-01	3.179053E-01	
73	3.187193E-01	3.195101E-01	3.193834E-01	
74	3.190521E-01	3.165112E-01	3.194687E-01	
75	3.186979E-01	3.151915E-01	3.158424E-01	
76	3.169479E-01	3.197800E-01	3.189062E-01	
77	3.155495E-01	3.153585E-01	3.150462E-01	
78	3.161501E-01	3.141114E-01	3.178805E-01	
79	3.149857E-01	3.147981E-01	3.192770E-01	
80	3.155733E-01	3.159949E-01	3.177754E-01	
81	3.146652E-01	3.143872E-01	3.185524E-01	
82	3.164929E-01	3.135476E-01	3.180950E-01	
83	3.149283E-01	3.135620E-01	3.193672E-01	
84	3.155963E-01	3.164390E-01	3.195784E-01	
85	3.146328E-01	3.147335E-01	3.200230E-01	
86	3.137427E-01	3.158024E-01	3.199742E-01	
87	3.146884E-01	3.130697E-01	3.195191E-01	
88	3.161170E-01	3.149499E-01	3.227078E-01	
89	3.147835E-01	3.149587E-01	3.220815E-01	
90	3.153017E-01	3.147243E-01	3.230666E-01	
91	3.156171E-01	3.170483E-01	3.243949E-01	
92	3.164237E-01	3.171300E-01	3.234072E-01	
93	3.164786E-01	3.163474E-01	3.250844E-01	
94	3.155276E-01	3.169823E-01	3.261534E-01	
95	3.157716E-01	3.170981E-01	3.259759E-01	
96	3.151231E-01	3.195411E-01	3.256823E-01	
97	3.146954E-01	3.189576E-01	3.273189E-01	
98	3.144111E-01	3.197526E-01	3.271358E-01	
99	3.157148E-01	3.198880E-01	3.288098E-01	
100	3.155288E-01	3.194699E-01	3.252767E-01	
101	3.143989E-01	3.189827E-01	3.264971E-01	
102	3.153623E-01	3.185718E-01	3.276379E-01	
103	3.180295E-01	3.195255E-01	3.269196E-01	
104	3.160613E-01	3.205126E-01	3.253683E-01	
105	3.163075E-01	3.220792E-01	3.270196E-01	
106	3.168489E-01	3.205189E-01	3.270811E-01	
107	3.156226E-01	3.213808E-01	3.284603E-01	
108	3.175317E-01	3.204967E-01	3.294091E-01	
109	3.168542E-01	3.211533E-01	3.275648E-01	
110	3.181247E-01	3.216208E-01	3.298560E-01	
111	3.192027E-01	3.242677E-01	3.289023E-01	
112	3.206054E-01	3.242753E-01	3.309250E-01	
113	3.207441E-01	3.237062E-01	3.319786E-01	
114	3.192460E-01	3.254145E-01	3.309471E-01	
115	3.220311E-01	3.276977E-01	3.323412E-01	
116	3.227540E-01	3.259640E-01	3.318364E-01	
117	3.236366E-01	3.284046E-01	3.318652E-01	
118	3.247223E-01	3.283190E-01	3.351545E-01	
119	3.240684E-01	3.310533E-01	3.329858E-01	
120	3.260799E-01	3.294850E-01	3.338579E-01	
121	3.274930E-01	3.328455E-01	3.348642E-01	
122	3.289897E-01	3.330064E-01	3.352949E-01	
123	3.307168E-01	3.349829E-01	3.361195E-01	
124	3.317108E-01	3.352226E-01	3.351163E-01	
125	3.335304E-01	3.377751E-01	3.372204E-01	
126	3.335196E-01	3.375193E-01	3.379022E-01	
127	3.350840E-01	3.397305E-01	3.375931E-01	
128	3.384776E-01	3.408516E-01	3.373889E-01	
129	3.394041E-01	3.415217E-01	3.372843E-01	
130	3.406234E-01	3.439588E-01	3.384568E-01	
131	3.416094E-01	3.475396E-01	3.399566E-01	
132	3.441982E-01	3.484060E-01	3.396492E-01	
133	3.461998E-01	3.490285E-01	3.409243E-01	
134	3.472864E-01	3.512613E-01	3.429114E-01	
135	3.493673E-01	3.542091E-01	3.437682E-01	
136	3.527880E-01	3.555472E-01	3.454779E-01	
137	3.549983E-01	3.574050E-01	3.467769E-01	
138	3.571036E-01	3.616176E-01	3.489023E-01	
139	3.565708E-01	3.615406E-01	3.515514E-01	
140	3.599283E-01	3.634586E-01	3.509708E-01	
141	3.618342E-01	3.652818E-01	3.521296E-01	
142	3.646674E-01	3.688971E-01	3.546636E-01	
143	3.652241E-01	3.694401E-01	3.563096E-01	
144	3.686554E-01	3.741574E-01	3.570457E-01	
145	3.703887E-01	3.743987E-01	3.593943E-01	
146	3.728616E-01	3.779997E-01	3.605706E-01	
147	3.749968E-01	3.814868E-01	3.612014E-01	
148	3.768209E-01	3.794982E-01	3.632001E-01	
149	3.816181E-01	3.846194E-01	3.648637E-01	
150	3.839470E-01	3.849159E-01	3.670875E-01	
151	3.842969E-01	3.867368E-01	3.666981E-01	
152	3.880333E-01	3.853098E-01	3.720012E-01	
153	3.914024E-01	3.915505E-01	3.735738E-01	
154	3.928502E-01	3.914063E-01	3.728564E-01	
155	3.972630E-01	3.935973E-01	3.753829E-01	
156	3.980670E-01	3.935214E-01	3.775828E-01	
157	4.013856E-01	3.983673E-01	3.793228E-01	
158	4.051567E-01	4.003610E-01	3.824576E-01	
159	4.086623E-01	4.041690E-01	3.834788E-01	
160	4.100994E-01	4.033056E-01	3.868452E-01	
161	4.146640E-01	4.068792E-01	3.879781E-01	
162	4.155404E-01	4.079762E-01	3.892857E-01	
163	4.185314E-01	4.067544E-01	3.945055E-01	
164	4.246171E-01	4.105321E-01	3.947084E-01	
165	4.250497E-01	4.126441E-01	3.937611E-01	
166	4.288048E-01	4.151203E-01	3.990812E-01	
167	4.378692E-01	4.182605E-01	4.011653E-01	
168	4.372890E-01	4.168987E-01	4.034364E-01	
169	4.434516E-01	4.222836E-01	4.037596E-01	
170	4.445653E-01	4.220066E-01	4.069155E-01	
171	4.457735E-01	4.222494E-01	4.079529E-01	
172	4.497564E-01	4.221214E-01	4.109067E-01	
173	4.573551E-01	4.241153E-01	4.109740E-01	
174	4.544208E-01	4.240780E-01	4.151099E-01	
175	4.600652E-01	4.257198E-01	4.180264E-01	
176	4.659955E-01	4.287527E-01	4.212838E-01	
177	4.629071E-01	4.292890E-01	4.179535E-01	
178	4.692163E-01	4.312699E-01	4.224035E-01	
179	4.730788E-01	4.296413E-01	4.223968E-01	
180	4.762961E-01	4.336400E-01	4.211451E-01	
181	4.813448E-01	4.354403E-01	4.255504E-01	
182	4.873294E-01	4.348829E-01	4.256535E-01	
183	4.867801E-01	4.372878E-01	4.274806E-01	
184	4.915784E-01	4.375257E-01	4.304893E-01	
185	4.930892E-01	4.387051E-01	4.281948E-01	
186	4.965498E-01	4.399068E-01	4.285606E-01	
187	4.968106E-01	4.413195E-01	4.294028E-01	
188	5.004829E-01	4.426473E-01	4.290164E-01	
189	5.017256E-01	4.432914E-01	4.293784E-01	
190	5.023662E-01	4.432045E-01	4.305295E-01	
191	5.051686E-01	4.427250E-01	4.327683E-01	
192	5.031354E-01	4.440463E-01	4.337824E-01	
193	5.098525E-01	4.443297E-01	4.338940E-01	
194	5.057282E-01	4.445481E-01	4.332699E-01	
195	5.134280E-01	4.453515E-01	4.337030E-01	
196	5.130833E-01	4.452860E-01	4.324140E-01	
197	5.132942E-01	4.458580E-01	4.336459E-01	
198	5.211159E-01	4.482990E-01	4.327447E-01	
199	5.199259E-01	4.475023E-01	4.364234E-01	
200	5.221036E-01	4.485114E-01	4.365156E-01	
201	5.241219E-01	4.488981E-01	4.351825E-01	
202	5.289880E-01	4.484634E-01	4.350363E-01	
203	5.290339E-01	4.470231E-01	4.336036E-01	
204	5.324426E-01	4.448093E-01	4.338030E-01	
205	5.376178E-01	4.422422E-01	4.333279E-01	
206	5.450256E-01	4.444036E-01	4.268168E-01	
207	5.437915E-01	4.426690E-01	4.280524E-01	
208	5.388127E-01	4.430883E-01	4.292263E-01	
209	5.484453E-01	4.415693E-01	4.285032E-01	
210	5.533092E-01	4.429829E-01	4.239820E-01	
211	5.528573E-01	4.404670E-01	4.219459E-01	
212	5.519611E-01	4.415761E-01	4.251343E-01	
213	5.536417E-01	4.346322E-01	4.223684E-01	
214	5.513172E-01	4.335141E-01	4.194500E-01	
215	5.548454E-01	4.361443E-01	4.181580E-01	
216	5.519660E-01	4.307228E-01	4.173240E-01	
217	5.503137E-01	4.289666E-01	4.161051E-01	
218	5.500039E-01	4.285617E-01	4.135102E-01	
219	5.508950E-01	4.232766E-01	4.118574E-01	
220	5.431649E-01	4.269624E-01	4.100659E-01	
221	5.447452E-01	4.266077E-01	4.100184E-01	
222	5.515739E-01	4.214596E-01	4.094923E-01	
223	5.423163E-01	4.213497E-01	4.061952E-01	
224	5.504919E-01	4.229214E-01	4.040242E-01	
225	5.370136E-01	4.198149E-01	4.028381E-01	
226	5.390583E-01	4.211956E-01	3.992064E-01	
227	5.437011E-01	4.152339E-01	4.013130E-01	
228	5.365430E-01	4.091482E-01	3.960545E-01	
229	5.403512E-01	4.113345E-01	3.920728E-01	
230	5.323817E-01	4.072975E-01	3.969263E-01	
231	5.351332E-01	4.067059E-01	3.917433E-01	
232	5.217776E-01	4.051829E-01	3.892369E-01	
233	5.145526E-01	4.005236E-01	3.884261E-01	
234	5.204765E-01	4.032157E-01	3.851695E-01	
235	5.114392E-01	3.970956E-01	3.818148E-01	
236	5.104633E-01	3.911584E-01	3.793756E-01	
237	5.008824E-01	3.924683E-01	3.777269E-01	
238	4.961488E-01	3.877200E-01	3.758480E-01	
239	4.984953E-01	3.862004E-01	3.753046E-01	
240	4.879326E-01	3.814471E-01	3.740712E-01	
241	4.920890E-01	3.823967E-01	3.740103E-01	
242	4.802890E-01	3.756243E-01	3.697031E-01	
243	4.755585E-01	3.731908E-01	3.722106E-01	
244	4.734354E-01	3.734073E-01	3.655023E-01	
245	4.733146E-01	3.753538E-01	3.655835E-01	
246	4.590559E-01	3.690819E-01	3.649122E-01	
247	4.548421E-01	3.689333E-01	3.630327E-01	
248	4.552819E-01	3.639165E-01	3.621385E-01	
249	4.497012E-01	3.608840E-01	3.594682E-01	
250	4.562265E-01	3.606909E-01	3.548646E-01	
251	4.393892E-01	3.628010E-01	3.558752E-01	
252	4.395271E-01	3.581361E-01	3.536314E-01	
253	4.390983E-01	3.533598E-01	3.476195E-01	
254	4.258822E-01	3.489183E-01	3.515329E-01	
255	4.175089E-01	3.538064E-01	3.453953E-01	
256	4.162086E-01	3.468358E-01	3.434141E-01	
257	4.214699E-01	3.457404E-01	3.415104E-01	
258	4.053710E-01	3.442497E-01	3.398073E-01	
259	4.078891E-01	3.430555E-01	3.395405E-01	
260	4.009751E-01	3.408086E-01	3.361834E-01	
261	4.116062E-01	3.409757E-01	3.351184E-01	
262	3.655734E-01	3.391972E-01	3.344890E-01	
263	4.001213E-01	3.359217E-01	3.354168E-01	
264	3.659796E-01	3.277067E-01	3.317991E-01	
265	3.773074E-01	3.329836E-01	3.267578E-01	
266	3.821376E-01	3.260333E-01	3.313369E-01	
267	3.747612E-01	3.229384E-01	3.274822E-01	
268	3.576300E-01	3.185338E-01	3.237458E-01	
269	3.621954E-01	3.233917E-01	3.246999E-01	
270	3.619900E-01	3.159186E-01	3.185182E-01	
271	3.468289E-01	3.186349E-01	3.251322E-01	
272	3.565772E-01	3.152003E-01	3.188494E-01	
273	3.492040E-01	3.159178E-01	3.181985E-01	
274	3.372891E-01	3.188957E-01	3.186572E-01	
275	3.519447E-01	3.174570E-01	3.148891E-01	
276	3.245462E-01	3.120273E-01	3.129409E-01	
277	3.358047E-01	3.142170E-01	3.137520E-01	
278	3.265705E-01	3.112642E-01	3.070824E-01	
279	3.399441E-01	3.092441E-01	3.091787E-01	
280	3.374602E-01	3.104590E-01	3.084797E-01	
281	3.484044E-01	3.084608E-01	3.063483E-01	
282	3.290105E-01	3.071524E-01	3.058883E-01	
283	3.273482E-01	3.027268E-01	3.041835E-01	
284	3.233932E-01	3.023230E-01	2.997779E-01	
285	3.294817E-01	3.062550E-01	2.998075E-01	
286	3.173629E-01	3.038974E-01	2.985847E-01	
287	3.278046E-01	2.989328E-01	3.020883E-01	
288	3.206504E-01	3.016141E-01	2.967247E-01	
289	2.952440E-01	3.005491E-01	2.954063E-01	
290	3.075852E-01	2.990944E-01	2.943052E-01	
291	3.103033E-01	3.014364E-01	2.972697E-01	
292	3.009402E-01	2.992882E-01	2.935864E-01	
293	3.087042E-01	2.951993E-01	2.922005E-01	
294	3.067812E-01	2.996293E-01	2.952120E-01	
295	3.071094E-01	2.993796E-01	2.897568E-01	
296	3.114819E-01	2.983020E-01	2.893716E-01	
297	2.965699E-01	3.000930E-01	2.929064E-01	
298	3.083372E-01	3.035269E-01	2.892549E-01	
299	3.108611E-01	2.986018E-01	2.866524E-01	
300	2.883352E-01	3.003020E-01	2.913627E-01	
301	3.301319E-01	2.995711E-01	2.891290E-01	
302	2.880574E-01	3.000161E-01	2.894219E-01	
303	2.997516E-01	3.007642E-01	2.893787E-01	
304	2.890789E-01	2.987792E-01	2.860718E-01	
305	3.096583E-01	2.967822E-01	2.895865E-01	
306	2.902721E-01	2.961159E-01	2.850480E-01	
307	2.937514E-01	2.941135E-01	2.865258E-01	
308	2.972066E-01	2.944867E-01	2.880677E-01	
309	3.035682E-01	2.962959E-01	2.873496E-01	
310	3.041353E-01	2.900378E-01	2.876085E-01	
311	2.961620E-01	2.944981E-01	2.868910E-01	
312	3.188025E-01	2.938067E-01	2.860844E-01	
313	3.117977E-01	2.890006E-01	2.850241E-01	
314	2.890772E-01	2.934398E-01	2.858176E-01	
315	2.857722E-01	2.900754E-01	2.864319E-01	
316	3.048860E-01	2.905372E-01	2.850306E-01	
317	3.156697E-01	2.917464E-01	2.835073E-01	
318	2.969947E-01	2.914053E-01	2.865539E-01	
319	3.053305E-01	2.893115E-01	2.882916E-01	
320	2.852164E-01	2.895023E-01	2.863146E-01	
321	3.021964E-01	2.936884E-01	2.907370E-01	
322	2.982743E-01	2.889188E-01	2.872899E-01	
323	3.147864E-01	2.952938E-01	2.900525E-01	
324	3.271157E-01	2.917279E-01	2.897831E-01	
325	3.161097E-01	2.915855E-01	2.851207E-01	
326	3.109912E-01	2.942475E-01	2.870020E-01	
327	2.989202E-01	2.873427E-01	2.856949E-01	
328	3.143244E-01	2.915529E-01	2.893678E-01	
329	2.983555E-01	2.864568E-01	2.845761E-01	
330	2.890558E-01	2.836594E-01	2.837763E-01	
331	3.133936E-01	2.877480E-01	2.881180E-01	
332	2.933402E-01	2.808952E-01	2.835560E-01	
333	2.940975E-01	2.844127E-01	2.853935E-01	
334	3.062703E-01	2.837153E-01	2.828800E-01	
335	2.954877E-01	2.867490E-01	2.860279E-01	
336	2.874459E-01	2.873852E-01	2.835741E-01	
337	2.893336E-01	2.849676E-01	2.852307E-01	
338	3.045689E-01	2.821834E-01	2.857766E-01	
339	2.927604E-01	2.825412E-01	2.891149E-01	
340	2.925789E-01	2.829094E-01	2.811153E-01	
341	2.763773E-01	2.774797E-01	2.827559E-01	
342	2.787164E-01	2.819265E-01	2.852743E-01	
343	2.905643E-01	2.807645E-01	2.817885E-01	
344	2.756304E-01	2.796933E-01	2.855283E-01	
345	3.148570E-01	2.802096E-01	2.809881E-01	
346	2.766614E-01	2.788352E-01	2.813565E-01	
347	2.770903E-01	2.791191E-01	2.785030E-01	
348	3.216799E-01	2.800879E-01	2.813997E-01	
349	2.698434E-01	2.780383E-01	2.819753E-01	
350	2.947597E-01	2.789829E-01	2.773537E-01	
351	2.852833E-01	2.781307E-01	2.836476E-01	
352	2.955611E-01	2.801596E-01	2.801084E-01	
353	3.073272E-01	2.789862E-01	2.833638E-01	
354	3.191362E-01	2.757619E-01	2.818350E-01	
355	2.973820E-01	2.775372E-01	2.838259E-01	
356	2.730466E-01	2.763658E-01	2.813466E-01	
357	2.889028E-01	2.760407E-01	2.822427E-01	
358	3.053097E-01	2.780263E-01	2.822584E-01	
359	2.895906E-01	2.773350E-01	2.776427E-01	
360	2.786942E-01	2.785009E-01	2.790479E-01	
361	2.903594E-01	2.806209E-01	2.786179E-01	
362	2.957204E-01	2.815152E-01	2.784741E-01	
363	2.956488E-01	2.794752E-01	2.770210E-01	
364	2.914146E-01	2.827756E-01	2.782023E-01	
365	2.982164E-01	2.791067E-01	2.771378E-01	
366	2.806238E-01	2.782835E-01	2.753518E-01	
367	3.109701E-01	2.773901E-01	2.790212E-01	
368	2.818172E-01	2.785079E-01	2.746601E-01	
369	2.824581E-01	2.808299E-01	2.759738E-01	
370	3.043115E-01	2.775678E-01	2.783322E-01	
371	2.953236E-01	2.802435E-01	2.764928E-01	
372	2.870352E-01	2.829575E-01	2.822984E-01	
373	3.004746E-01	2.784787E-01	2.753443E-01	
374	2.867308E-01	2.801895E-01	2.772705E-01	
375	3.087353E-01	2.819410E-01	2.769786E-01	
376	3.316162E-01	2.802040E-01	2.776385E-01	
377	2.680153E-01	2.792982E-01	2.783134E-01	
378	2.915552E-01	2.855395E-01	2.754354E-01	
379	2.980469E-01	2.833569E-01	2.745176E-01	
380	2.743325E-01	2.835320E-01	2.739144E-01	
381	2.743755E-01	2.867194E-01	2.758184E-01	
382	2.919487E-01	2.811432E-01	2.739523E-01	
383	3.027549E-01	2.832768E-01	2.725702E-01	
384	2.904072E-01	2.774472E-01	2.755207E-01	
385	3.035017E-01	2.799098E-01	2.747805E-01	
386	2.722041E-01	2.762972E-01	2.757716E-01	
387	2.835821E-01	2.801141E-01	2.800733E-01	
388	2.873195E-01	2.785384E-01	2.787684E-01	
389	2.861950E-01	2.798852E-01	2.832111E-01	
390	2.776604E-01	2.840930E-01	2.852685E-01	
391	2.951316E-01	2.811158E-01	2.817393E-01	
392	2.875354E-01	2.748917E-01	2.835456E-01	
393	2.880835E-01	2.803657E-01	2.828106E-01	
394	3.169240E-01	2.825725E-01	2.834621E-01	
395	3.219310E-01	2.812990E-01	2.869829E-01	
396	3.298164E-01	2.802808E-01	2.845471E-01	
397	3.352405E-01	2.786605E-01	2.899286E-01	
398	3.115895E-01	2.771323E-01	2.879852E-01	
399	3.425002E-01	2.792569E-01	2.907369E-01	
400	3.276793E-01	2.785210E-01	2.860652E-01	
401	3.120056E-01	2.803721E-01	2.925745E-01	
402	3.207301E-01	2.818437E-01	2.909530E-01	
403	3.464262E-01	2.773067E-01	2.890490E-01	
404	3.101661E-01	2.783166E-01	2.898506E-01	
405	2.986926E-01	2.808154E-01	2.874267E-01	
406	2.907899E-01	2.831636E-01	2.938676E-01	
407	3.414241E-01	2.885016E-01	2.989522E-01	
408	2.762801E-01	2.875275E-01	2.912364E-01	
409	3.054160E-01	2.838999E-01	2.886068E-01	
410	2.935631E-01	2.917569E-01	3.019563E-01	
411	2.907269E-01	2.897291E-01	2.982144E-01	
412	2.958265E-01	2.889067E-01	2.925497E-01	
413	2.795457E-01	2.880374E-01	2.996705E-01	
414	2.711543E-01	2.962723E-01	2.989519E-01	
415	3.247424E-01	2.913154E-01	3.046469E-01	
416	2.731023E-01	3.005971E-01	2.914284E-01	
417	2.752484E-01	2.942035E-01	3.041466E-01	
418	2.659710E-01	2.941555E-01	2.994988E-01	
419	2.533234E-01	2.948817E-01	2.981099E-01	
420	2.717401E-01	2.977971E-01	2.991336E-01	
421	2.709813E-01	2.951554E-01	3.098375E-01	
422	2.712662E-01	3.014128E-01	3.043310E-01	
423	2.352225E-01	2.949706E-01	3.017051E-01	
424	2.290653E-01	3.012140E-01	3.023231E-01	
425	2.898390E-01	2.989069E-01	3.002354E-01	
426	2.236835E-01	2.975514E-01	2.968940E-01	
427	2.779076E-01	2.988770E-01	2.942483E-01	
428	2.629688E-01	2.971765E-01	2.993425E-01	
429	2.359615E-01	2.924306E-01	2.925785E-01	
430	2.494999E-01	2.879534E-01	2.939859E-01	
431	2.580156E-01	2.972514E-01	2.874568E-01	
432	2.644571E-01	3.020120E-01	2.934410E-01	
433	2.445378E-01	3.025169E-01	3.043481E-01	
434	2.841672E-01	2.998752E-01	2.893705E-01	
435	2.408516E-01	2.915377E-01	2.976865E-01	
436	2.706909E-01	2.984561E-01	3.075823E-01	
437	2.667238E-01	2.942337E-01	2.976532E-01	
438	2.526884E-01	3.013182E-01	3.014532E-01	
439	2.602314E-01	2.867334E-01	2.907519E-01	
440	2.598867E-01	2.980582E-01	3.094647E-01	
441	2.587249E-01	2.919996E-01	2.986488E-01	
442	2.668730E-01	2.947490E-01	3.044380E-01	
443	2.576051E-01	2.874080E-01	2.963553E-01	
444	2.250555E-01	3.021562E-01	3.093778E-01	
445	2.701553E-01	3.019800E-01	3.064457E-01	
446	2.278614E-01	2.943650E-01	3.029679E-01	
447	2.362970E-01	3.024970E-01	3.221639E-01	
448	2.136077E-01	2.872244E-01	3.102132E-01	
449	2.498604E-01	3.025502E-01	3.198867E-01	
450	2.433121E-01	3.004097E-01	3.064220E-01	
451	2.349639E-01	2.969211E-01	3.206875E-01	
452	2.542004E-01	3.041541E-01	3.051834E-01	
453	2.646683E-01	2.979938E-01	3.165219E-01	
454	2.698516E-01	3.103494E-01	3.213865E-01	
455	3.071589E-01	2.947640E-01	3.072003E-01	
456	2.527044E-01	3.107235E-01	3.239623E-01	
457	2.678809E-01	3.117274E-01	3.110265E-01	
458	2.459298E-01	3.147120E-01	3.259154E-01	
459	2.598880E-01	3.153729E-01	3.091492E-01	
460	2.817705E-01	3.083901E-01	3.136543E-01	
461	2.778967E-01	3.198225E-01	3.130849E-01	
462	2.787190E-01	2.981510E-01	2.995299E-01	
463	2.887148E-01	3.274550E-01	3.103604E-01	
464	2.254482E-01	3.151588E-01	3.033952E-01	
465	2.820800E-01	3.056278E-01	3.167789E-01	
466	2.822485E-01	3.072634E-01	3.035565E-01	
467	2.364828E-01	3.197319E-01	3.101822E-01	
468	2.674181E-01	3.409236E-01	3.160803E-01	
469	2.887416E-01	3.245193E-01	3.110632E-01	
470	3.307928E-01	3.343729E-01	3.183921E-01	
471	2.751869E-01	3.075544E-01	3.045376E-01	
472	3.332160E-01	3.337487E-01	3.240558E-01	
473	2.196854E-01	3.190469E-01	3.100444E-01	
474	3.438650E-01	3.207518E-01	3.276081E-01	
475	2.707088E-01	3.272966E-01	3.201977E-01	
476	2.494584E-01	3.175399E-01	3.159487E-01	
477	3.471987E-01	3.652782E-01	3.891160E-01	
478	2.603898E-01	3.183308E-01	3.314467E-01	
479	3.366807E-01	3.768079E-01	3.899919E-01	
480	2.623451E-01	3.258452E-01	3.398802E-01	
481	3.048844E-01	3.637222E-01	3.734639E-01	
482	2.883859E-01	3.516093E-01	3.338297E-01	
483	3.373698E-01	3.519753E-01	3.933980E-01	
484	3.053954E-01	4.259036E-01	4.253624E-01	
485	3.063798E-01	3.470230E-01	3.697527E-01	
486	5.016270E-01	4.512341E-01	4.691207E-01	
487	3.372351E-01	3.465995E-01	3.886854E-01	
488	5.014832E-01	4.122977E-01	4.648259E-01	
489	2.838489E-01	3.655435E-01	3.769144E-01	
490	4.305498E-01	3.875474E-01	4.371572E-01	
491	4.060878E-01	4.085007E-01	3.884758E-01	
492	3.848949E-01	3.570593E-01	4.364727E-01	
493	9.541186E-01	4.813400E-01	5.302138E-01	
494	4.528241E-01	3.694907E-01	4.359979E-01	
495	2.837545E-01	4.164351E-01	5.456810E-01	
496	4.536734E-01	3.712007E-01	4.239629E-01	
497	3.545871E-01	3.762792E-01	5.290514E-01	
498	5.534033E-01	3.866815E-01	4.597426E-01	
499	5.652743E-01	4.194330E-01	4.699179E-01	
500	0	0	0	
501	6.302406E-01	4.293753E-01	5.108091E-01	
502	0	0	0	
503	7.510701E-01	4.646191E-01	5.221200E-01	
504	0	0	0	
505	7.513292E-01	4.975888E-01	5.175146E-01	
506	0	6.275813E-01	6.175635E-01	
507	0	0	0	
508	7.620143E-01	5.807550E-01	5.841752E-01	
509	0	0	0	
510	8.029298E-01	6.278232E-01	6.279578E-01	
511	0	0	0	
512	7.758860E-01	6.662010E-01	6.433517E-01	
513	0	0	0	
514	0	0	0	
515	0	6.898127E-01	6.717900E-01	
516	0	0	0	
517	0	7.161960E-01	8.194891E-01	
518	0	0	0	
519	0	6.656257E-01	0	
520	0	0	0	
521	0	0	0	
522	0	0	0	
523	0	0	0	
524	0	0	0	
525	0	0	0	
526	0	0	0	
527	0	0	0	
528	0	0	0	
529	0	0	0	
530	0	0	0	
531	0	0	0	
532	0	0	0	
533	0	0	0	
534	0	0	0	
535	0	0	0	
536	0	0	0	
537	0	0	0	
538	0	0	0	
539	0	0	0	
540	0	0	0	
541	0	0	0	
542	0	0	0	
543	0	0	0	
544	0	0	0	
545	0	0	0	
546	0	0	0	
547	0	0	0	
548	0	0	0	
549	0	0	0	
550	0	0	0	
551	0	0	0	
552	0	0	0	
553	0	0	0	
554	0	0	0	
555	0	0	0	
556	0	0	0	
557	0	0	0	
558	0	0	0	
559	0	0	0	
560	0	0	0	
561	0	0	0	
562	0	0	0	
563	0	0	0	
564	0	0	0	
565	0	0	0	
566	0	0	0	
567	0	0	0	
568	0	0	0	
569	0	0	0	
570	0	0	0	
571	0	0	0	
572	0	0	0	
573	0	0	0	
574	0	0	0	
575	0	0	0	
576	0	0	0	
577	0	0	0	
578	0	0	0	
579	0	0	0	
580	0	0	0	
581	0	0	0	
582	0	0	0	
583	0	0	0	
584	0	0	0	
585	0	0	0	
586	0	0	0	
587	0	0	0	
588	0	0	0	
589	0	0	0	
590	0	0	0	
591	0	0	0	
592	0	0	0	
593	0	0	0	
594	0	0	0	
595	0	0	0	
596	0	0	0	
597	0	0	0	
598	0	0	0	
599	0	0	0	
#NewRun
0	0	0	0	
1	0	0	0	
2	0	0	0	
3	0	0	0	
4	3.370509E-01	3.619630E-01	3.320827E-01	
5	3.393516E-01	3.253017E-01	3.407590E-01	
6	3.461855E-01	3.247693E-01	3.196787E-01	
7	0	0	0	
8	3.294308E-01	3.334421E-01	3.366267E-01	
9	3.261049E-01	3.398302E-01	3.384642E-01	
10	0	0	0	
11	3.350696E-01	3.304628E-01	3.355314E-01	
12	3.259007E-01	3.333935E-01	3.387104E-01	
13	3.384979E-01	3.331127E-01	3.365924E-01	
14	3.328908E-01	3.349590E-01	3.268590E-01	
15	0	0	0	
16	3.231128E-01	3.438982E-01	3.371060E-01	
17	3.371083E-01	3.394675E-01	3.304254E-01	
18	3.237374E-01	3.350200E-01	3.309041E-01	
19	3.248351E-01	3.197823E-01	3.318810E-01	
20	3.233070E-01	3.464626E-01	3.277079E-01	
21	3.218676E-01	3.290457E-01	3.294831E-01	
22	3.247199E-01	3.352789E-01	3.236700E-01	
23	3.260637E-01	3.296402E-01	3.299848E-01	
24	3.243975E-01	3.382261E-01	3.310556E-01	
25	3.250087E-01	3.384975E-01	3.295797E-01	
26	3.315470E-01	3.350819E-01	3.285310E-01	
27	3.308317E-01	3.286275E-01	3.303553E-01	
28	3.256860E-01	3.292075E-01	3.320164E-01	
29	3.309490E-01	3.337000E-01	3.369108E-01	
30	3.303617E-01	3.391617E-01	3.434653E-01	
31	3.299747E-01	3.375615E-01	3.354943E-01	
32	3.281297E-01	3.355778E-01	3.394307E-01	
33	3.314173E-01	3.368780E-01	3.438871E-01	
34	3.304845E-01	3.293805E-01	3.417907E-01	
35	3.315371E-01	3.341637E-01	3.437253E-01	
36	3.322169E-01	3.290590E-01	3.406100E-01	
37	3.303142E-01	3.295478E-01	3.404273E-01	
38	3.318821E-01	3.192986E-01	3.462843E-01	
39	3.304126E-01	3.217034E-01	3.411907E-01	
40	3.319668E-01	3.295166E-01	3.412054E-01	
41	3.293158E-01	3.242422E-01	3.406276E-01	
42	3.296224E-01	3.176503E-01	3.390895E-01	
43	3.281894E-01	3.235095E-01	3.425620E-01	
44	3.297250E-01	3.270218E-01	3.377754E-01	
45	3.320260E-01	3.220123E-01	3.362903E-01	
46	3.279972E-01	3.217692E-01	3.371715E-01	
47	3.311044E-01	3.199175E-01	3.349820E-01	
48	3.295181E-01	3.212327E-01	3.361163E-01	
49	3.308351E-01	3.273449E-01	3.357880E-01	
50	3.298208E-01	3.204900E-01	3.350346E-01	
51	3.269128E-01	3.210000E-01	3.387578E-01	
52	3.279881E-01	3.207512E-01	3.329939E-01	
53	3.268213E-01	3.241108E-01	3.347503E-01	
54	3.270043E-01	3.196576E-01	3.314498E-01	
55	3.272375E-01	3.209632E-01	3.326254E-01	
56	3.270398E-01	3.246138E-01	3.306077E-01	
57	3.278533E-01	3.218099E-01	3.326716E-01	
58	3.299998E-01	3.213079E-01	3.334312E-01	
59	3.289096E-01	3.229630E-01	3.340052E-01	
60	3.278888E-01	3.224127E-01	3.332856E-01	
61	3.281191E-01	3.236193E-01	3.312043E-01	
62	3.262111E-01	3.225324E-01	3.329270E-01	
63	3.265241E-01	3.209567E-01	3.323649E-01	
64	3.270262E-01	3.232267E-01	3.307776E-01	
65	3.240569E-01	3.225846E-01	3.313346E-01	
66	3.239997E-01	3.220001E-01	3.275446E-01	
67	3.219160E-01	3.219831E-01	3.289510E-01	
68	3.234688E-01	3.215965E-01	3.275041E-01	
69	3.227143E-01	3.222756E-01	3.297743E-01	
70	3.222139E-01	3.260507E-01	3.289236E-01	
71	3.203000E-01	3.247675E-01	3.238194E-01	
72	3.194556E-01	3.237581E-01	3.272220E-01	
73	3.192253E-01	3.244694E-01	3.253220E-01	
74	3.192771E-01	3.238189E-01	3.257061E-01	
75	3.173964E-01	3.253428E-01	3.247145E-01	
76	3.176931E-01	3.241629E-01	3.226979E-01	
77	3.162602E-01	3.246127E-01	3.230974E-01	
78	3.156256E-01	3.250046E-01	3.217230E-01	
79	3.145844E-01	3.216277E-01	3.205294E-01	
80	3.146509E-01	3.248128E-01	3.177922E-01	
81	3.128280E-01	3.251285E-01	3.186371E-01	
82	3.129263E-01	3.244951E-01	3.169787E-01	
83	3.108124E-01	3.237839E-01	3.162109E-01	
84	3.125783E-01	3.255546E-01	3.163308E-01	
85	3.132543E-01	3.238591E-01	3.160831E-01	
86	3.125967E-01	3.249772E-01	3.137347E-01	
87	3.128422E-01	3.240855E-01	3.130305E-01	
88	3.118835E-01	3.255004E-01	3.143005E-01	
89	3.105081E-01	3.244502E-01	3.117250E-01	
90	3.103731E-01	3.237065E-01	3.139309E-01	
91	3.104800E-01	3.268814E-01	3.114591E-01	
92	3.117249E-01	3.238244E-01	3.120140E-01	
93	3.096239E-01	3.249364E-01	3.129168E-01	
94	3.101908E-01	3.263603E-01	3.121553E-01	
95	3.108354E-01	3.260229E-01	3.133529E-01	
96	3.112757E-01	3.252266E-01	3.130169E-01	
97	3.101457E-01	3.281294E-01	3.137758E-01	
98	3.104591E-01	3.253270E-01	3.130349E-01	
99	3.093415E-01	3.242869E-01	3.174271E-01	
100	3.118338E-01	3.274317E-01	3.155837E-01	
101	3.096981E-01	3.268519E-01	3.149252E-01	
102	3.097610E-01	3.261006E-01	3.145966E-01	
103	3.103691E-01	3.261739E-01	3.163039E-01	
104	3.127019E-01	3.252757E-01	3.170985E-01	
105	3.114347E-01	3.272436E-01	3.179420E-01	
106	3.117981E-01	3.286089E-01	3.201583E-01	
107	3.120487E-01	3.268092E-01	3.191902E-01	
108	3.117739E-01	3.255337E-01	3.198183E-01	
109	3.127624E-01	3.278142E-01	3.215146E-01	
110	3.127053E-01	3.267850E-01	3.231367E-01	
111	3.136260E-01	3.281303E-01	3.229631E-01	
112	3.145649E-01	3.278192E-01	3.246121E-01	
113	3.142053E-01	3.302790E-01	3.251814E-01	
114	3.171436E-01	3.311421E-01	3.262618E-01	
115	3.172406E-01	3.304127E-01	3.289513E-01	
116	3.185376E-01	3.315476E-01	3.293623E-01	
117	3.195594E-01	3.318497E-01	3.309069E-01	
118	3.194390E-01	3.344108E-01	3.318337E-01	
119	3.219090E-01	3.343664E-01	3.328049E-01	
120	3.236909E-01	3.346833E-01	3.344923E-01	
121	3.248658E-01	3.357798E-01	3.383538E-01	
122	3.255222E-01	3.383624E-01	3.369710E-01	
123	3.270341E-01	3.365535E-01	3.395066E-01	
124	3.275915E-01	3.366034E-01	3.405307E-01	
125	3.308209E-01	3.378714E-01	3.429624E-01	
126	3.329195E-01	3.409949E-01	3.441193E-01	
127	3.327046E-01	3.434669E-01	3.451931E-01	
128	3.350009E-01	3.425264E-01	3.465147E-01	
129	3.381559E-01	3.455750E-01	3.484288E-01	
130	3.395050E-01	3.445047E-01	3.520082E-01	
131	3.414051E-01	3.464710E-01	3.529801E-01	
132	3.420086E-01	3.469217E-01	3.553956E-01	
133	3.443815E-01	3.476555E-01	3.540762E-01	
134	3.460533E-01	3.496871E-01	3.580961E-01	
135	3.482950E-01	3.509686E-01	3.612596E-01	
136	3.511259E-01	3.506367E-01	3.627416E-01	
137	3.528432E-01	3.544324E-01	3.649607E-01	
138	3.544510E-01	3.550273E-01	3.671642E-01	
139	3.576613E-01	3.575388E-01	3.677440E-01	
140	3.599435E-01	3.574414E-01	3.703122E-01	
141	3.634785E-01	3.573260E-01	3.740313E-01	
142	3.645790E-01	3.612430E-01	3.737175E-01	
143	3.688016E-01	3.611442E-01	3.785717E-01	
144	3.725312E-01	3.642911E-01	3.792298E-01	
145	3.745961E-01	3.635872E-01	3.815497E-01	
146	3.781594E-01	3.645987E-01	3.843978E-01	
147	3.776459E-01	3.673947E-01	3.860593E-01	
148	3.810916E-01	3.688792E-01	3.881775E-01	
149	3.856540E-01	3.698050E-01	3.897280E-01	
150	3.879940E-01	3.728881E-01	3.926850E-01	
151	3.904995E-01	3.728092E-01	3.931978E-01	
152	3.927903E-01	3.764340E-01	3.990155E-01	
153	3.982437E-01	3.763700E-01	3.989862E-01	
154	4.005904E-01	3.784188E-01	4.015698E-01	
155	4.033350E-01	3.805729E-01	4.045069E-01	
156	4.085212E-01	3.844691E-01	4.072117E-01	
157	4.099336E-01	3.844759E-01	4.120955E-01	
158	4.137699E-01	3.874141E-01	4.124253E-01	
159	4.168398E-01	3.898409E-01	4.172968E-01	
160	4.182725E-01	3.881770E-01	4.177133E-01	
161	4.245954E-01	3.910995E-01	4.231224E-01	
162	4.239174E-01	3.921013E-01	4.239083E-01	
163	4.318709E-01	3.971778E-01	4.253505E-01	
164	4.356317E-01	3.971586E-01	4.316521E-01	
165	4.398628E-01	4.004545E-01	4.326330E-01	
166	4.455242E-01	4.021580E-01	4.342919E-01	
167	4.476844E-01	4.022780E-01	4.380104E-01	
168	4.521862E-01	4.044350E-01	4.373531E-01	
169	4.560911E-01	4.046813E-01	4.397122E-01	
170	4.578797E-01	4.062941E-01	4.468615E-01	
171	4.605653E-01	4.100339E-01	4.442552E-01	
172	4.639755E-01	4.119140E-01	4.482721E-01	
173	4.712989E-01	4.117175E-01	4.495772E-01	
174	4.753574E-01	4.188285E-01	4.533352E-01	
175	4.755306E-01	4.184374E-01	4.532650E-01	
176	4.774595E-01	4.216742E-01	4.526439E-01	
177	4.855091E-01	4.228404E-01	4.562333E-01	
178	4.866558E-01	4.234998E-01	4.589854E-01	
179	4.874120E-01	4.292158E-01	4.586838E-01	
180	4.878619E-01	4.293210E-01	4.624259E-01	
181	4.904419E-01	4.308243E-01	4.612843E-01	
182	4.984601E-01	4.323922E-01	4.650462E-01	
183	5.018275E-01	4.338012E-01	4.640399E-01	
184	5.027770E-01	4.341229E-01	4.639897E-01	
185	5.022734E-01	4.377515E-01	4.640083E-01	
186	5.095806E-01	4.376684E-01	4.672306E-01	
187	5.098002E-01	4.364796E-01	4.649891E-01	
188	5.122299E-01	4.425545E-01	4.636398E-01	
189	5.153063E-01	4.377976E-01	4.657128E-01	
190	5.194222E-01	4.425801E-01	4.631098E-01	
191	5.187021E-01	4.398236E-01	4.653662E-01	
192	5.242831E-01	4.414897E-01	4.617399E-01	
193	5.261843E-01	4.426798E-01	4.628180E-01	
194	5.320374E-01	4.449795E-01	4.673468E-01	
195	5.327005E-01	4.380217E-01	4.589631E-01	
196	5.423999E-01	4.425933E-01	4.621178E-01	
197	5.398675E-01	4.415971E-01	4.598737E-01	
198	5.421467E-01	4.404550E-01	4.575365E-01	
199	5.441338E-01	4.393787E-01	4.601891E-01	
200	5.473704E-01	4.385327E-01	4.575362E-01	
201	5.492980E-01	4.394181E-01	4.567860E-01	
202	5.470384E-01	4.413745E-01	4.575572E-01	
203	5.518662E-01	4.340797E-01	4.586114E-01	
204	5.550173E-01	4.365149E-01	4.515408E-01	
205	5.645395E-01	4.347697E-01	4.554904E-01	
206	5.543770E-01	4.305188E-01	4.509746E-01	
207	5.529764E-01	4.325359E-01	4.507392E-01	
208	5.628551E-01	4.364571E-01	4.448045E-01	
209	5.578856E-01	4.326298E-01	4.428373E-01	
210	5.543458E-01	4.296599E-01	4.415189E-01	
211	5.573742E-01	4.314526E-01	4.474912E-01	
212	5.620948E-01	4.287743E-01	4.384087E-01	
213	5.602094E-01	4.259047E-01	4.373620E-01	
214	5.483371E-01	4.277114E-01	4.383604E-01	
215	5.456728E-01	4.255856E-01	4.407686E-01	
216	5.650075E-01	4.190540E-01	4.313611E-01	
217	5.521757E-01	4.222550E-01	4.329143E-01	
218	5.356367E-01	4.190975E-01	4.290987E-01	
219	5.435599E-01	4.159511E-01	4.288643E-01	
220	5.361610E-01	4.137999E-01	4.241278E-01	
221	5.312782E-01	4.124110E-01	4.233261E-01	
222	5.266084E-01	4.094372E-01	4.205231E-01	
223	5.316476E-01	4.082257E-01	4.175713E-01	
224	5.339741E-01	4.049758E-01	4.192496E-01	
225	5.301126E-01	4.053594E-01	4.172133E-01	
226	5.056885E-01	4.049903E-01	4.165063E-01	
227	5.219084E-01	4.040033E-01	4.119758E-01	
228	5.250627E-01	3.975356E-01	4.105547E-01	
229	5.138204E-01	3.975940E-01	4.126353E-01	
230	5.000894E-01	3.928605E-01	4.065636E-01	
231	5.035528E-01	3.951003E-01	4.114984E-01	
232	5.013632E-01	3.949688E-01	4.051861E-01	
233	4.996418E-01	3.903668E-01	4.008660E-01	
234	4.994900E-01	3.885384E-01	3.980107E-01	
235	5.019611E-01	3.832274E-01	3.946927E-01	
236	4.933785E-01	3.833550E-01	3.925689E-01	
237	4.819213E-01	3.806829E-01	3.930774E-01	
238	4.925074E-01	3.823538E-01	3.853188E-01	
239	4.867457E-01	3.797934E-01	3.833395E-01	
240	4.878460E-01	3.777010E-01	3.859977E-01	
241	5.008570E-01	3.723883E-01	3.820127E-01	
242	4.946072E-01	3.742529E-01	3.820782E-01	
243	4.963965E-01	3.711592E-01	3.827854E-01	
244	4.754325E-01	3.690333E-01	3.746134E-01	
245	4.849998E-01	3.662070E-01	3.702261E-01	
246	4.717416E-01	3.662836E-01	3.699369E-01	
247	4.682735E-01	3.639521E-01	3.693117E-01	
248	4.629474E-01	3.610184E-01	3.627766E-01	
249	4.693655E-01	3.600545E-01	3.595713E-01	
250	4.597682E-01	3.623983E-01	3.585172E-01	
251	4.490739E-01	3.535769E-01	3.585009E-01	
252	4.644042E-01	3.534045E-01	3.527151E-01	
253	4.527029E-01	3.510695E-01	3.534994E-01	
254	4.242512E-01	3.475114E-01	3.543253E-01	
255	4.230089E-01	3.487190E-01	3.499271E-01	
256	4.221504E-01	3.500460E-01	3.453171E-01	
257	4.415449E-01	3.434055E-01	3.480664E-01	
258	4.201884E-01	3.458832E-01	3.389049E-01	
259	4.156466E-01	3.443782E-01	3.379050E-01	
260	3.918408E-01	3.416903E-01	3.355888E-01	
261	4.063392E-01	3.402304E-01	3.349350E-01	
262	3.976783E-01	3.334890E-01	3.393093E-01	
263	3.979414E-01	3.338281E-01	3.367673E-01	
264	3.796535E-01	3.317585E-01	3.292871E-01	
265	3.736729E-01	3.292753E-01	3.262579E-01	
266	3.899894E-01	3.276883E-01	3.295775E-01	
267	3.902281E-01	3.263438E-01	3.261815E-01	
268	3.734516E-01	3.227431E-01	3.213258E-01	
269	3.825593E-01	3.235463E-01	3.208914E-01	
270	3.610969E-01	3.231646E-01	3.243911E-01	
271	3.677251E-01	3.231779E-01	3.216154E-01	
272	3.517590E-01	3.155698E-01	3.180079E-01	
273	3.463872E-01	3.113287E-01	3.180242E-01	
274	3.435780E-01	3.111360E-01	3.145943E-01	
275	3.325335E-01	3.142540E-01	3.175285E-01	
276	3.142397E-01	3.045026E-01	3.105837E-01	
277	3.434256E-01	3.070495E-01	3.113930E-01	
278	3.317051E-01	3.016639E-01	3.079192E-01	
279	3.289453E-01	3.042869E-01	3.084431E-01	
280	3.268770E-01	3.048260E-01	3.029335E-01	
281	3.123788E-01	2.994619E-01	2.997076E-01	
282	3.291672E-01	3.031000E-01	3.003011E-01	
283	3.014687E-01	3.022275E-01	2.989779E-01	
284	3.202656E-01	2.968966E-01	2.965633E-01	
285	3.044634E-01	3.002485E-01	2.961735E-01	
286	3.103567E-01	2.982186E-01	2.941848E-01	
287	2.975763E-01	2.970462E-01	2.875806E-01	
288	3.345446E-01	2.950484E-01	2.929514E-01	
289	3.036530E-01	2.946024E-01	2.944845E-01	
290	3.089587E-01	2.918091E-01	2.908364E-01	
291	2.995776E-01	2.944415E-01	2.897659E-01	
292	2.977677E-01	2.904382E-01	2.886082E-01	
293	2.967871E-01	2.883527E-01	2.876715E-01	
294	3.033391E-01	2.904494E-01	2.896621E-01	
295	3.099297E-01	2.886202E-01	2.900426E-01	
296	3.001727E-01	2.889624E-01	2.876376E-01	
297	3.013627E-01	2.914199E-01	2.878770E-01	
298	2.995304E-01	2.935121E-01	2.885223E-01	
299	3.008716E-01	2.931538E-01	2.887505E-01	
300	2.888438E-01	2.961016E-01	2.938789E-01	
301	2.916021E-01	2.934114E-01	2.888263E-01	
302	2.913987E-01	2.914468E-01	2.918483E-01	
303	3.014792E-01	2.921530E-01	2.924260E-01	
304	2.838524E-01	2.906370E-01	2.906633E-01	
305	2.851224E-01	2.917813E-01	2.907206E-01	
306	2.921219E-01	2.930220E-01	2.903666E-01	
307	2.921558E-01	2.899019E-01	2.895524E-01	
308	2.863984E-01	2.913066E-01	2.889865E-01	
309	2.898182E-01	2.923530E-01	2.882894E-01	
310	3.002054E-01	2.922761E-01	2.904980E-01	
311	3.074630E-01	2.923533E-01	2.912088E-01	
312	3.188525E-01	2.923442E-01	2.889591E-01	
313	2.988832E-01	2.909925E-01	2.854043E-01	
314	3.086538E-01	2.948248E-01	2.895883E-01	
315	3.144229E-01	2.895767E-01	2.844366E-01	
316	3.142324E-01	2.905925E-01	2.863662E-01	
317	3.221199E-01	2.893759E-01	2.886537E-01	
318	2.952403E-01	2.888778E-01	2.861862E-01	
319	3.142998E-01	2.904238E-01	2.904452E-01	
320	3.106222E-01	2.882795E-01	2.887360E-01	
321	3.206138E-01	2.905631E-01	2.909069E-01	
322	3.221740E-01	2.885548E-01	2.889311E-01	
323	3.220479E-01	2.914703E-01	2.882613E-01	
324	3.064573E-01	2.896770E-01	2.915849E-01	
325	3.251848E-01	2.891453E-01	2.904546E-01	
326	3.105553E-01	2.868704E-01	2.876732E-01	
327	3.214451E-01	2.873372E-01	2.872160E-01	
328	3.288867E-01	2.899549E-01	2.874583E-01	
329	3.136385E-01	2.903509E-01	2.858788E-01	
330	3.160744E-01	2.875356E-01	2.850748E-01	
331	3.276119E-01	2.889289E-01	2.868129E-01	
332	3.027688E-01	2.878962E-01	2.884981E-01	
333	3.394289E-01	2.867086E-01	2.892080E-01	
334	3.402681E-01	2.855730E-01	2.854324E-01	
335	2.997969E-01	2.869117E-01	2.895472E-01	
336	3.120792E-01	2.837349E-01	2.839864E-01	
337	3.009626E-01	2.834939E-01	2.840738E-01	
338	2.967342E-01	2.819981E-01	2.823079E-01	
339	3.060567E-01	2.834250E-01	2.841090E-01	
340	3.119087E-01	2.840823E-01	2.850317E-01	
341	2.721799E-01	2.828479E-01	2.868000E-01	
342	2.857431E-01	2.808138E-01	2.806064E-01	
343	2.826297E-01	2.789460E-01	2.813128E-01	
344	2.889862E-01	2.835904E-01	2.816738E-01	
345	2.697578E-01	2.798903E-01	2.823119E-01	
346	2.935101E-01	2.798185E-01	2.874956E-01	
347	2.838512E-01	2.821225E-01	2.816934E-01	
348	2.675233E-01	2.800852E-01	2.822087E-01	
349	2.753325E-01	2.797708E-01	2.872018E-01	
350	2.713145E-01	2.776823E-01	2.853973E-01	
351	2.708697E-01	2.791590E-01	2.813855E-01	
352	2.757559E-01	2.786965E-01	2.804243E-01	
353	2.680878E-01	2.787925E-01	2.812796E-01	
354	2.650920E-01	2.785581E-01	2.821987E-01	
355	2.758414E-01	2.795926E-01	2.826327E-01	
356	2.735987E-01	2.758905E-01	2.769804E-01	
357	2.683398E-01	2.768174E-01	2.778910E-01	
358	2.612912E-01	2.824956E-01	2.810367E-01	
359	2.607386E-01	2.794086E-01	2.777087E-01	
360	2.779540E-01	2.796907E-01	2.802528E-01	
361	2.742140E-01	2.782406E-01	2.815337E-01	
362	2.667850E-01	2.752453E-01	2.785883E-01	
363	2.608893E-01	2.788452E-01	2.745852E-01	
364	2.640284E-01	2.753530E-01	2.789231E-01	
365	2.773023E-01	2.803096E-01	2.776030E-01	
366	2.935641E-01	2.787116E-01	2.825224E-01	
367	2.520515E-01	2.808740E-01	2.788988E-01	
368	2.827519E-01	2.779809E-01	2.746472E-01	
369	2.505611E-01	2.772369E-01	2.802653E-01	
370	2.845777E-01	2.797105E-01	2.799052E-01	
371	2.461845E-01	2.774498E-01	2.714587E-01	
372	2.539159E-01	2.817435E-01	2.813048E-01	
373	2.391490E-01	2.766967E-01	2.748442E-01	
374	2.549080E-01	2.760147E-01	2.738225E-01	
375	2.454492E-01	2.738442E-01	2.801601E-01	
376	2.435943E-01	2.733895E-01	2.722028E-01	
377	2.688279E-01	2.723803E-01	2.772863E-01	
378	2.613343E-01	2.753053E-01	2.759121E-01	
379	2.446394E-01	2.693181E-01	2.785996E-01	
380	2.515066E-01	2.699863E-01	2.740301E-01	
381	2.399609E-01	2.714871E-01	2.786619E-01	
382	2.497746E-01	2.686424E-01	2.723317E-01	
383	2.526329E-01	2.769730E-01	2.756752E-01	
384	2.478968E-01	2.722981E-01	2.751938E-01	
385	2.338807E-01	2.768134E-01	2.739532E-01	
386	2.542777E-01	2.767924E-01	2.741367E-01	
387	2.152062E-01	2.776587E-01	2.770211E-01	
388	2.470839E-01	2.800585E-01	2.768990E-01	
389	2.581878E-01	2.765347E-01	2.821309E-01	
390	2.421915E-01	2.795758E-01	2.787686E-01	
391	2.548769E-01	2.811724E-01	2.819973E-01	
392	2.719598E-01	2.769704E-01	2.826384E-01	
393	2.653439E-01	2.724886E-01	2.821015E-01	
394	2.597068E-01	2.813879E-01	2.827417E-01	
395	2.382271E-01	2.808076E-01	2.772556E-01	
396	2.549041E-01	2.791509E-01	2.788560E-01	
397	2.627487E-01	2.833616E-01	2.758831E-01	
398	2.792426E-01	2.837253E-01	2.785650E-01	
399	2.847095E-01	2.887645E-01	2.838401E-01	
400	2.539726E-01	2.808637E-01	2.829443E-01	
401	2.675119E-01	2.848547E-01	2.838832E-01	
402	2.714154E-01	2.886413E-01	2.848372E-01	
403	3.033522E-01	2.775690E-01	2.847171E-01	
404	2.668290E-01	2.870543E-01	2.836031E-01	
405	3.108379E-01	2.887988E-01	2.952840E-01	
406	3.016446E-01	2.916728E-01	2.917710E-01	
407	2.896561E-01	2.900457E-01	2.967379E-01	
408	2.957708E-01	2.886416E-01	2.962949E-01	
409	2.613502E-01	2.930945E-01	2.893101E-01	
410	2.958826E-01	2.922212E-01	2.985034E-01	
411	2.760426E-01	3.011781E-01	2.938567E-01	
412	2.651209E-01	2.868269E-01	2.982172E-01	
413	2.742543E-01	3.027233E-01	3.004317E-01	
414	2.517569E-01	2.988238E-01	3.040890E-01	
415	2.847572E-01	3.092017E-01	3.010961E-01	
416	3.103845E-01	3.059856E-01	2.982844E-01	
417	2.381556E-01	3.125257E-01	2.988361E-01	
418	2.409493E-01	3.120332E-01	3.013616E-01	
419	2.808553E-01	3.107474E-01	3.043333E-01	
420	3.120257E-01	3.082269E-01	3.043661E-01	
421	2.714861E-01	3.097232E-01	3.061748E-01	
422	3.214145E-01	3.121937E-01	3.055059E-01	
423	2.832628E-01	3.078248E-01	3.075734E-01	
424	3.179054E-01	3.113507E-01	3.151627E-01	
425	3.342340E-01	3.125249E-01	3.092279E-01	
426	3.084625E-01	3.109537E-01	3.032632E-01	
427	3.009166E-01	3.021916E-01	3.030291E-01	
428	3.328692E-01	3.103985E-01	3.057183E-01	
429	3.188731E-01	2.997847E-01	2.957525E-01	
430	2.882248E-01	2.986966E-01	2.975831E-01	
431	4.127631E-01	2.943352E-01	2.961328E-01	
432	3.053952E-01	2.998760E-01	2.942086E-01	
433	3.297195E-01	2.999054E-01	3.038406E-01	
434	2.922762E-01	2.973117E-01	3.018800E-01	
435	4.212075E-01	2.960785E-01	2.916136E-01	
436	3.429706E-01	2.982441E-01	3.002597E-01	
437	3.132476E-01	2.963835E-01	3.034994E-01	
438	3.741474E-01	3.026876E-01	3.045581E-01	
439	3.354010E-01	2.966508E-01	2.894401E-01	
440	3.929818E-01	3.070801E-01	3.085783E-01	
441	3.252570E-01	2.900416E-01	2.965073E-01	
442	3.664941E-01	2.955147E-01	3.145715E-01	
443	2.910392E-01	2.850240E-01	2.843911E-01	
444	3.245557E-01	2.882044E-01	3.127200E-01	
445	3.456631E-01	2.966324E-01	3.141017E-01	
446	3.776187E-01	2.917257E-01	2.946512E-01	
447	3.849009E-01	2.909598E-01	2.994267E-01	
448	2.855911E-01	2.887442E-01	3.006148E-01	
449	4.040450E-01	2.918224E-01	2.943607E-01	
450	4.388688E-01	2.824533E-01	2.914721E-01	
451	2.806787E-01	2.948239E-01	2.948972E-01	
452	3.624345E-01	2.972764E-01	3.083297E-01	
453	3.981204E-01	2.877621E-01	2.980104E-01	
454	3.762132E-01	3.073782E-01	3.075768E-01	
455	4.602725E-01	2.969437E-01	3.035684E-01	
456	4.570672E-01	3.087759E-01	3.002440E-01	
457	4.901181E-01	3.032792E-01	3.050727E-01	
458	3.889892E-01	3.137968E-01	3.147817E-01	
459	5.397229E-01	2.978509E-01	3.132922E-01	
460	4.770473E-01	3.083813E-01	3.065902E-01	
461	5.282357E-01	3.040088E-01	3.232674E-01	
462	5.407485E-01	3.001042E-01	3.102808E-01	
463	5.263280E-01	3.132754E-01	3.277520E-01	
464	4.362404E-01	2.976464E-01	3.171105E-01	
465	5.438135E-01	3.064435E-01	3.160608E-01	
466	5.078112E-01	3.109942E-01	3.119008E-01	
467	4.350252E-01	3.210467E-01	3.089058E-01	
468	5.932322E-01	3.169854E-01	3.394871E-01	
469	4.731132E-01	3.173891E-01	3.093207E-01	
470	6.931170E-01	3.223543E-01	3.429395E-01	
471	6.422075E-01	3.224321E-01	3.215316E-01	
472	6.995589E-01	3.268645E-01	3.517760E-01	
473	7.744268E-01	3.012355E-01	3.268387E-01	
474	6.568359E-01	3.489805E-01	3.435202E-01	
475	8.310389E-01	3.321732E-01	3.577787E-01	
476	6.836963E-01	3.311423E-01	3.404983E-01	
477	8.217495E-01	3.452574E-01	3.819493E-01	
478	0	3.413257E-01	3.249318E-01	
479	8.324517E-01	3.578552E-01	3.685575E-01	
480	3.171903E-01	3.315698E-01	3.462393E-01	
481	5.907040E-01	3.685506E-01	3.683224E-01	
482	0	3.321913E-01	3.717463E-01	
483	5.241007E-01	3.609557E-01	3.825230E-01	
484	8.777337E-01	4.251344E-01	4.248153E-01	
485	6.601692E-01	3.419071E-01	3.620246E-01	
486	9.655027E-01	4.000615E-01	4.114966E-01	
487	4.419175E-01	3.594415E-01	3.710615E-01	
488	9.389924E-01	4.192158E-01	4.300970E-01	
489	0	3.699614E-01	3.616649E-01	
490	0	4.131828E-01	4.454541E-01	
491	0	3.948222E-01	3.968983E-01	
492	0	3.932895E-01	4.387030E-01	
493	0	5.000549E-01	4.021960E-01	
494	0	3.902630E-01	4.429375E-01	
495	0	5.044851E-01	5.109128E-01	
496	0	3.929223E-01	4.459570E-01	
497	0	4.693192E-01	4.963203E-01	
498	0	4.134365E-01	4.392160E-01	
499	0	4.450026E-01	5.028317E-01	
500	0	0	0	
501	0	4.668339E-01	5.041216E-01	
502	0	0	0	
503	0	4.761221E-01	5.370823E-01	
504	0	0	0	
505	0	5.066997E-01	5.921708E-01	
506	0	5.745931E-01	5.757763E-01	
507	0	0	0	
508	0	5.278609E-01	6.373417E-01	
509	0	0	0	
510	0	5.607160E-01	6.318414E-01	
511	0	0	0	
512	0	5.886439E-01	6.831182E-01	
513	0	0	0	
514	0	0	0	
515	0	6.745498E-01	7.317854E-01	
516	0	0	0	
517	0	7.046852E-01	8.913057E-01	
518	0	0	0	
519	0	8.248869E-01	9.629101E-01	
520	0	0	0	
521	0	0	0	
522	0	0	0	
523	0	0	0	
524	0	0	0	
525	0	0	0	
526	0	0	0	
527	0	0	0	
528	0	0	0	
529	0	0	0	
530	0	0	0	
531	0	0	0	
532	0	0	0	
533	0	0	0	
534	0	0	0	
535	0	0	0	
536	0	0	0	
537	0	0	0	
538	0	0	0	
539	0	0	0	
540	0	0	0	
541	0	0	0	
542	0	0	0	
543	0	0	0	
544	0	0	0	
545	0	0	0	
546	0	0	0	
547	0	0	0	
548	0	0	0	
549	0	0	0	
550	0	0	0	
551	0	0	0	
552	0	0	0	
553	0	0	0	
554	0	0	0	
555	0	0	0	
556	0	0	0	
557	0	0	0	
558	0	0	0	
559	0	0	0	
560	0	0	0	
561	0	0	0	
562	0	0	0	
563	0	0	0	
564	0	0	0	
565	0	0	0	
566	0	0	0	
567	0	0	0	
568	0	0	0	
569	0	0	0	
570	0	0	0	
571	0	0	0	
572	0	0	0	
573	0	0	0	
574	0	0	0	
575	0	0	0	
576	0	0	0	
577	0	0	0	
578	0	0	0	
579	0	0	0	
580	0	0	0	
581	0	0	0	
582	0	0	0	
583	0	0	0	
584	0	0	0	
585	0	0	0	
586	0	0	0	
587	0	0	0	
588	0	0	0	
589	0	0	0	
590	0	0	0	
591	0	0	0	
592	0	0	0	
593	0	0	0	
594	0	0	0	
595	0	0	0	
596	0	0	0	
597	0	0	0	
598	0	0	0	
599	0	0	0	
#NewRun
