#COM_Bin	Avg_cosine_squared
#Order is chain type
0	0	0	0	
1	0	0	0	
2	0	0	0	
3	0	0	0	
4	3.441647E-01	3.540220E-01	3.413571E-01	
5	3.311496E-01	3.334633E-01	3.394986E-01	
6	3.382226E-01	3.315867E-01	3.225755E-01	
7	0	0	0	
8	3.278318E-01	3.377277E-01	3.339983E-01	
9	3.282303E-01	3.365996E-01	3.296087E-01	
10	0	0	0	
11	3.203390E-01	3.380027E-01	3.252045E-01	
12	3.307982E-01	3.387345E-01	3.267353E-01	
13	3.206608E-01	3.325342E-01	3.286406E-01	
14	3.382351E-01	3.442280E-01	3.371687E-01	
15	0	0	0	
16	3.435101E-01	3.471175E-01	3.316016E-01	
17	3.395783E-01	3.348843E-01	3.320003E-01	
18	3.406946E-01	3.406951E-01	3.315904E-01	
19	3.320807E-01	3.478906E-01	3.271835E-01	
20	3.406529E-01	3.446512E-01	3.331650E-01	
21	3.348407E-01	3.429526E-01	3.370804E-01	
22	3.376036E-01	3.370575E-01	3.398499E-01	
23	3.362876E-01	3.347000E-01	3.315271E-01	
24	3.379562E-01	3.397896E-01	3.391309E-01	
25	3.423051E-01	3.382505E-01	3.329963E-01	
26	3.346655E-01	3.330256E-01	3.346867E-01	
27	3.373683E-01	3.307804E-01	3.285216E-01	
28	3.347983E-01	3.320471E-01	3.345963E-01	
29	3.354849E-01	3.323758E-01	3.347245E-01	
30	3.352635E-01	3.332271E-01	3.335185E-01	
31	3.374055E-01	3.352286E-01	3.298427E-01	
32	3.382005E-01	3.335202E-01	3.321973E-01	
33	3.378262E-01	3.293002E-01	3.325020E-01	
34	3.378545E-01	3.302329E-01	3.305876E-01	
35	3.320633E-01	3.341927E-01	3.312046E-01	
36	3.332379E-01	3.272952E-01	3.282559E-01	
37	3.330070E-01	3.308200E-01	3.310463E-01	
38	3.327208E-01	3.237469E-01	3.338950E-01	
39	3.349657E-01	3.272482E-01	3.334143E-01	
40	3.321631E-01	3.321494E-01	3.287170E-01	
41	3.339095E-01	3.286350E-01	3.301978E-01	
42	3.288289E-01	3.276109E-01	3.322113E-01	
43	3.300359E-01	3.304705E-01	3.276848E-01	
44	3.307382E-01	3.294722E-01	3.267597E-01	
45	3.270531E-01	3.282252E-01	3.249322E-01	
46	3.272263E-01	3.308297E-01	3.246263E-01	
47	3.257649E-01	3.302630E-01	3.244178E-01	
48	3.271769E-01	3.325355E-01	3.203674E-01	
49	3.251218E-01	3.290825E-01	3.225419E-01	
50	3.271564E-01	3.324707E-01	3.194253E-01	
51	3.258558E-01	3.337249E-01	3.217247E-01	
52	3.259783E-01	3.285532E-01	3.199362E-01	
53	3.242261E-01	3.328916E-01	3.184567E-01	
54	3.228663E-01	3.267296E-01	3.141507E-01	
55	3.245563E-01	3.292721E-01	3.129899E-01	
56	3.233795E-01	3.294234E-01	3.163784E-01	
57	3.207594E-01	3.290496E-01	3.147310E-01	
58	3.218161E-01	3.300608E-01	3.165268E-01	
59	3.201720E-01	3.286068E-01	3.125685E-01	
60	3.227003E-01	3.261326E-01	3.163864E-01	
61	3.212685E-01	3.273035E-01	3.125369E-01	
62	3.206996E-01	3.261072E-01	3.142932E-01	
63	3.160505E-01	3.248581E-01	3.171489E-01	
64	3.209314E-01	3.220672E-01	3.206963E-01	
65	3.201672E-01	3.231977E-01	3.190029E-01	
66	3.188743E-01	3.265279E-01	3.176701E-01	
67	3.187490E-01	3.239411E-01	3.191159E-01	
68	3.195868E-01	3.214115E-01	3.166518E-01	
69	3.199933E-01	3.259791E-01	3.175881E-01	
70	3.179661E-01	3.232287E-01	3.192106E-01	
71	3.198019E-01	3.245788E-01	3.159768E-01	
72	3.190125E-01	3.198231E-01	3.186371E-01	
73	3.192398E-01	3.247126E-01	3.189544E-01	
74	3.179796E-01	3.235128E-01	3.185987E-01	
75	3.192933E-01	3.204214E-01	3.187880E-01	
76	3.183468E-01	3.223739E-01	3.178349E-01	
77	3.201586E-01	3.213229E-01	3.191269E-01	
78	3.177326E-01	3.218844E-01	3.196059E-01	
79	3.189367E-01	3.223850E-01	3.207687E-01	
80	3.188501E-01	3.222864E-01	3.186885E-01	
81	3.195658E-01	3.222716E-01	3.197094E-01	
82	3.188991E-01	3.214259E-01	3.193382E-01	
83	3.195395E-01	3.218955E-01	3.199686E-01	
84	3.203099E-01	3.216060E-01	3.197936E-01	
85	3.177557E-01	3.226628E-01	3.199227E-01	
86	3.184642E-01	3.198421E-01	3.188924E-01	
87	3.177378E-01	3.192142E-01	3.211370E-01	
88	3.181201E-01	3.222525E-01	3.201885E-01	
89	3.191206E-01	3.207542E-01	3.196647E-01	
90	3.193833E-01	3.220685E-01	3.216724E-01	
91	3.180762E-01	3.229532E-01	3.214860E-01	
92	3.190666E-01	3.219236E-01	3.233031E-01	
93	3.181110E-01	3.222277E-01	3.225695E-01	
94	3.196726E-01	3.217309E-01	3.250215E-01	
95	3.208506E-01	3.200401E-01	3.217809E-01	
96	3.196370E-01	3.207218E-01	3.231767E-01	
97	3.205799E-01	3.208092E-01	3.272491E-01	
98	3.213189E-01	3.189080E-01	3.229760E-01	
99	3.208098E-01	3.188634E-01	3.272888E-01	
100	3.199233E-01	3.179537E-01	3.254721E-01	
101	3.213870E-01	3.170441E-01	3.264143E-01	
102	3.221279E-01	3.188202E-01	3.281289E-01	
103	3.225124E-01	3.185192E-01	3.270598E-01	
104	3.221417E-01	3.177525E-01	3.277962E-01	
105	3.205939E-01	3.189281E-01	3.316408E-01	
106	3.219088E-01	3.198577E-01	3.315131E-01	
107	3.218018E-01	3.201930E-01	3.309879E-01	
108	3.225154E-01	3.174639E-01	3.323781E-01	
109	3.236630E-01	3.169576E-01	3.348947E-01	
110	3.229207E-01	3.183816E-01	3.386936E-01	
111	3.236708E-01	3.183369E-01	3.355951E-01	
112	3.253886E-01	3.168770E-01	3.367269E-01	
113	3.252141E-01	3.183021E-01	3.392079E-01	
114	3.256427E-01	3.190946E-01	3.395098E-01	
115	3.265872E-01	3.177421E-01	3.394787E-01	
116	3.275965E-01	3.199204E-01	3.419204E-01	
117	3.281744E-01	3.169042E-01	3.422744E-01	
118	3.298966E-01	3.180850E-01	3.442988E-01	
119	3.285153E-01	3.192613E-01	3.470558E-01	
120	3.313916E-01	3.198026E-01	3.467913E-01	
121	3.310096E-01	3.199969E-01	3.474745E-01	
122	3.328037E-01	3.198037E-01	3.490499E-01	
123	3.345002E-01	3.223645E-01	3.518192E-01	
124	3.347505E-01	3.218362E-01	3.506385E-01	
125	3.361079E-01	3.225356E-01	3.542705E-01	
126	3.370799E-01	3.238075E-01	3.557008E-01	
127	3.384855E-01	3.231590E-01	3.570703E-01	
128	3.395693E-01	3.267444E-01	3.571842E-01	
129	3.424026E-01	3.258957E-01	3.587336E-01	
130	3.433548E-01	3.282331E-01	3.657730E-01	
131	3.454971E-01	3.278907E-01	3.654564E-01	
132	3.474367E-01	3.304737E-01	3.651625E-01	
133	3.481906E-01	3.293998E-01	3.672629E-01	
134	3.493630E-01	3.313307E-01	3.702744E-01	
135	3.531366E-01	3.337302E-01	3.710773E-01	
136	3.531274E-01	3.353482E-01	3.720582E-01	
137	3.559696E-01	3.364219E-01	3.743514E-01	
138	3.579474E-01	3.364001E-01	3.763245E-01	
139	3.572270E-01	3.383353E-01	3.784017E-01	
140	3.610440E-01	3.396965E-01	3.799473E-01	
141	3.624026E-01	3.430710E-01	3.812334E-01	
142	3.636673E-01	3.431160E-01	3.863020E-01	
143	3.635561E-01	3.444219E-01	3.847655E-01	
144	3.665889E-01	3.453196E-01	3.846029E-01	
145	3.676859E-01	3.488765E-01	3.861933E-01	
146	3.696085E-01	3.507630E-01	3.896325E-01	
147	3.722507E-01	3.502126E-01	3.910216E-01	
148	3.740481E-01	3.521169E-01	3.884752E-01	
149	3.754814E-01	3.522900E-01	3.916934E-01	
150	3.750433E-01	3.544594E-01	3.922569E-01	
151	3.792544E-01	3.573885E-01	3.932255E-01	
152	3.794734E-01	3.569578E-01	3.907275E-01	
153	3.828415E-01	3.610734E-01	3.945436E-01	
154	3.803252E-01	3.623037E-01	3.949118E-01	
155	3.858218E-01	3.625365E-01	3.952781E-01	
156	3.859036E-01	3.623874E-01	3.954294E-01	
157	3.881482E-01	3.672060E-01	3.963803E-01	
158	3.898559E-01	3.691000E-01	3.951742E-01	
159	3.917741E-01	3.700637E-01	3.969991E-01	
160	3.946085E-01	3.719529E-01	3.976529E-01	
161	3.976470E-01	3.715291E-01	3.966861E-01	
162	3.995665E-01	3.723177E-01	3.979442E-01	
163	3.980082E-01	3.739439E-01	3.990349E-01	
164	4.015613E-01	3.752005E-01	4.000872E-01	
165	4.023772E-01	3.769428E-01	3.973889E-01	
166	4.039720E-01	3.774775E-01	4.019326E-01	
167	4.068878E-01	3.791720E-01	4.003644E-01	
168	4.052087E-01	3.793187E-01	4.010804E-01	
169	4.088777E-01	3.820868E-01	4.038173E-01	
170	4.099216E-01	3.823326E-01	4.058473E-01	
171	4.122024E-01	3.818707E-01	4.049875E-01	
172	4.140775E-01	3.840441E-01	4.063830E-01	
173	4.181156E-01	3.863916E-01	4.078148E-01	
174	4.199371E-01	3.863969E-01	4.067457E-01	
175	4.227356E-01	3.875208E-01	4.095543E-01	
176	4.254105E-01	3.864871E-01	4.105995E-01	
177	4.269717E-01	3.908751E-01	4.090172E-01	
178	4.301092E-01	3.872970E-01	4.095294E-01	
179	4.298251E-01	3.894292E-01	4.148964E-01	
180	4.341306E-01	3.975502E-01	4.101541E-01	
181	4.352003E-01	3.929552E-01	4.116353E-01	
182	4.359796E-01	3.962182E-01	4.132631E-01	
183	4.378393E-01	3.962943E-01	4.161037E-01	
184	4.387240E-01	3.949843E-01	4.120851E-01	
185	4.385294E-01	3.977734E-01	4.134618E-01	
186	4.435748E-01	3.984183E-01	4.208025E-01	
187	4.412425E-01	3.947817E-01	4.147895E-01	
188	4.462088E-01	3.979542E-01	4.155800E-01	
189	4.458290E-01	3.991571E-01	4.197412E-01	
190	4.487547E-01	4.012578E-01	4.206021E-01	
191	4.472848E-01	4.006432E-01	4.200071E-01	
192	4.545546E-01	4.018134E-01	4.208503E-01	
193	4.500591E-01	4.018111E-01	4.216192E-01	
194	4.553413E-01	4.032935E-01	4.204024E-01	
195	4.545838E-01	4.023688E-01	4.238232E-01	
196	4.529838E-01	4.021733E-01	4.244384E-01	
197	4.590994E-01	4.020464E-01	4.244395E-01	
198	4.568405E-01	4.023186E-01	4.207697E-01	
199	4.625073E-01	4.045510E-01	4.235151E-01	
200	4.657090E-01	4.039725E-01	4.218744E-01	
201	4.621776E-01	4.037001E-01	4.219204E-01	
202	4.645446E-01	4.025796E-01	4.208018E-01	
203	4.677483E-01	4.042184E-01	4.219720E-01	
204	4.647743E-01	4.015325E-01	4.197696E-01	
205	4.698782E-01	3.977701E-01	4.211209E-01	
206	4.718089E-01	4.031528E-01	4.250076E-01	
207	4.775717E-01	4.024932E-01	4.230316E-01	
208	4.710285E-01	4.038937E-01	4.198445E-01	
209	4.812501E-01	4.040275E-01	4.239847E-01	
210	4.785673E-01	4.039817E-01	4.214527E-01	
211	4.789396E-01	4.001473E-01	4.231599E-01	
212	4.771052E-01	4.033548E-01	4.182468E-01	
213	4.814702E-01	4.005989E-01	4.173298E-01	
214	4.884268E-01	4.031460E-01	4.224107E-01	
215	4.851664E-01	3.981423E-01	4.167588E-01	
216	4.860312E-01	4.014578E-01	4.163665E-01	
217	4.904211E-01	3.999670E-01	4.161382E-01	
218	4.893785E-01	3.968496E-01	4.123467E-01	
219	4.810431E-01	3.971385E-01	4.150995E-01	
220	4.919429E-01	4.001337E-01	4.130699E-01	
221	4.901863E-01	3.982311E-01	4.110668E-01	
222	4.867963E-01	3.949873E-01	4.152512E-01	
223	4.953537E-01	3.942700E-01	4.135524E-01	
224	4.896479E-01	3.915790E-01	4.037070E-01	
225	4.934997E-01	3.916169E-01	4.046102E-01	
226	5.029255E-01	3.924684E-01	4.077795E-01	
227	4.952434E-01	3.879742E-01	4.034570E-01	
228	4.927786E-01	3.900073E-01	4.063256E-01	
229	4.931193E-01	3.873661E-01	4.018118E-01	
230	5.011794E-01	3.876870E-01	4.020021E-01	
231	4.974066E-01	3.858468E-01	3.955009E-01	
232	4.996405E-01	3.845468E-01	3.960797E-01	
233	4.992260E-01	3.884102E-01	3.938446E-01	
234	4.974765E-01	3.811700E-01	3.885748E-01	
235	4.957181E-01	3.857643E-01	3.854170E-01	
236	4.925322E-01	3.779291E-01	3.824802E-01	
237	4.982075E-01	3.778536E-01	3.915269E-01	
238	4.924367E-01	3.757578E-01	3.778410E-01	
239	4.930038E-01	3.749338E-01	3.748327E-01	
240	4.911867E-01	3.710011E-01	3.799350E-01	
241	5.086258E-01	3.688990E-01	3.736031E-01	
242	4.934877E-01	3.665831E-01	3.757749E-01	
243	4.908885E-01	3.687538E-01	3.747019E-01	
244	4.974614E-01	3.645049E-01	3.704257E-01	
245	4.773514E-01	3.681221E-01	3.721135E-01	
246	4.991040E-01	3.639440E-01	3.669161E-01	
247	4.818165E-01	3.589373E-01	3.682068E-01	
248	4.710186E-01	3.597277E-01	3.587779E-01	
249	4.750133E-01	3.553544E-01	3.610441E-01	
250	4.781095E-01	3.557390E-01	3.603008E-01	
251	4.766279E-01	3.575600E-01	3.590020E-01	
252	4.680203E-01	3.483092E-01	3.533303E-01	
253	4.638387E-01	3.490790E-01	3.526530E-01	
254	4.646494E-01	3.482888E-01	3.514400E-01	
255	4.566338E-01	3.493934E-01	3.505830E-01	
256	4.570457E-01	3.423855E-01	3.489006E-01	
257	4.442888E-01	3.422333E-01	3.454143E-01	
258	4.580354E-01	3.422274E-01	3.460209E-01	
259	4.530415E-01	3.429941E-01	3.477860E-01	
260	4.459091E-01	3.430728E-01	3.420433E-01	
261	4.270073E-01	3.388113E-01	3.406865E-01	
262	4.533738E-01	3.394859E-01	3.380397E-01	
263	4.458932E-01	3.405115E-01	3.385499E-01	
264	4.291011E-01	3.389170E-01	3.320105E-01	
265	4.349387E-01	3.335733E-01	3.301526E-01	
266	4.195447E-01	3.377128E-01	3.339172E-01	
267	4.219149E-01	3.357615E-01	3.300892E-01	
268	4.034702E-01	3.291993E-01	3.262114E-01	
269	4.099917E-01	3.315268E-01	3.292283E-01	
270	3.917378E-01	3.328421E-01	3.265443E-01	
271	4.081324E-01	3.265768E-01	3.248750E-01	
272	3.790633E-01	3.248722E-01	3.216223E-01	
273	3.829526E-01	3.233012E-01	3.192355E-01	
274	3.818560E-01	3.243770E-01	3.185520E-01	
275	3.749526E-01	3.243105E-01	3.212527E-01	
276	3.733228E-01	3.134192E-01	3.112876E-01	
277	3.842180E-01	3.160922E-01	3.144244E-01	
278	3.626508E-01	3.140372E-01	3.113540E-01	
279	3.872725E-01	3.119044E-01	3.128804E-01	
280	3.870152E-01	3.116298E-01	3.122156E-01	
281	3.829515E-01	3.064976E-01	3.067155E-01	
282	3.936271E-01	3.052487E-01	3.031458E-01	
283	3.826179E-01	3.062630E-01	3.026708E-01	
284	3.839528E-01	3.046118E-01	3.016045E-01	
285	3.757704E-01	3.007742E-01	3.009514E-01	
286	3.781182E-01	3.002356E-01	3.002656E-01	
287	3.710709E-01	3.023164E-01	2.959119E-01	
288	3.585226E-01	2.951442E-01	2.941032E-01	
289	3.634320E-01	2.965551E-01	2.971964E-01	
290	3.647263E-01	2.934950E-01	2.945006E-01	
291	3.503988E-01	2.978505E-01	2.967142E-01	
292	3.397322E-01	2.926455E-01	2.929670E-01	
293	3.489210E-01	2.925575E-01	2.963775E-01	
294	3.295008E-01	2.940861E-01	2.934857E-01	
295	3.438083E-01	2.927119E-01	2.917856E-01	
296	3.458483E-01	2.940573E-01	2.919595E-01	
297	3.332515E-01	2.929549E-01	2.937140E-01	
298	3.524821E-01	2.919598E-01	2.941061E-01	
299	3.227735E-01	2.907824E-01	2.914160E-01	
300	3.392085E-01	2.939957E-01	2.966387E-01	
301	3.262296E-01	2.921707E-01	2.947332E-01	
302	3.542731E-01	2.940153E-01	2.871836E-01	
303	3.369766E-01	2.907902E-01	2.909880E-01	
304	3.310141E-01	2.902673E-01	2.862245E-01	
305	3.338267E-01	2.972435E-01	2.903295E-01	
306	3.269937E-01	2.909881E-01	2.910590E-01	
307	3.514011E-01	2.932857E-01	2.884151E-01	
308	3.362698E-01	2.917858E-01	2.901748E-01	
309	3.398325E-01	2.919176E-01	2.863824E-01	
310	3.495000E-01	2.920073E-01	2.853437E-01	
311	3.601715E-01	2.939673E-01	2.870195E-01	
312	3.497610E-01	2.942350E-01	2.890101E-01	
313	3.740533E-01	2.896015E-01	2.868509E-01	
314	3.644910E-01	2.943741E-01	2.885243E-01	
315	3.367417E-01	2.906607E-01	2.887248E-01	
316	3.578587E-01	2.915971E-01	2.873912E-01	
317	3.497926E-01	2.925055E-01	2.874395E-01	
318	3.693788E-01	2.911224E-01	2.864551E-01	
319	3.303847E-01	2.939302E-01	2.851434E-01	
320	3.567611E-01	2.896331E-01	2.829528E-01	
321	3.305447E-01	2.968956E-01	2.832380E-01	
322	3.393378E-01	2.887339E-01	2.843468E-01	
323	3.416187E-01	2.900853E-01	2.849055E-01	
324	3.217520E-01	2.911422E-01	2.846275E-01	
325	3.406372E-01	2.905254E-01	2.821485E-01	
326	3.319650E-01	2.902200E-01	2.860958E-01	
327	3.355480E-01	2.898754E-01	2.840587E-01	
328	3.325974E-01	2.934208E-01	2.874692E-01	
329	3.000061E-01	2.894411E-01	2.882924E-01	
330	3.053473E-01	2.877078E-01	2.854337E-01	
331	3.362279E-01	2.926308E-01	2.896896E-01	
332	3.035750E-01	2.895690E-01	2.880443E-01	
333	3.212628E-01	2.907330E-01	2.865731E-01	
334	3.046814E-01	2.903297E-01	2.894105E-01	
335	2.891346E-01	2.914603E-01	2.899190E-01	
336	3.172561E-01	2.884776E-01	2.864135E-01	
337	2.914253E-01	2.932485E-01	2.878197E-01	
338	2.646981E-01	2.856081E-01	2.842203E-01	
339	2.776441E-01	2.879185E-01	2.834512E-01	
340	2.911653E-01	2.880120E-01	2.819683E-01	
341	2.799646E-01	2.863105E-01	2.844209E-01	
342	2.888301E-01	2.897168E-01	2.816528E-01	
343	2.868920E-01	2.864791E-01	2.811040E-01	
344	2.778932E-01	2.882950E-01	2.830550E-01	
345	2.731722E-01	2.899639E-01	2.836870E-01	
346	2.680579E-01	2.820787E-01	2.803434E-01	
347	2.740329E-01	2.861181E-01	2.813804E-01	
348	2.710630E-01	2.907155E-01	2.821228E-01	
349	2.702676E-01	2.872026E-01	2.850473E-01	
350	2.772643E-01	2.884749E-01	2.803770E-01	
351	2.730726E-01	2.878158E-01	2.811352E-01	
352	2.828300E-01	2.907720E-01	2.815899E-01	
353	2.701160E-01	2.860556E-01	2.817047E-01	
354	2.756839E-01	2.863407E-01	2.852100E-01	
355	2.724656E-01	2.877825E-01	2.838208E-01	
356	2.705309E-01	2.848680E-01	2.826158E-01	
357	2.699529E-01	2.880580E-01	2.843710E-01	
358	3.000979E-01	2.885212E-01	2.836483E-01	
359	2.859655E-01	2.836686E-01	2.854208E-01	
360	2.909151E-01	2.885248E-01	2.838347E-01	
361	3.041250E-01	2.869492E-01	2.833838E-01	
362	2.891318E-01	2.827949E-01	2.837638E-01	
363	3.190438E-01	2.849378E-01	2.816565E-01	
364	2.987926E-01	2.877035E-01	2.834651E-01	
365	3.119646E-01	2.820810E-01	2.849577E-01	
366	3.208785E-01	2.842981E-01	2.840671E-01	
367	3.155636E-01	2.810320E-01	2.865555E-01	
368	3.067946E-01	2.839230E-01	2.776740E-01	
369	3.229116E-01	2.850678E-01	2.835243E-01	
370	3.046358E-01	2.846298E-01	2.795732E-01	
371	3.210995E-01	2.815856E-01	2.792465E-01	
372	3.106927E-01	2.848519E-01	2.827748E-01	
373	3.361732E-01	2.820731E-01	2.766789E-01	
374	3.174963E-01	2.798415E-01	2.793918E-01	
375	3.196225E-01	2.778083E-01	2.793649E-01	
376	3.217709E-01	2.770944E-01	2.753276E-01	
377	3.378790E-01	2.782056E-01	2.821831E-01	
378	3.242989E-01	2.789021E-01	2.802048E-01	
379	3.098822E-01	2.754867E-01	2.795224E-01	
380	3.339295E-01	2.765328E-01	2.807823E-01	
381	3.072629E-01	2.765793E-01	2.827583E-01	
382	3.311945E-01	2.772926E-01	2.832198E-01	
383	3.210471E-01	2.770421E-01	2.820410E-01	
384	3.038109E-01	2.779706E-01	2.828069E-01	
385	3.297976E-01	2.720292E-01	2.789377E-01	
386	3.059483E-01	2.764940E-01	2.872284E-01	
387	3.087273E-01	2.685526E-01	2.841950E-01	
388	3.212963E-01	2.728471E-01	2.855524E-01	
389	3.129197E-01	2.739021E-01	2.867189E-01	
390	3.196048E-01	2.699445E-01	2.810859E-01	
391	2.944929E-01	2.742981E-01	2.833787E-01	
392	2.975088E-01	2.790120E-01	2.867380E-01	
393	3.082270E-01	2.703341E-01	2.843127E-01	
394	3.043621E-01	2.733095E-01	2.855600E-01	
395	3.091593E-01	2.792504E-01	2.899210E-01	
396	3.234365E-01	2.781335E-01	2.884087E-01	
397	3.021997E-01	2.850947E-01	2.854745E-01	
398	2.804080E-01	2.812961E-01	2.908621E-01	
399	3.239484E-01	2.796054E-01	2.955706E-01	
400	2.745722E-01	2.799726E-01	2.907257E-01	
401	3.076378E-01	2.833419E-01	2.918908E-01	
402	3.000406E-01	2.888178E-01	2.951484E-01	
403	2.901957E-01	2.842837E-01	2.904801E-01	
404	3.113562E-01	2.853454E-01	2.917933E-01	
405	3.045726E-01	2.864372E-01	2.964790E-01	
406	2.914752E-01	2.849765E-01	2.926567E-01	
407	2.984860E-01	2.934201E-01	2.970203E-01	
408	3.073967E-01	2.884904E-01	2.937688E-01	
409	3.361771E-01	2.922285E-01	2.945832E-01	
410	3.126272E-01	2.952163E-01	2.980918E-01	
411	3.224739E-01	2.932830E-01	2.915967E-01	
412	3.236388E-01	2.917953E-01	2.959608E-01	
413	3.078980E-01	2.964304E-01	2.993586E-01	
414	2.961497E-01	3.009033E-01	2.952947E-01	
415	3.004415E-01	3.003173E-01	3.030062E-01	
416	3.033998E-01	2.958673E-01	3.061230E-01	
417	2.888504E-01	3.026387E-01	3.013195E-01	
418	3.260081E-01	3.051511E-01	2.955918E-01	
419	3.131795E-01	2.981449E-01	3.010443E-01	
420	2.801876E-01	3.022580E-01	2.933803E-01	
421	3.077491E-01	2.972230E-01	2.948973E-01	
422	2.646404E-01	3.034968E-01	2.968123E-01	
423	3.399259E-01	2.984409E-01	2.871726E-01	
424	3.232229E-01	3.037564E-01	2.968558E-01	
425	3.207520E-01	2.986550E-01	2.864743E-01	
426	3.269934E-01	2.966170E-01	2.887145E-01	
427	3.622673E-01	3.018299E-01	2.856498E-01	
428	4.015937E-01	2.953741E-01	2.942283E-01	
429	3.535123E-01	2.886171E-01	2.859565E-01	
430	4.079483E-01	2.981891E-01	2.789994E-01	
431	3.898939E-01	2.900847E-01	2.784990E-01	
432	4.271656E-01	2.921562E-01	2.875889E-01	
433	4.054903E-01	3.055195E-01	2.839063E-01	
434	4.410500E-01	2.996479E-01	2.743874E-01	
435	3.998014E-01	2.931926E-01	2.760364E-01	
436	4.014835E-01	3.001767E-01	2.817581E-01	
437	4.079889E-01	2.986698E-01	2.826832E-01	
438	4.007260E-01	3.018625E-01	2.882904E-01	
439	3.881763E-01	2.898925E-01	2.838699E-01	
440	4.337360E-01	3.107093E-01	2.882015E-01	
441	4.191724E-01	2.961721E-01	2.928087E-01	
442	4.281290E-01	3.020312E-01	2.930318E-01	
443	3.549450E-01	2.925682E-01	2.901011E-01	
444	3.691194E-01	3.072257E-01	2.918468E-01	
445	3.481907E-01	3.097330E-01	3.000090E-01	
446	3.504788E-01	2.984832E-01	2.916073E-01	
447	2.990896E-01	3.076197E-01	2.960471E-01	
448	3.252871E-01	3.106392E-01	2.998876E-01	
449	3.843840E-01	3.181708E-01	3.079963E-01	
450	2.061793E-01	2.907968E-01	3.004131E-01	
451	3.661949E-01	2.889508E-01	2.977526E-01	
452	3.112220E-01	3.017207E-01	3.085668E-01	
453	2.679330E-01	3.061876E-01	3.013222E-01	
454	2.714139E-01	3.047283E-01	3.110477E-01	
455	3.274031E-01	2.989990E-01	3.042856E-01	
456	2.490165E-01	3.021567E-01	3.063731E-01	
457	2.578405E-01	3.055541E-01	3.100304E-01	
458	3.052430E-01	3.142807E-01	3.090071E-01	
459	3.440223E-01	3.212779E-01	3.180722E-01	
460	2.188654E-01	3.148949E-01	2.936170E-01	
461	2.190827E-01	3.138378E-01	2.970894E-01	
462	2.335461E-01	3.035860E-01	2.964827E-01	
463	2.385115E-01	3.208723E-01	3.050091E-01	
464	2.778990E-01	3.073197E-01	3.044904E-01	
465	2.475264E-01	3.193455E-01	2.948772E-01	
466	3.110221E-01	3.127435E-01	2.963648E-01	
467	2.483239E-01	3.023722E-01	3.024607E-01	
468	2.090612E-01	3.357559E-01	3.143868E-01	
469	2.637360E-01	3.007539E-01	3.013930E-01	
470	3.009738E-01	3.211905E-01	3.306664E-01	
471	2.495709E-01	3.102355E-01	3.106478E-01	
472	2.865928E-01	3.002253E-01	3.255655E-01	
473	2.730084E-01	2.875720E-01	3.142161E-01	
474	3.180164E-01	3.058490E-01	3.183752E-01	
475	3.658673E-01	2.949563E-01	3.442393E-01	
476	3.153676E-01	2.921799E-01	3.193358E-01	
477	3.964426E-01	3.024802E-01	3.927615E-01	
478	2.627147E-01	2.815245E-01	3.366280E-01	
479	4.105004E-01	3.010933E-01	3.703468E-01	
480	3.068971E-01	3.025236E-01	3.549312E-01	
481	2.599503E-01	3.210940E-01	3.710380E-01	
482	4.533355E-01	2.920241E-01	3.841254E-01	
483	1.818662E-01	3.253201E-01	3.709799E-01	
484	4.428588E-01	3.740792E-01	4.043773E-01	
485	1.552590E-01	3.152137E-01	3.721301E-01	
486	5.271962E-01	3.768386E-01	4.297011E-01	
487	1.244465E-01	3.269668E-01	3.812600E-01	
488	3.398630E-01	3.621720E-01	4.143505E-01	
489	3.493030E-01	3.439320E-01	3.747913E-01	
490	1.941110E-01	3.642196E-01	4.108406E-01	
491	5.389430E-01	3.696675E-01	4.228672E-01	
492	5.173228E-02	3.830691E-01	4.047568E-01	
493	4.168772E-01	5.217009E-01	4.708272E-01	
494	2.218814E-01	3.838061E-01	4.160743E-01	
495	3.859550E-01	3.944533E-01	4.562895E-01	
496	4.468625E-01	3.844867E-01	4.306679E-01	
497	1.977515E-01	4.221154E-01	4.867147E-01	
498	4.593213E-01	3.580070E-01	4.547489E-01	
499	3.897591E-01	4.474272E-01	4.633367E-01	
500	0	0	0	
501	4.935918E-01	4.266270E-01	4.872849E-01	
502	0	0	0	
503	0	4.371194E-01	5.423420E-01	
504	0	0	0	
505	0	4.491110E-01	5.548255E-01	
506	0	5.907206E-01	5.425706E-01	
507	0	0	0	
508	0	4.790276E-01	6.020021E-01	
509	0	0	0	
510	0	5.030204E-01	6.432809E-01	
511	0	0	0	
512	0	4.935322E-01	6.787649E-01	
513	0	0	0	
514	0	0	0	
515	0	6.083542E-01	7.099369E-01	
516	0	0	0	
517	0	6.572214E-01	7.062366E-01	
518	0	0	0	
519	0	5.700197E-01	9.696970E-01	
520	0	0	0	
521	0	0	0	
522	0	0	0	
523	0	0	0	
524	0	0	0	
525	0	0	0	
526	0	0	0	
527	0	0	0	
528	0	0	0	
529	0	0	0	
530	0	0	0	
531	0	0	0	
532	0	0	0	
533	0	0	0	
534	0	0	0	
535	0	0	0	
536	0	0	0	
537	0	0	0	
538	0	0	0	
539	0	0	0	
540	0	0	0	
541	0	0	0	
542	0	0	0	
543	0	0	0	
544	0	0	0	
545	0	0	0	
546	0	0	0	
547	0	0	0	
548	0	0	0	
549	0	0	0	
550	0	0	0	
551	0	0	0	
552	0	0	0	
553	0	0	0	
554	0	0	0	
555	0	0	0	
556	0	0	0	
557	0	0	0	
558	0	0	0	
559	0	0	0	
560	0	0	0	
561	0	0	0	
562	0	0	0	
563	0	0	0	
564	0	0	0	
565	0	0	0	
566	0	0	0	
567	0	0	0	
568	0	0	0	
569	0	0	0	
570	0	0	0	
571	0	0	0	
572	0	0	0	
573	0	0	0	
574	0	0	0	
575	0	0	0	
576	0	0	0	
577	0	0	0	
578	0	0	0	
579	0	0	0	
580	0	0	0	
581	0	0	0	
582	0	0	0	
583	0	0	0	
584	0	0	0	
585	0	0	0	
586	0	0	0	
587	0	0	0	
588	0	0	0	
589	0	0	0	
590	0	0	0	
591	0	0	0	
592	0	0	0	
593	0	0	0	
594	0	0	0	
595	0	0	0	
596	0	0	0	
597	0	0	0	
598	0	0	0	
599	0	0	0	
#NewRun
0	0	0	0	
1	0	0	0	
2	0	0	0	
3	0	0	0	
4	3.290225E-01	3.165476E-01	2.972141E-01	
5	3.345176E-01	3.227214E-01	3.387846E-01	
6	3.383231E-01	3.348319E-01	3.378944E-01	
7	0	0	0	
8	3.306520E-01	3.424475E-01	3.321098E-01	
9	3.320610E-01	3.240924E-01	3.275647E-01	
10	0	0	0	
11	3.410276E-01	3.362616E-01	3.201796E-01	
12	3.372645E-01	3.258007E-01	3.279702E-01	
13	3.397200E-01	3.305023E-01	3.256655E-01	
14	3.387270E-01	3.276761E-01	3.217185E-01	
15	0	0	0	
16	3.412977E-01	3.360617E-01	3.272465E-01	
17	3.487481E-01	3.278738E-01	3.227942E-01	
18	3.413792E-01	3.287217E-01	3.352956E-01	
19	3.405563E-01	3.345244E-01	3.322881E-01	
20	3.402049E-01	3.333505E-01	3.377244E-01	
21	3.364179E-01	3.327940E-01	3.293582E-01	
22	3.338428E-01	3.419098E-01	3.251337E-01	
23	3.376649E-01	3.372556E-01	3.290890E-01	
24	3.367574E-01	3.332732E-01	3.334611E-01	
25	3.365035E-01	3.389715E-01	3.332215E-01	
26	3.359044E-01	3.328312E-01	3.346133E-01	
27	3.398616E-01	3.418997E-01	3.294335E-01	
28	3.308801E-01	3.342517E-01	3.298393E-01	
29	3.375506E-01	3.342893E-01	3.337265E-01	
30	3.420520E-01	3.380269E-01	3.372107E-01	
31	3.331583E-01	3.255592E-01	3.342453E-01	
32	3.359361E-01	3.317694E-01	3.371651E-01	
33	3.324386E-01	3.358979E-01	3.325708E-01	
34	3.372405E-01	3.298563E-01	3.322506E-01	
35	3.427260E-01	3.296457E-01	3.345103E-01	
36	3.375506E-01	3.333062E-01	3.395719E-01	
37	3.375522E-01	3.308330E-01	3.313485E-01	
38	3.358452E-01	3.390386E-01	3.399013E-01	
39	3.383452E-01	3.291750E-01	3.315027E-01	
40	3.377219E-01	3.315061E-01	3.372552E-01	
41	3.333449E-01	3.267760E-01	3.356144E-01	
42	3.349811E-01	3.285174E-01	3.305297E-01	
43	3.340149E-01	3.347452E-01	3.292223E-01	
44	3.308978E-01	3.323282E-01	3.361161E-01	
45	3.328317E-01	3.303086E-01	3.315912E-01	
46	3.309788E-01	3.281087E-01	3.318240E-01	
47	3.334966E-01	3.309931E-01	3.332749E-01	
48	3.301851E-01	3.297920E-01	3.280939E-01	
49	3.308495E-01	3.302236E-01	3.332923E-01	
50	3.289689E-01	3.287447E-01	3.282639E-01	
51	3.291860E-01	3.261112E-01	3.275699E-01	
52	3.277018E-01	3.315621E-01	3.307179E-01	
53	3.265550E-01	3.309054E-01	3.262007E-01	
54	3.280126E-01	3.277130E-01	3.255918E-01	
55	3.238830E-01	3.273716E-01	3.263363E-01	
56	3.228146E-01	3.303331E-01	3.284707E-01	
57	3.266681E-01	3.273474E-01	3.241310E-01	
58	3.278118E-01	3.304152E-01	3.242451E-01	
59	3.241282E-01	3.244206E-01	3.234808E-01	
60	3.219609E-01	3.276195E-01	3.250708E-01	
61	3.253534E-01	3.297632E-01	3.238528E-01	
62	3.244782E-01	3.259574E-01	3.233536E-01	
63	3.236629E-01	3.274558E-01	3.252494E-01	
64	3.232168E-01	3.312079E-01	3.266752E-01	
65	3.221629E-01	3.282152E-01	3.262821E-01	
66	3.242096E-01	3.295285E-01	3.254272E-01	
67	3.211966E-01	3.257731E-01	3.252222E-01	
68	3.218692E-01	3.292327E-01	3.228365E-01	
69	3.192993E-01	3.269275E-01	3.256759E-01	
70	3.193828E-01	3.285740E-01	3.226919E-01	
71	3.202893E-01	3.256101E-01	3.211398E-01	
72	3.188354E-01	3.235643E-01	3.194320E-01	
73	3.195867E-01	3.230330E-01	3.216698E-01	
74	3.199766E-01	3.225916E-01	3.221890E-01	
75	3.200329E-01	3.228163E-01	3.211500E-01	
76	3.168469E-01	3.214358E-01	3.199273E-01	
77	3.186015E-01	3.228920E-01	3.204021E-01	
78	3.174073E-01	3.222506E-01	3.223558E-01	
79	3.176784E-01	3.212253E-01	3.211602E-01	
80	3.160650E-01	3.220723E-01	3.205292E-01	
81	3.165273E-01	3.205608E-01	3.204482E-01	
82	3.151966E-01	3.206132E-01	3.213129E-01	
83	3.140678E-01	3.209047E-01	3.195627E-01	
84	3.163363E-01	3.176421E-01	3.221102E-01	
85	3.153649E-01	3.187686E-01	3.195673E-01	
86	3.134444E-01	3.163728E-01	3.201933E-01	
87	3.154426E-01	3.165975E-01	3.201892E-01	
88	3.134507E-01	3.164919E-01	3.211061E-01	
89	3.138217E-01	3.175499E-01	3.184485E-01	
90	3.148564E-01	3.148966E-01	3.199913E-01	
91	3.143497E-01	3.164744E-01	3.166798E-01	
92	3.142286E-01	3.154209E-01	3.212611E-01	
93	3.133861E-01	3.158056E-01	3.183623E-01	
94	3.149129E-01	3.152243E-01	3.172501E-01	
95	3.127431E-01	3.151895E-01	3.195653E-01	
96	3.128635E-01	3.166995E-01	3.210619E-01	
97	3.129289E-01	3.165995E-01	3.209246E-01	
98	3.137520E-01	3.149755E-01	3.186001E-01	
99	3.146282E-01	3.175542E-01	3.216444E-01	
100	3.133890E-01	3.167897E-01	3.224430E-01	
101	3.148342E-01	3.174932E-01	3.224960E-01	
102	3.142251E-01	3.170141E-01	3.245118E-01	
103	3.141852E-01	3.174364E-01	3.242326E-01	
104	3.142339E-01	3.149147E-01	3.231193E-01	
105	3.152772E-01	3.185800E-01	3.254898E-01	
106	3.151312E-01	3.190045E-01	3.254030E-01	
107	3.169119E-01	3.193162E-01	3.266256E-01	
108	3.181270E-01	3.192024E-01	3.262992E-01	
109	3.164053E-01	3.217797E-01	3.256370E-01	
110	3.167989E-01	3.221213E-01	3.264279E-01	
111	3.182432E-01	3.216323E-01	3.281227E-01	
112	3.192450E-01	3.228630E-01	3.276573E-01	
113	3.199621E-01	3.243525E-01	3.289693E-01	
114	3.202031E-01	3.248436E-01	3.289054E-01	
115	3.235848E-01	3.256439E-01	3.304922E-01	
116	3.232423E-01	3.250636E-01	3.295011E-01	
117	3.229807E-01	3.255373E-01	3.308998E-01	
118	3.262313E-01	3.281318E-01	3.320953E-01	
119	3.280657E-01	3.291479E-01	3.336998E-01	
120	3.285984E-01	3.288044E-01	3.349294E-01	
121	3.294067E-01	3.302063E-01	3.362173E-01	
122	3.297663E-01	3.321667E-01	3.381084E-01	
123	3.325847E-01	3.331383E-01	3.395842E-01	
124	3.329137E-01	3.323945E-01	3.406466E-01	
125	3.342401E-01	3.351453E-01	3.431019E-01	
126	3.359431E-01	3.357931E-01	3.461003E-01	
127	3.358622E-01	3.381172E-01	3.464052E-01	
128	3.396640E-01	3.364155E-01	3.490098E-01	
129	3.390463E-01	3.394659E-01	3.482212E-01	
130	3.424888E-01	3.383272E-01	3.490332E-01	
131	3.442377E-01	3.404993E-01	3.505423E-01	
132	3.452640E-01	3.421928E-01	3.525877E-01	
133	3.483232E-01	3.422395E-01	3.531904E-01	
134	3.488170E-01	3.425009E-01	3.551037E-01	
135	3.482366E-01	3.451886E-01	3.545999E-01	
136	3.512074E-01	3.472653E-01	3.575463E-01	
137	3.524720E-01	3.496731E-01	3.581467E-01	
138	3.544426E-01	3.493677E-01	3.578982E-01	
139	3.563765E-01	3.503399E-01	3.608142E-01	
140	3.575566E-01	3.545926E-01	3.633535E-01	
141	3.603656E-01	3.542436E-01	3.649631E-01	
142	3.622938E-01	3.570401E-01	3.634204E-01	
143	3.632163E-01	3.576892E-01	3.670109E-01	
144	3.657192E-01	3.598321E-01	3.686593E-01	
145	3.685976E-01	3.602495E-01	3.696722E-01	
146	3.713886E-01	3.644088E-01	3.719840E-01	
147	3.734868E-01	3.641834E-01	3.715859E-01	
148	3.758412E-01	3.687156E-01	3.743631E-01	
149	3.781843E-01	3.697429E-01	3.746492E-01	
150	3.807259E-01	3.709628E-01	3.782389E-01	
151	3.841428E-01	3.733748E-01	3.778685E-01	
152	3.853466E-01	3.753261E-01	3.807023E-01	
153	3.888181E-01	3.762879E-01	3.800342E-01	
154	3.933218E-01	3.775448E-01	3.811595E-01	
155	3.955413E-01	3.797541E-01	3.838102E-01	
156	3.990423E-01	3.787715E-01	3.835349E-01	
157	4.000518E-01	3.831195E-01	3.855262E-01	
158	4.014729E-01	3.835813E-01	3.865398E-01	
159	4.045713E-01	3.879315E-01	3.884635E-01	
160	4.089152E-01	3.876683E-01	3.905044E-01	
161	4.108163E-01	3.882224E-01	3.937479E-01	
162	4.132378E-01	3.898067E-01	3.929300E-01	
163	4.152829E-01	3.964205E-01	3.949854E-01	
164	4.179740E-01	3.921382E-01	3.987991E-01	
165	4.240567E-01	3.973044E-01	3.970883E-01	
166	4.225066E-01	4.004344E-01	4.007224E-01	
167	4.245227E-01	4.023518E-01	4.034653E-01	
168	4.277788E-01	3.991170E-01	4.021387E-01	
169	4.331118E-01	4.029386E-01	4.056816E-01	
170	4.345683E-01	4.059529E-01	4.068178E-01	
171	4.356707E-01	4.043847E-01	4.106004E-01	
172	4.410255E-01	4.055212E-01	4.125274E-01	
173	4.436894E-01	4.116517E-01	4.156805E-01	
174	4.455561E-01	4.101858E-01	4.158549E-01	
175	4.471830E-01	4.126619E-01	4.154883E-01	
176	4.516263E-01	4.142859E-01	4.213685E-01	
177	4.528257E-01	4.132838E-01	4.173157E-01	
178	4.555566E-01	4.128949E-01	4.225751E-01	
179	4.561814E-01	4.184344E-01	4.217343E-01	
180	4.588880E-01	4.176074E-01	4.255433E-01	
181	4.659269E-01	4.153158E-01	4.272313E-01	
182	4.620174E-01	4.174774E-01	4.282897E-01	
183	4.705539E-01	4.211532E-01	4.282111E-01	
184	4.694019E-01	4.187132E-01	4.314726E-01	
185	4.700447E-01	4.190612E-01	4.309026E-01	
186	4.735606E-01	4.195128E-01	4.332244E-01	
187	4.759352E-01	4.179024E-01	4.325106E-01	
188	4.787525E-01	4.202855E-01	4.384672E-01	
189	4.809087E-01	4.210339E-01	4.363306E-01	
190	4.846154E-01	4.196774E-01	4.368863E-01	
191	4.862939E-01	4.213218E-01	4.415190E-01	
192	4.909641E-01	4.254730E-01	4.398115E-01	
193	4.900779E-01	4.179886E-01	4.407711E-01	
194	4.914189E-01	4.197974E-01	4.441523E-01	
195	4.951267E-01	4.178378E-01	4.419636E-01	
196	4.997941E-01	4.180479E-01	4.418047E-01	
197	5.005448E-01	4.147289E-01	4.409206E-01	
198	4.992668E-01	4.153981E-01	4.433505E-01	
199	4.948089E-01	4.171642E-01	4.413974E-01	
200	5.097112E-01	4.163848E-01	4.417763E-01	
201	5.073108E-01	4.166880E-01	4.422139E-01	
202	4.986634E-01	4.167483E-01	4.392098E-01	
203	5.050552E-01	4.156335E-01	4.398865E-01	
204	5.008326E-01	4.137118E-01	4.367203E-01	
205	5.009310E-01	4.117154E-01	4.348236E-01	
206	5.049031E-01	4.142919E-01	4.379435E-01	
207	4.955996E-01	4.087647E-01	4.381124E-01	
208	5.084445E-01	4.071026E-01	4.352503E-01	
209	5.062459E-01	4.079231E-01	4.318587E-01	
210	5.046367E-01	4.058763E-01	4.336673E-01	
211	5.005764E-01	4.059120E-01	4.278283E-01	
212	5.022227E-01	4.070100E-01	4.310431E-01	
213	4.975133E-01	4.058459E-01	4.277757E-01	
214	4.909144E-01	4.073775E-01	4.238043E-01	
215	4.938969E-01	4.040807E-01	4.259333E-01	
216	5.039508E-01	4.080159E-01	4.214483E-01	
217	4.954076E-01	4.034908E-01	4.218366E-01	
218	4.883830E-01	4.005942E-01	4.199381E-01	
219	4.903912E-01	4.016045E-01	4.199569E-01	
220	4.910731E-01	3.970152E-01	4.174780E-01	
221	4.936333E-01	3.951653E-01	4.153795E-01	
222	4.886042E-01	3.952664E-01	4.127785E-01	
223	4.944957E-01	3.929571E-01	4.131030E-01	
224	4.837679E-01	3.912933E-01	4.137244E-01	
225	4.878517E-01	3.887677E-01	4.072869E-01	
226	4.905689E-01	3.897362E-01	4.085806E-01	
227	4.941530E-01	3.849740E-01	4.099220E-01	
228	4.836345E-01	3.850983E-01	4.054558E-01	
229	4.873425E-01	3.846967E-01	4.024803E-01	
230	4.855385E-01	3.821465E-01	4.020648E-01	
231	4.735573E-01	3.835999E-01	3.995139E-01	
232	4.885524E-01	3.772834E-01	3.962447E-01	
233	4.878542E-01	3.765873E-01	3.962343E-01	
234	4.778624E-01	3.760059E-01	3.904709E-01	
235	4.813915E-01	3.713739E-01	3.922749E-01	
236	4.744110E-01	3.672433E-01	3.883293E-01	
237	4.601453E-01	3.711872E-01	3.852011E-01	
238	4.546000E-01	3.664603E-01	3.873463E-01	
239	4.598884E-01	3.618397E-01	3.795970E-01	
240	4.573298E-01	3.615497E-01	3.775734E-01	
241	4.470060E-01	3.630381E-01	3.777285E-01	
242	4.481017E-01	3.640819E-01	3.739482E-01	
243	4.515151E-01	3.582044E-01	3.735951E-01	
244	4.421767E-01	3.585641E-01	3.704488E-01	
245	4.281722E-01	3.524835E-01	3.716744E-01	
246	4.376574E-01	3.562107E-01	3.660744E-01	
247	4.284074E-01	3.496159E-01	3.636218E-01	
248	4.256440E-01	3.466923E-01	3.586664E-01	
249	4.106907E-01	3.496642E-01	3.613614E-01	
250	4.213574E-01	3.470952E-01	3.572158E-01	
251	3.979374E-01	3.454069E-01	3.594694E-01	
252	4.059630E-01	3.402540E-01	3.529749E-01	
253	4.023102E-01	3.402620E-01	3.505174E-01	
254	3.992025E-01	3.401370E-01	3.475848E-01	
255	3.922914E-01	3.384962E-01	3.442075E-01	
256	3.879716E-01	3.358416E-01	3.466269E-01	
257	3.892451E-01	3.358765E-01	3.426857E-01	
258	3.915318E-01	3.384511E-01	3.389246E-01	
259	3.838115E-01	3.385817E-01	3.441501E-01	
260	3.880111E-01	3.349866E-01	3.383306E-01	
261	3.807408E-01	3.369275E-01	3.370633E-01	
262	3.862534E-01	3.356563E-01	3.380628E-01	
263	3.920888E-01	3.327626E-01	3.371106E-01	
264	3.766222E-01	3.296451E-01	3.315662E-01	
265	3.584741E-01	3.297778E-01	3.262841E-01	
266	3.584990E-01	3.251377E-01	3.274424E-01	
267	3.712417E-01	3.285613E-01	3.242362E-01	
268	3.538433E-01	3.234446E-01	3.230761E-01	
269	3.629061E-01	3.248108E-01	3.200585E-01	
270	3.611499E-01	3.234417E-01	3.175295E-01	
271	3.574266E-01	3.230269E-01	3.204158E-01	
272	3.637467E-01	3.177839E-01	3.177594E-01	
273	3.436566E-01	3.159741E-01	3.112528E-01	
274	3.354349E-01	3.188896E-01	3.106456E-01	
275	3.455149E-01	3.192022E-01	3.102297E-01	
276	3.327720E-01	3.126830E-01	3.088893E-01	
277	3.340047E-01	3.147241E-01	3.084858E-01	
278	3.336365E-01	3.157919E-01	3.077086E-01	
279	3.265924E-01	3.133878E-01	3.052175E-01	
280	3.267925E-01	3.084452E-01	3.044897E-01	
281	3.129752E-01	3.073029E-01	3.004408E-01	
282	3.185652E-01	3.063739E-01	3.017429E-01	
283	3.148768E-01	3.057466E-01	3.032648E-01	
284	3.151291E-01	3.040900E-01	3.007984E-01	
285	3.206541E-01	3.043925E-01	3.007327E-01	
286	3.218962E-01	3.045187E-01	3.009690E-01	
287	3.128082E-01	3.017673E-01	2.991483E-01	
288	3.050285E-01	2.999895E-01	2.955543E-01	
289	3.131907E-01	3.035446E-01	2.977756E-01	
290	3.024651E-01	2.972607E-01	2.962475E-01	
291	3.161985E-01	2.980608E-01	3.014628E-01	
292	2.878823E-01	2.959364E-01	2.944885E-01	
293	2.953864E-01	2.955254E-01	2.959400E-01	
294	3.014388E-01	2.960341E-01	2.964345E-01	
295	2.985352E-01	2.929701E-01	2.966557E-01	
296	2.880679E-01	2.967194E-01	2.965487E-01	
297	2.983200E-01	2.936228E-01	2.982239E-01	
298	2.955349E-01	2.929852E-01	2.945417E-01	
299	2.972637E-01	2.939325E-01	2.950451E-01	
300	2.987560E-01	2.976713E-01	2.973586E-01	
301	2.946169E-01	2.976272E-01	2.937850E-01	
302	2.982905E-01	2.977556E-01	2.921774E-01	
303	2.943570E-01	2.974276E-01	2.951336E-01	
304	2.965525E-01	2.958127E-01	2.914003E-01	
305	2.903088E-01	2.929626E-01	2.942390E-01	
306	2.897347E-01	2.940520E-01	2.944140E-01	
307	2.953439E-01	2.956232E-01	2.942193E-01	
308	2.943419E-01	2.943381E-01	2.914979E-01	
309	3.042430E-01	2.953921E-01	2.941884E-01	
310	2.883393E-01	2.951767E-01	2.960485E-01	
311	3.008935E-01	2.938577E-01	2.919340E-01	
312	2.941577E-01	2.942111E-01	2.918220E-01	
313	3.008809E-01	2.917471E-01	2.923253E-01	
314	3.064411E-01	2.967512E-01	2.901134E-01	
315	3.059974E-01	2.938838E-01	2.903817E-01	
316	2.999762E-01	2.928286E-01	2.900043E-01	
317	3.045036E-01	2.927134E-01	2.872210E-01	
318	2.954327E-01	2.936794E-01	2.870266E-01	
319	2.829749E-01	2.912020E-01	2.879021E-01	
320	2.948315E-01	2.925431E-01	2.873515E-01	
321	3.046622E-01	2.944204E-01	2.866260E-01	
322	3.054779E-01	2.936318E-01	2.857175E-01	
323	3.078907E-01	2.916281E-01	2.867707E-01	
324	2.945957E-01	2.938270E-01	2.862979E-01	
325	3.005858E-01	2.940382E-01	2.856825E-01	
326	3.094527E-01	2.899606E-01	2.849627E-01	
327	2.965454E-01	2.915597E-01	2.835824E-01	
328	3.127320E-01	2.938454E-01	2.865875E-01	
329	3.037454E-01	2.941551E-01	2.833645E-01	
330	3.142943E-01	2.932634E-01	2.852871E-01	
331	3.073964E-01	2.869450E-01	2.861763E-01	
332	3.031657E-01	2.929655E-01	2.868673E-01	
333	2.855067E-01	2.925038E-01	2.827366E-01	
334	2.997809E-01	2.929135E-01	2.851936E-01	
335	3.047301E-01	2.919824E-01	2.841144E-01	
336	3.071505E-01	2.924249E-01	2.831593E-01	
337	2.970267E-01	2.915244E-01	2.841875E-01	
338	3.057427E-01	2.955445E-01	2.836589E-01	
339	2.974470E-01	2.886820E-01	2.839070E-01	
340	3.077945E-01	2.909503E-01	2.820616E-01	
341	3.107745E-01	2.904526E-01	2.838711E-01	
342	3.001584E-01	2.910552E-01	2.810814E-01	
343	2.966167E-01	2.884890E-01	2.817990E-01	
344	2.996579E-01	2.910740E-01	2.833986E-01	
345	3.137629E-01	2.890954E-01	2.776088E-01	
346	3.115252E-01	2.882960E-01	2.774321E-01	
347	2.911618E-01	2.916707E-01	2.770322E-01	
348	3.083744E-01	2.879054E-01	2.776672E-01	
349	2.938051E-01	2.863615E-01	2.808651E-01	
350	3.007500E-01	2.877815E-01	2.737790E-01	
351	2.958794E-01	2.872343E-01	2.793109E-01	
352	2.902792E-01	2.913074E-01	2.771150E-01	
353	2.775839E-01	2.892251E-01	2.777372E-01	
354	2.830104E-01	2.828087E-01	2.792928E-01	
355	2.978208E-01	2.886830E-01	2.777589E-01	
356	2.826645E-01	2.862704E-01	2.747572E-01	
357	2.963708E-01	2.873078E-01	2.772376E-01	
358	2.799698E-01	2.845174E-01	2.778616E-01	
359	2.806357E-01	2.879056E-01	2.747584E-01	
360	2.831352E-01	2.847256E-01	2.752647E-01	
361	2.751742E-01	2.885660E-01	2.708634E-01	
362	2.999580E-01	2.822373E-01	2.720562E-01	
363	3.077743E-01	2.833105E-01	2.695305E-01	
364	2.989763E-01	2.890459E-01	2.728483E-01	
365	3.010110E-01	2.858589E-01	2.698961E-01	
366	3.097785E-01	2.854634E-01	2.696366E-01	
367	2.956259E-01	2.876296E-01	2.721780E-01	
368	3.155223E-01	2.835471E-01	2.666310E-01	
369	3.070283E-01	2.859871E-01	2.728654E-01	
370	3.133450E-01	2.887868E-01	2.710642E-01	
371	3.047928E-01	2.868910E-01	2.729035E-01	
372	3.058585E-01	2.853875E-01	2.739381E-01	
373	3.147732E-01	2.860987E-01	2.695795E-01	
374	3.115409E-01	2.830611E-01	2.722738E-01	
375	3.200831E-01	2.874750E-01	2.709558E-01	
376	3.204569E-01	2.835695E-01	2.737554E-01	
377	3.006586E-01	2.846180E-01	2.759912E-01	
378	3.069013E-01	2.818068E-01	2.658102E-01	
379	3.158858E-01	2.864743E-01	2.705438E-01	
380	2.995317E-01	2.784478E-01	2.709671E-01	
381	3.090318E-01	2.858497E-01	2.699092E-01	
382	3.012929E-01	2.836787E-01	2.731329E-01	
383	3.074797E-01	2.821770E-01	2.720933E-01	
384	2.975531E-01	2.869428E-01	2.728536E-01	
385	2.848687E-01	2.874533E-01	2.665178E-01	
386	2.991406E-01	2.905301E-01	2.767299E-01	
387	2.978645E-01	2.853067E-01	2.732981E-01	
388	3.063435E-01	2.862895E-01	2.764815E-01	
389	2.800976E-01	2.882231E-01	2.755774E-01	
390	3.000079E-01	2.902281E-01	2.761072E-01	
391	3.230101E-01	2.916347E-01	2.779285E-01	
392	2.793624E-01	2.851023E-01	2.728539E-01	
393	2.954721E-01	2.864745E-01	2.757651E-01	
394	2.941774E-01	2.831663E-01	2.759368E-01	
395	2.826878E-01	2.943732E-01	2.767879E-01	
396	2.881839E-01	2.890874E-01	2.767730E-01	
397	2.628108E-01	2.899797E-01	2.810731E-01	
398	2.811401E-01	2.891326E-01	2.785120E-01	
399	2.775769E-01	2.920951E-01	2.824667E-01	
400	2.902258E-01	2.881179E-01	2.820504E-01	
401	2.684463E-01	2.886150E-01	2.797120E-01	
402	2.899770E-01	2.933649E-01	2.803361E-01	
403	2.866092E-01	2.924713E-01	2.805373E-01	
404	2.733515E-01	2.934826E-01	2.828301E-01	
405	2.954817E-01	2.940615E-01	2.804001E-01	
406	2.942620E-01	2.917845E-01	2.792841E-01	
407	2.918559E-01	2.996821E-01	2.908542E-01	
408	2.829891E-01	2.940239E-01	2.826280E-01	
409	2.960078E-01	2.928765E-01	2.816517E-01	
410	3.001305E-01	2.970228E-01	2.988939E-01	
411	3.013104E-01	2.925250E-01	2.881588E-01	
412	3.002683E-01	2.904342E-01	2.913312E-01	
413	3.106670E-01	2.955234E-01	2.988244E-01	
414	3.119960E-01	3.019824E-01	2.930372E-01	
415	3.173249E-01	3.026991E-01	3.020366E-01	
416	3.126893E-01	2.899128E-01	2.944153E-01	
417	2.796183E-01	3.005704E-01	2.939170E-01	
418	3.060831E-01	2.991319E-01	2.984376E-01	
419	2.964878E-01	3.024173E-01	2.971222E-01	
420	2.981755E-01	3.037084E-01	2.997045E-01	
421	2.999312E-01	3.049977E-01	2.971668E-01	
422	2.827456E-01	2.986218E-01	3.070576E-01	
423	2.895229E-01	2.940478E-01	2.969490E-01	
424	2.528366E-01	3.023920E-01	3.026652E-01	
425	2.868971E-01	3.010352E-01	3.062717E-01	
426	2.720634E-01	3.060741E-01	3.058019E-01	
427	2.720083E-01	3.009147E-01	2.985491E-01	
428	2.708774E-01	3.029351E-01	3.019968E-01	
429	2.606391E-01	3.021408E-01	3.050680E-01	
430	3.019708E-01	3.018055E-01	2.968106E-01	
431	2.510265E-01	3.058477E-01	3.001113E-01	
432	3.010436E-01	3.011974E-01	3.070261E-01	
433	2.902835E-01	3.106274E-01	3.023107E-01	
434	2.773653E-01	3.012484E-01	3.018267E-01	
435	2.400417E-01	3.019221E-01	2.962076E-01	
436	2.820361E-01	3.110284E-01	3.041811E-01	
437	2.722695E-01	3.008638E-01	3.001541E-01	
438	2.758710E-01	2.999986E-01	2.981082E-01	
439	2.803330E-01	2.923249E-01	2.945404E-01	
440	2.601597E-01	3.065692E-01	3.047267E-01	
441	2.854619E-01	2.990010E-01	2.943947E-01	
442	2.520355E-01	3.016450E-01	3.005896E-01	
443	2.615176E-01	2.963496E-01	2.948342E-01	
444	2.764084E-01	2.996650E-01	3.012838E-01	
445	2.811335E-01	3.027654E-01	3.055694E-01	
446	2.706772E-01	2.996536E-01	3.022736E-01	
447	2.600969E-01	3.026760E-01	2.900112E-01	
448	3.053385E-01	3.030274E-01	3.017257E-01	
449	2.716272E-01	3.088490E-01	3.015395E-01	
450	2.756128E-01	3.106589E-01	3.007631E-01	
451	2.904728E-01	2.974373E-01	3.055277E-01	
452	2.746740E-01	3.047190E-01	3.228831E-01	
453	2.769707E-01	2.871349E-01	3.047316E-01	
454	2.757892E-01	3.046770E-01	3.224812E-01	
455	2.608544E-01	2.984112E-01	3.102004E-01	
456	2.478868E-01	3.128638E-01	3.051036E-01	
457	2.950827E-01	2.935562E-01	3.163279E-01	
458	2.632210E-01	3.076364E-01	3.144158E-01	
459	2.920878E-01	3.019068E-01	3.179150E-01	
460	3.204133E-01	2.942300E-01	3.038820E-01	
461	2.818867E-01	3.037425E-01	3.151862E-01	
462	3.076488E-01	2.965174E-01	3.082450E-01	
463	2.857536E-01	3.111022E-01	3.198524E-01	
464	2.841520E-01	3.086811E-01	3.105046E-01	
465	3.431426E-01	3.028271E-01	3.137169E-01	
466	2.436781E-01	3.167826E-01	3.227147E-01	
467	3.201198E-01	3.073673E-01	3.149807E-01	
468	3.268893E-01	3.157664E-01	3.207769E-01	
469	2.869082E-01	3.142485E-01	3.154167E-01	
470	3.302052E-01	3.394126E-01	3.418862E-01	
471	2.985840E-01	3.087425E-01	3.052850E-01	
472	3.217967E-01	3.264220E-01	3.285319E-01	
473	3.199293E-01	3.145266E-01	3.078798E-01	
474	3.382833E-01	3.380707E-01	3.385968E-01	
475	3.452375E-01	3.327594E-01	3.306806E-01	
476	3.237174E-01	3.175118E-01	3.294178E-01	
477	3.106739E-01	3.593174E-01	3.749650E-01	
478	3.219627E-01	3.050003E-01	3.241604E-01	
479	3.293567E-01	3.633157E-01	3.487260E-01	
480	3.807438E-01	3.072849E-01	3.458488E-01	
481	2.727498E-01	3.720081E-01	3.624284E-01	
482	3.572748E-01	3.231162E-01	3.591413E-01	
483	2.825260E-01	3.530600E-01	3.772394E-01	
484	4.389666E-01	4.335047E-01	4.421556E-01	
485	3.395080E-01	3.301316E-01	3.783722E-01	
486	3.497855E-01	4.639973E-01	4.324628E-01	
487	3.739359E-01	3.267170E-01	3.566326E-01	
488	3.675128E-01	4.455725E-01	4.211195E-01	
489	3.281522E-01	3.176360E-01	3.615103E-01	
490	4.002557E-01	4.332824E-01	4.222685E-01	
491	3.679489E-01	3.869511E-01	4.133542E-01	
492	3.684214E-01	3.750791E-01	4.035173E-01	
493	3.667952E-01	5.199405E-01	4.972611E-01	
494	4.422910E-01	3.868751E-01	4.314623E-01	
495	2.474206E-01	5.692618E-01	4.761163E-01	
496	4.412677E-01	3.726650E-01	4.583001E-01	
497	7.113918E-01	4.417654E-01	5.069008E-01	
498	4.550480E-01	3.763626E-01	4.224059E-01	
499	5.873942E-01	4.026995E-01	4.907570E-01	
500	0	0	0	
501	5.705561E-01	4.177161E-01	4.527076E-01	
502	0	0	0	
503	6.101467E-01	3.994376E-01	5.146120E-01	
504	0	0	0	
505	6.112444E-01	4.245221E-01	5.016329E-01	
506	4.996853E-01	5.382545E-01	5.990044E-01	
507	0	0	0	
508	6.789563E-01	4.398622E-01	5.494974E-01	
509	0	0	0	
510	7.919752E-01	5.404558E-01	5.811706E-01	
511	0	0	0	
512	0	5.447560E-01	6.471105E-01	
513	0	0	0	
514	0	0	0	
515	6.332422E-01	5.775772E-01	6.812203E-01	
516	0	0	0	
517	0	4.793259E-01	6.890934E-01	
518	0	0	0	
519	0	5.474453E-01	6.842222E-01	
520	0	0	0	
521	0	0	0	
522	0	0	0	
523	0	0	0	
524	0	0	0	
525	0	0	0	
526	0	0	0	
527	0	0	0	
528	0	0	0	
529	0	0	0	
530	0	0	0	
531	0	0	0	
532	0	0	0	
533	0	0	0	
534	0	0	0	
535	0	0	0	
536	0	0	0	
537	0	0	0	
538	0	0	0	
539	0	0	0	
540	0	0	0	
541	0	0	0	
542	0	0	0	
543	0	0	0	
544	0	0	0	
545	0	0	0	
546	0	0	0	
547	0	0	0	
548	0	0	0	
549	0	0	0	
550	0	0	0	
551	0	0	0	
552	0	0	0	
553	0	0	0	
554	0	0	0	
555	0	0	0	
556	0	0	0	
557	0	0	0	
558	0	0	0	
559	0	0	0	
560	0	0	0	
561	0	0	0	
562	0	0	0	
563	0	0	0	
564	0	0	0	
565	0	0	0	
566	0	0	0	
567	0	0	0	
568	0	0	0	
569	0	0	0	
570	0	0	0	
571	0	0	0	
572	0	0	0	
573	0	0	0	
574	0	0	0	
575	0	0	0	
576	0	0	0	
577	0	0	0	
578	0	0	0	
579	0	0	0	
580	0	0	0	
581	0	0	0	
582	0	0	0	
583	0	0	0	
584	0	0	0	
585	0	0	0	
586	0	0	0	
587	0	0	0	
588	0	0	0	
589	0	0	0	
590	0	0	0	
591	0	0	0	
592	0	0	0	
593	0	0	0	
594	0	0	0	
595	0	0	0	
596	0	0	0	
597	0	0	0	
598	0	0	0	
599	0	0	0	
#NewRun
0	0	0	0	
1	0	0	0	
2	0	0	0	
3	0	0	0	
4	3.295750E-01	3.204180E-01	3.412165E-01	
5	3.294191E-01	3.223837E-01	3.401619E-01	
6	3.191246E-01	3.237487E-01	3.359748E-01	
7	0	0	0	
8	3.354215E-01	3.099936E-01	3.386829E-01	
9	3.318502E-01	3.209384E-01	3.265907E-01	
10	0	0	0	
11	3.355523E-01	3.340743E-01	3.225710E-01	
12	3.317506E-01	3.245543E-01	3.390399E-01	
13	3.286885E-01	3.300685E-01	3.347500E-01	
14	3.317952E-01	3.176831E-01	3.423888E-01	
15	0	0	0	
16	3.281266E-01	3.301980E-01	3.405686E-01	
17	3.255011E-01	3.283036E-01	3.274896E-01	
18	3.247868E-01	3.288610E-01	3.330208E-01	
19	3.293414E-01	3.245315E-01	3.343533E-01	
20	3.239586E-01	3.240309E-01	3.374374E-01	
21	3.295637E-01	3.215585E-01	3.293581E-01	
22	3.180664E-01	3.240499E-01	3.310830E-01	
23	3.309988E-01	3.232196E-01	3.274198E-01	
24	3.342268E-01	3.190031E-01	3.390487E-01	
25	3.285178E-01	3.268224E-01	3.329453E-01	
26	3.257072E-01	3.269699E-01	3.344983E-01	
27	3.285467E-01	3.221798E-01	3.341000E-01	
28	3.231981E-01	3.245314E-01	3.350610E-01	
29	3.265117E-01	3.265456E-01	3.329610E-01	
30	3.271252E-01	3.234550E-01	3.320293E-01	
31	3.259324E-01	3.307132E-01	3.289296E-01	
32	3.279730E-01	3.259136E-01	3.346258E-01	
33	3.256986E-01	3.275979E-01	3.335563E-01	
34	3.242157E-01	3.267842E-01	3.297555E-01	
35	3.180379E-01	3.255173E-01	3.333965E-01	
36	3.252686E-01	3.269701E-01	3.332342E-01	
37	3.248579E-01	3.286714E-01	3.306306E-01	
38	3.226152E-01	3.264415E-01	3.305479E-01	
39	3.222318E-01	3.276644E-01	3.265524E-01	
40	3.239974E-01	3.271729E-01	3.258448E-01	
41	3.223507E-01	3.288245E-01	3.310695E-01	
42	3.239079E-01	3.238719E-01	3.260505E-01	
43	3.275833E-01	3.281379E-01	3.286282E-01	
44	3.231736E-01	3.246672E-01	3.309423E-01	
45	3.264341E-01	3.279798E-01	3.280085E-01	
46	3.218126E-01	3.255089E-01	3.288578E-01	
47	3.243680E-01	3.220289E-01	3.245473E-01	
48	3.251729E-01	3.247030E-01	3.279454E-01	
49	3.218302E-01	3.265470E-01	3.309636E-01	
50	3.211409E-01	3.257119E-01	3.287290E-01	
51	3.176028E-01	3.270261E-01	3.218083E-01	
52	3.211226E-01	3.214395E-01	3.302197E-01	
53	3.204099E-01	3.229809E-01	3.306351E-01	
54	3.196231E-01	3.210070E-01	3.300534E-01	
55	3.199374E-01	3.240638E-01	3.278355E-01	
56	3.238713E-01	3.214555E-01	3.276987E-01	
57	3.205327E-01	3.170743E-01	3.277994E-01	
58	3.206458E-01	3.227595E-01	3.284876E-01	
59	3.223357E-01	3.212566E-01	3.274117E-01	
60	3.240076E-01	3.226474E-01	3.275308E-01	
61	3.207841E-01	3.194218E-01	3.271638E-01	
62	3.225011E-01	3.186236E-01	3.252743E-01	
63	3.214584E-01	3.228213E-01	3.270732E-01	
64	3.212640E-01	3.223816E-01	3.251442E-01	
65	3.235948E-01	3.189597E-01	3.233779E-01	
66	3.208083E-01	3.191858E-01	3.238797E-01	
67	3.202045E-01	3.191882E-01	3.240248E-01	
68	3.205907E-01	3.216054E-01	3.224888E-01	
69	3.195910E-01	3.209398E-01	3.226975E-01	
70	3.179128E-01	3.203175E-01	3.238904E-01	
71	3.189528E-01	3.188222E-01	3.227348E-01	
72	3.180145E-01	3.213123E-01	3.211982E-01	
73	3.190241E-01	3.189416E-01	3.227058E-01	
74	3.206356E-01	3.208990E-01	3.195211E-01	
75	3.194053E-01	3.196316E-01	3.235223E-01	
76	3.182379E-01	3.177196E-01	3.217031E-01	
77	3.173064E-01	3.196147E-01	3.220055E-01	
78	3.163100E-01	3.176918E-01	3.211561E-01	
79	3.171201E-01	3.133286E-01	3.212214E-01	
80	3.152822E-01	3.198719E-01	3.243258E-01	
81	3.150900E-01	3.173388E-01	3.239891E-01	
82	3.138145E-01	3.151675E-01	3.216134E-01	
83	3.127437E-01	3.152385E-01	3.184540E-01	
84	3.131717E-01	3.154095E-01	3.220459E-01	
85	3.127847E-01	3.163047E-01	3.207207E-01	
86	3.120264E-01	3.153513E-01	3.213909E-01	
87	3.131153E-01	3.160471E-01	3.209103E-01	
88	3.141797E-01	3.138832E-01	3.219782E-01	
89	3.133038E-01	3.160410E-01	3.223391E-01	
90	3.128989E-01	3.166906E-01	3.207368E-01	
91	3.132601E-01	3.159056E-01	3.217758E-01	
92	3.138204E-01	3.141457E-01	3.240801E-01	
93	3.139050E-01	3.149862E-01	3.220372E-01	
94	3.117139E-01	3.144633E-01	3.221010E-01	
95	3.131080E-01	3.160340E-01	3.200827E-01	
96	3.152859E-01	3.142662E-01	3.237344E-01	
97	3.147697E-01	3.144477E-01	3.245008E-01	
98	3.135539E-01	3.161327E-01	3.220647E-01	
99	3.149111E-01	3.157873E-01	3.200047E-01	
100	3.142443E-01	3.161128E-01	3.233020E-01	
101	3.157716E-01	3.170100E-01	3.233277E-01	
102	3.157087E-01	3.156730E-01	3.232238E-01	
103	3.170218E-01	3.181093E-01	3.221277E-01	
104	3.177545E-01	3.180361E-01	3.251938E-01	
105	3.170433E-01	3.183779E-01	3.246518E-01	
106	3.188052E-01	3.180256E-01	3.255128E-01	
107	3.167705E-01	3.187327E-01	3.238485E-01	
108	3.198879E-01	3.189135E-01	3.264875E-01	
109	3.202687E-01	3.181573E-01	3.274348E-01	
110	3.195316E-01	3.197678E-01	3.278419E-01	
111	3.210500E-01	3.198514E-01	3.286221E-01	
112	3.210163E-01	3.185533E-01	3.311680E-01	
113	3.225390E-01	3.207760E-01	3.302398E-01	
114	3.235604E-01	3.210298E-01	3.333513E-01	
115	3.239832E-01	3.215586E-01	3.337252E-01	
116	3.259516E-01	3.236934E-01	3.337468E-01	
117	3.284744E-01	3.236964E-01	3.359316E-01	
118	3.277826E-01	3.235572E-01	3.367757E-01	
119	3.294810E-01	3.246020E-01	3.367443E-01	
120	3.315285E-01	3.258379E-01	3.380531E-01	
121	3.324164E-01	3.282876E-01	3.398796E-01	
122	3.331695E-01	3.282956E-01	3.382158E-01	
123	3.339297E-01	3.290647E-01	3.427561E-01	
124	3.357930E-01	3.306688E-01	3.417993E-01	
125	3.390773E-01	3.318824E-01	3.444195E-01	
126	3.404613E-01	3.335053E-01	3.447166E-01	
127	3.412430E-01	3.354189E-01	3.450456E-01	
128	3.434236E-01	3.351278E-01	3.476741E-01	
129	3.451059E-01	3.379234E-01	3.480504E-01	
130	3.458687E-01	3.392056E-01	3.489942E-01	
131	3.475137E-01	3.401671E-01	3.517441E-01	
132	3.493109E-01	3.406563E-01	3.541475E-01	
133	3.509851E-01	3.431761E-01	3.557917E-01	
134	3.514653E-01	3.450245E-01	3.575383E-01	
135	3.550490E-01	3.451155E-01	3.588929E-01	
136	3.561257E-01	3.486008E-01	3.611353E-01	
137	3.589304E-01	3.501410E-01	3.618189E-01	
138	3.611762E-01	3.524595E-01	3.645886E-01	
139	3.649600E-01	3.529069E-01	3.642320E-01	
140	3.658889E-01	3.551359E-01	3.676986E-01	
141	3.680877E-01	3.567461E-01	3.698549E-01	
142	3.709459E-01	3.607375E-01	3.694540E-01	
143	3.710178E-01	3.622492E-01	3.737506E-01	
144	3.750448E-01	3.639059E-01	3.740623E-01	
145	3.766662E-01	3.653069E-01	3.785780E-01	
146	3.805886E-01	3.666588E-01	3.791500E-01	
147	3.824065E-01	3.679597E-01	3.810486E-01	
148	3.850164E-01	3.695929E-01	3.807796E-01	
149	3.853627E-01	3.708298E-01	3.833433E-01	
150	3.896963E-01	3.732716E-01	3.850079E-01	
151	3.951470E-01	3.726593E-01	3.873072E-01	
152	3.952933E-01	3.772002E-01	3.892296E-01	
153	3.984096E-01	3.777707E-01	3.910033E-01	
154	4.009410E-01	3.805864E-01	3.933911E-01	
155	4.036651E-01	3.803902E-01	3.925804E-01	
156	4.064647E-01	3.819084E-01	3.964072E-01	
157	4.087366E-01	3.852341E-01	3.955621E-01	
158	4.104938E-01	3.852267E-01	3.995953E-01	
159	4.148562E-01	3.852140E-01	4.012782E-01	
160	4.168329E-01	3.851004E-01	4.010599E-01	
161	4.187869E-01	3.872291E-01	4.048317E-01	
162	4.215975E-01	3.879310E-01	4.036906E-01	
163	4.217283E-01	3.887431E-01	4.078386E-01	
164	4.248085E-01	3.893956E-01	4.085720E-01	
165	4.286597E-01	3.917149E-01	4.132421E-01	
166	4.301852E-01	3.939318E-01	4.123416E-01	
167	4.301703E-01	3.929831E-01	4.136419E-01	
168	4.346234E-01	3.987271E-01	4.173702E-01	
169	4.347750E-01	3.989563E-01	4.197463E-01	
170	4.357458E-01	4.010351E-01	4.218974E-01	
171	4.406543E-01	4.022629E-01	4.214622E-01	
172	4.417263E-01	4.000372E-01	4.207808E-01	
173	4.459025E-01	4.039925E-01	4.263330E-01	
174	4.457273E-01	4.050556E-01	4.286744E-01	
175	4.486863E-01	4.078661E-01	4.280837E-01	
176	4.541484E-01	4.052295E-01	4.303253E-01	
177	4.554366E-01	4.104201E-01	4.293882E-01	
178	4.530598E-01	4.093267E-01	4.323142E-01	
179	4.613124E-01	4.137305E-01	4.340696E-01	
180	4.654466E-01	4.136718E-01	4.317438E-01	
181	4.676591E-01	4.129133E-01	4.329645E-01	
182	4.705523E-01	4.165009E-01	4.363405E-01	
183	4.767746E-01	4.181879E-01	4.381167E-01	
184	4.788228E-01	4.181433E-01	4.377604E-01	
185	4.840567E-01	4.176748E-01	4.401163E-01	
186	4.892442E-01	4.264427E-01	4.380770E-01	
187	4.911994E-01	4.234001E-01	4.393310E-01	
188	4.940959E-01	4.245329E-01	4.418257E-01	
189	4.971317E-01	4.228712E-01	4.411039E-01	
190	4.919268E-01	4.252576E-01	4.412916E-01	
191	4.989406E-01	4.283052E-01	4.431168E-01	
192	4.998740E-01	4.253287E-01	4.416042E-01	
193	5.029773E-01	4.250429E-01	4.455560E-01	
194	5.020191E-01	4.269584E-01	4.430566E-01	
195	5.043912E-01	4.266000E-01	4.437380E-01	
196	5.089364E-01	4.247174E-01	4.469380E-01	
197	5.069671E-01	4.261009E-01	4.430515E-01	
198	5.065425E-01	4.261661E-01	4.431511E-01	
199	5.108920E-01	4.282488E-01	4.479459E-01	
200	5.119978E-01	4.237107E-01	4.461896E-01	
201	5.078672E-01	4.232514E-01	4.434044E-01	
202	5.060591E-01	4.207190E-01	4.353137E-01	
203	5.013734E-01	4.246692E-01	4.446499E-01	
204	5.093714E-01	4.165085E-01	4.374801E-01	
205	5.098621E-01	4.189075E-01	4.370201E-01	
206	5.065138E-01	4.182734E-01	4.354009E-01	
207	5.037844E-01	4.156894E-01	4.351513E-01	
208	5.062748E-01	4.114537E-01	4.286589E-01	
209	5.069458E-01	4.159637E-01	4.321692E-01	
210	5.053432E-01	4.143762E-01	4.282378E-01	
211	5.046790E-01	4.131252E-01	4.326449E-01	
212	5.085369E-01	4.134073E-01	4.259690E-01	
213	5.087919E-01	4.131046E-01	4.296658E-01	
214	5.050878E-01	4.078306E-01	4.281895E-01	
215	5.037484E-01	4.080717E-01	4.275377E-01	
216	5.129202E-01	4.063485E-01	4.246733E-01	
217	5.133886E-01	4.081394E-01	4.235859E-01	
218	5.093709E-01	4.054885E-01	4.243017E-01	
219	5.054635E-01	4.026703E-01	4.207101E-01	
220	5.040019E-01	4.025876E-01	4.179978E-01	
221	4.998977E-01	3.955228E-01	4.148657E-01	
222	5.013954E-01	3.975247E-01	4.169070E-01	
223	5.011473E-01	3.918247E-01	4.168672E-01	
224	4.939527E-01	3.919704E-01	4.093811E-01	
225	5.007343E-01	3.894371E-01	4.080797E-01	
226	4.906731E-01	3.888000E-01	4.117847E-01	
227	4.947014E-01	3.883464E-01	4.109228E-01	
228	4.877701E-01	3.822488E-01	3.998424E-01	
229	4.850176E-01	3.837167E-01	4.037209E-01	
230	4.913544E-01	3.780339E-01	4.004773E-01	
231	4.869815E-01	3.806966E-01	3.966362E-01	
232	4.809444E-01	3.788232E-01	3.943328E-01	
233	4.806068E-01	3.764877E-01	3.940866E-01	
234	4.867425E-01	3.688450E-01	3.905100E-01	
235	4.837987E-01	3.737010E-01	3.927729E-01	
236	4.734318E-01	3.689566E-01	3.808145E-01	
237	4.812114E-01	3.640238E-01	3.832305E-01	
238	4.826261E-01	3.665195E-01	3.813334E-01	
239	4.744634E-01	3.620955E-01	3.797631E-01	
240	4.743318E-01	3.583649E-01	3.813061E-01	
241	4.794430E-01	3.584830E-01	3.819795E-01	
242	4.709431E-01	3.588204E-01	3.762707E-01	
243	4.620288E-01	3.554981E-01	3.726541E-01	
244	4.723001E-01	3.523590E-01	3.675522E-01	
245	4.678877E-01	3.523654E-01	3.684847E-01	
246	4.497609E-01	3.479203E-01	3.696155E-01	
247	4.651720E-01	3.475660E-01	3.637201E-01	
248	4.665532E-01	3.500119E-01	3.623880E-01	
249	4.524488E-01	3.435705E-01	3.631108E-01	
250	4.530995E-01	3.487409E-01	3.577400E-01	
251	4.358900E-01	3.536391E-01	3.631955E-01	
252	4.437781E-01	3.469702E-01	3.521115E-01	
253	4.579081E-01	3.422442E-01	3.524815E-01	
254	4.506859E-01	3.450176E-01	3.483430E-01	
255	4.385093E-01	3.439231E-01	3.484696E-01	
256	4.385133E-01	3.395329E-01	3.464669E-01	
257	4.543733E-01	3.359530E-01	3.422500E-01	
258	4.375913E-01	3.393139E-01	3.412799E-01	
259	4.379514E-01	3.420084E-01	3.383850E-01	
260	4.294571E-01	3.333221E-01	3.373237E-01	
261	4.311536E-01	3.366600E-01	3.329956E-01	
262	4.353731E-01	3.346047E-01	3.340872E-01	
263	4.219577E-01	3.353864E-01	3.319694E-01	
264	4.173847E-01	3.340948E-01	3.310442E-01	
265	4.091941E-01	3.306015E-01	3.285961E-01	
266	3.922261E-01	3.320715E-01	3.270687E-01	
267	3.906643E-01	3.311202E-01	3.266496E-01	
268	3.903264E-01	3.267415E-01	3.244174E-01	
269	3.914818E-01	3.275052E-01	3.218144E-01	
270	3.900928E-01	3.271483E-01	3.195020E-01	
271	3.823947E-01	3.296366E-01	3.199115E-01	
272	3.680883E-01	3.261311E-01	3.141018E-01	
273	3.716699E-01	3.216849E-01	3.165351E-01	
274	3.672793E-01	3.252565E-01	3.135834E-01	
275	3.643403E-01	3.181407E-01	3.110374E-01	
276	3.605785E-01	3.194158E-01	3.079963E-01	
277	3.527470E-01	3.154496E-01	3.104758E-01	
278	3.627670E-01	3.141191E-01	3.061654E-01	
279	3.490514E-01	3.144609E-01	3.046610E-01	
280	3.592382E-01	3.112677E-01	3.088848E-01	
281	3.546172E-01	3.131114E-01	3.023198E-01	
282	3.375888E-01	3.085881E-01	2.994066E-01	
283	3.479979E-01	3.061002E-01	3.012175E-01	
284	3.524516E-01	3.086497E-01	3.010530E-01	
285	3.418555E-01	3.072099E-01	2.983566E-01	
286	3.441383E-01	3.040290E-01	3.008064E-01	
287	3.261303E-01	3.049752E-01	2.975280E-01	
288	3.282885E-01	3.046507E-01	2.936035E-01	
289	3.312142E-01	3.016390E-01	2.981220E-01	
290	3.212236E-01	2.997367E-01	2.948530E-01	
291	3.222667E-01	3.018613E-01	2.956946E-01	
292	3.247440E-01	2.960347E-01	2.926447E-01	
293	3.144446E-01	2.990180E-01	2.958614E-01	
294	3.297008E-01	2.977737E-01	2.943173E-01	
295	3.103404E-01	2.940985E-01	2.903844E-01	
296	2.911486E-01	2.968642E-01	2.930995E-01	
297	3.106917E-01	2.939219E-01	2.915084E-01	
298	2.971381E-01	2.934770E-01	2.905224E-01	
299	3.081421E-01	2.911917E-01	2.882177E-01	
300	3.085323E-01	2.965705E-01	2.918374E-01	
301	2.999876E-01	2.931814E-01	2.904480E-01	
302	2.939940E-01	2.923418E-01	2.886272E-01	
303	3.061058E-01	2.924819E-01	2.916052E-01	
304	2.951229E-01	2.922378E-01	2.864060E-01	
305	3.012230E-01	2.928932E-01	2.885330E-01	
306	3.114949E-01	2.913633E-01	2.866268E-01	
307	2.931169E-01	2.930235E-01	2.891551E-01	
308	3.173519E-01	2.916604E-01	2.922538E-01	
309	3.064387E-01	2.923694E-01	2.881000E-01	
310	2.974505E-01	2.941830E-01	2.888153E-01	
311	3.017192E-01	2.919418E-01	2.893357E-01	
312	3.043998E-01	2.930277E-01	2.917895E-01	
313	2.961482E-01	2.913688E-01	2.880159E-01	
314	3.040875E-01	2.959909E-01	2.875640E-01	
315	2.935854E-01	2.907879E-01	2.876739E-01	
316	2.968078E-01	2.907391E-01	2.900777E-01	
317	2.950529E-01	2.892084E-01	2.831779E-01	
318	3.010349E-01	2.868260E-01	2.876604E-01	
319	2.743863E-01	2.893884E-01	2.899069E-01	
320	2.975203E-01	2.858882E-01	2.871819E-01	
321	3.001381E-01	2.952699E-01	2.866339E-01	
322	2.766664E-01	2.861433E-01	2.884509E-01	
323	2.927468E-01	2.858465E-01	2.880028E-01	
324	2.722966E-01	2.871604E-01	2.900094E-01	
325	2.948407E-01	2.878815E-01	2.894456E-01	
326	2.861859E-01	2.844977E-01	2.862403E-01	
327	2.774027E-01	2.868428E-01	2.853873E-01	
328	2.743912E-01	2.868020E-01	2.869312E-01	
329	2.714978E-01	2.853113E-01	2.810532E-01	
330	2.736643E-01	2.851495E-01	2.816545E-01	
331	2.808542E-01	2.871745E-01	2.843551E-01	
332	2.825550E-01	2.865563E-01	2.821678E-01	
333	2.872391E-01	2.871804E-01	2.833061E-01	
334	2.774544E-01	2.839438E-01	2.843277E-01	
335	3.010724E-01	2.874865E-01	2.827197E-01	
336	3.013681E-01	2.846653E-01	2.824759E-01	
337	2.838544E-01	2.867134E-01	2.819186E-01	
338	2.927504E-01	2.863052E-01	2.793997E-01	
339	2.975403E-01	2.863596E-01	2.821846E-01	
340	2.977562E-01	2.877769E-01	2.784567E-01	
341	3.024302E-01	2.872012E-01	2.786831E-01	
342	3.197589E-01	2.887252E-01	2.779708E-01	
343	3.141131E-01	2.874989E-01	2.805826E-01	
344	3.173408E-01	2.897647E-01	2.779352E-01	
345	3.151819E-01	2.861848E-01	2.828464E-01	
346	3.048423E-01	2.853343E-01	2.758199E-01	
347	3.274817E-01	2.893163E-01	2.789865E-01	
348	3.142608E-01	2.881114E-01	2.818638E-01	
349	3.176360E-01	2.879071E-01	2.810158E-01	
350	3.119368E-01	2.873647E-01	2.756690E-01	
351	3.156119E-01	2.874613E-01	2.785644E-01	
352	3.052366E-01	2.890557E-01	2.778805E-01	
353	3.184835E-01	2.858944E-01	2.809530E-01	
354	3.098617E-01	2.826541E-01	2.777346E-01	
355	2.967486E-01	2.871698E-01	2.739273E-01	
356	3.066472E-01	2.869269E-01	2.776706E-01	
357	3.044354E-01	2.822229E-01	2.790955E-01	
358	2.992926E-01	2.817359E-01	2.762497E-01	
359	3.034907E-01	2.820294E-01	2.787716E-01	
360	3.185641E-01	2.802570E-01	2.782307E-01	
361	2.783837E-01	2.832150E-01	2.763175E-01	
362	3.042471E-01	2.826068E-01	2.797316E-01	
363	2.832020E-01	2.812528E-01	2.795162E-01	
364	2.965266E-01	2.816957E-01	2.774960E-01	
365	2.977955E-01	2.791550E-01	2.792035E-01	
366	2.803464E-01	2.844008E-01	2.787350E-01	
367	3.073407E-01	2.836236E-01	2.814206E-01	
368	2.928286E-01	2.792583E-01	2.829122E-01	
369	2.825850E-01	2.802063E-01	2.793874E-01	
370	2.860986E-01	2.771095E-01	2.811129E-01	
371	3.025274E-01	2.768437E-01	2.807559E-01	
372	2.781126E-01	2.813110E-01	2.830853E-01	
373	2.803458E-01	2.794132E-01	2.786694E-01	
374	2.731795E-01	2.756158E-01	2.786010E-01	
375	2.820807E-01	2.746632E-01	2.757455E-01	
376	2.644872E-01	2.761179E-01	2.818290E-01	
377	2.843519E-01	2.730743E-01	2.791829E-01	
378	2.843691E-01	2.746579E-01	2.828781E-01	
379	2.545010E-01	2.691558E-01	2.814215E-01	
380	2.957897E-01	2.725414E-01	2.800626E-01	
381	2.753885E-01	2.771552E-01	2.844311E-01	
382	2.720775E-01	2.728035E-01	2.798820E-01	
383	3.061370E-01	2.749035E-01	2.847079E-01	
384	2.993447E-01	2.749383E-01	2.827284E-01	
385	2.829211E-01	2.732156E-01	2.804173E-01	
386	2.963368E-01	2.773815E-01	2.869955E-01	
387	3.124283E-01	2.751989E-01	2.802766E-01	
388	3.006788E-01	2.757904E-01	2.851454E-01	
389	2.944208E-01	2.765245E-01	2.817996E-01	
390	2.812987E-01	2.742832E-01	2.849954E-01	
391	2.787087E-01	2.750649E-01	2.883664E-01	
392	2.786319E-01	2.766546E-01	2.795389E-01	
393	2.758834E-01	2.733023E-01	2.899482E-01	
394	2.840331E-01	2.749317E-01	2.851367E-01	
395	2.826423E-01	2.763135E-01	2.790961E-01	
396	3.019996E-01	2.724965E-01	2.862461E-01	
397	2.958016E-01	2.793978E-01	2.805994E-01	
398	3.030025E-01	2.746446E-01	2.838622E-01	
399	2.531672E-01	2.755452E-01	2.897722E-01	
400	2.962353E-01	2.802020E-01	2.819994E-01	
401	2.823576E-01	2.767016E-01	2.875617E-01	
402	2.892882E-01	2.782305E-01	2.878397E-01	
403	2.972868E-01	2.786591E-01	2.823664E-01	
404	2.793208E-01	2.798219E-01	2.869081E-01	
405	2.776186E-01	2.786315E-01	2.918915E-01	
406	2.541282E-01	2.777359E-01	2.821646E-01	
407	2.812382E-01	2.838560E-01	2.958894E-01	
408	2.634769E-01	2.782171E-01	2.886484E-01	
409	2.677942E-01	2.833847E-01	2.912465E-01	
410	2.833310E-01	2.896991E-01	3.018369E-01	
411	2.588265E-01	2.866048E-01	2.930733E-01	
412	2.632254E-01	2.824754E-01	2.902817E-01	
413	2.819909E-01	2.864823E-01	3.028433E-01	
414	2.894930E-01	2.858419E-01	2.969527E-01	
415	2.887948E-01	2.892307E-01	3.078673E-01	
416	2.569182E-01	2.931245E-01	3.027926E-01	
417	2.854744E-01	2.910991E-01	3.041766E-01	
418	3.156359E-01	2.884495E-01	3.014154E-01	
419	2.963562E-01	2.942161E-01	3.087114E-01	
420	2.703483E-01	2.913811E-01	3.084177E-01	
421	2.693534E-01	2.899569E-01	3.071993E-01	
422	2.841249E-01	2.938263E-01	3.022500E-01	
423	2.862509E-01	2.843887E-01	3.011254E-01	
424	2.711222E-01	2.905474E-01	3.102794E-01	
425	2.881291E-01	2.848034E-01	3.044582E-01	
426	2.677487E-01	2.863689E-01	3.082512E-01	
427	2.899547E-01	2.896386E-01	2.965883E-01	
428	3.123728E-01	2.893109E-01	3.028975E-01	
429	3.167413E-01	2.881198E-01	3.011228E-01	
430	3.105582E-01	2.843798E-01	2.985091E-01	
431	3.387516E-01	2.968363E-01	3.000362E-01	
432	3.410591E-01	2.833521E-01	2.967463E-01	
433	3.385390E-01	2.919979E-01	3.072924E-01	
434	3.275745E-01	2.931126E-01	2.941563E-01	
435	3.519327E-01	2.887289E-01	2.929070E-01	
436	3.341044E-01	2.913039E-01	3.024451E-01	
437	3.322835E-01	2.909433E-01	3.032923E-01	
438	3.940825E-01	2.963100E-01	3.032831E-01	
439	3.542055E-01	2.861197E-01	2.882568E-01	
440	3.847936E-01	2.924967E-01	3.096531E-01	
441	3.764203E-01	2.958531E-01	2.941348E-01	
442	3.734689E-01	2.863485E-01	3.131979E-01	
443	3.410733E-01	2.953139E-01	2.891563E-01	
444	3.712048E-01	2.965859E-01	3.104777E-01	
445	3.758471E-01	3.015733E-01	3.155850E-01	
446	4.345064E-01	2.957425E-01	3.122342E-01	
447	3.716408E-01	2.957944E-01	3.114555E-01	
448	3.604688E-01	2.951061E-01	3.087673E-01	
449	3.214881E-01	2.978089E-01	3.148673E-01	
450	4.204186E-01	2.949414E-01	3.136866E-01	
451	3.681248E-01	2.891336E-01	3.142588E-01	
452	3.823910E-01	2.962851E-01	3.114557E-01	
453	3.642504E-01	3.021924E-01	3.060474E-01	
454	4.143059E-01	3.091352E-01	3.286444E-01	
455	3.209348E-01	2.972749E-01	3.186082E-01	
456	3.154066E-01	3.076669E-01	3.207420E-01	
457	3.442683E-01	2.921302E-01	3.180070E-01	
458	4.041670E-01	3.237502E-01	3.413427E-01	
459	2.969409E-01	3.044497E-01	3.342894E-01	
460	3.934344E-01	3.068647E-01	3.327859E-01	
461	2.955279E-01	3.103421E-01	3.442688E-01	
462	3.404891E-01	2.953851E-01	3.177334E-01	
463	2.604611E-01	3.270366E-01	3.709408E-01	
464	3.295375E-01	3.005866E-01	3.262037E-01	
465	2.908818E-01	3.238229E-01	3.536663E-01	
466	4.375344E-01	3.054910E-01	3.538036E-01	
467	1.268150E-01	3.240663E-01	3.469493E-01	
468	3.606476E-01	3.181483E-01	3.699065E-01	
469	2.934703E-01	3.248984E-01	3.509089E-01	
470	2.419664E-01	3.239408E-01	3.738171E-01	
471	3.925660E-01	3.054687E-01	3.503456E-01	
472	3.081972E-01	3.456338E-01	3.670373E-01	
473	5.266817E-01	3.303420E-01	3.336648E-01	
474	3.647202E-01	3.454233E-01	3.438108E-01	
475	6.754145E-01	3.332232E-01	3.402697E-01	
476	3.040167E-01	3.277476E-01	3.472573E-01	
477	6.693424E-01	3.469279E-01	4.118954E-01	
478	4.868041E-01	3.157919E-01	3.331376E-01	
479	5.728697E-01	3.491965E-01	3.884509E-01	
480	6.578946E-01	3.364004E-01	3.428620E-01	
481	3.926233E-01	3.570099E-01	3.769648E-01	
482	8.180665E-01	3.397400E-01	3.731977E-01	
483	4.595410E-01	3.544078E-01	3.646068E-01	
484	9.136882E-01	4.070161E-01	4.411563E-01	
485	4.358717E-01	3.421404E-01	3.445756E-01	
486	0	4.209323E-01	4.345341E-01	
487	5.155577E-01	3.410725E-01	3.450388E-01	
488	0	4.355546E-01	3.847621E-01	
489	0	3.458060E-01	3.460788E-01	
490	0	4.382551E-01	3.996099E-01	
491	0	3.892025E-01	3.773560E-01	
492	6.274210E-01	3.913257E-01	3.538083E-01	
493	0	4.511729E-01	4.848117E-01	
494	0	3.723775E-01	3.760837E-01	
495	0	4.460352E-01	4.452077E-01	
496	0	4.035569E-01	4.073305E-01	
497	0	5.153747E-01	4.129641E-01	
498	0	3.793941E-01	4.357538E-01	
499	0	4.649977E-01	4.225586E-01	
500	0	0	0	
501	0	4.516407E-01	4.471840E-01	
502	0	0	0	
503	0	4.779498E-01	4.856588E-01	
504	0	0	0	
505	0	4.891543E-01	5.215620E-01	
506	0	6.817060E-01	6.281689E-01	
507	0	0	0	
508	0	5.169828E-01	5.714098E-01	
509	0	0	0	
510	0	5.967480E-01	5.977575E-01	
511	0	0	0	
512	0	6.127375E-01	6.131154E-01	
513	0	0	0	
514	0	0	0	
515	0	6.519122E-01	6.550481E-01	
516	0	0	0	
517	0	7.244224E-01	7.854206E-01	
518	0	0	0	
519	0	8.162211E-01	7.865430E-01	
520	0	0	0	
521	0	0	0	
522	0	0	0	
523	0	0	0	
524	0	0	0	
525	0	0	0	
526	0	0	0	
527	0	0	0	
528	0	0	0	
529	0	0	0	
530	0	0	0	
531	0	0	0	
532	0	0	0	
533	0	0	0	
534	0	0	0	
535	0	0	0	
536	0	0	0	
537	0	0	0	
538	0	0	0	
539	0	0	0	
540	0	0	0	
541	0	0	0	
542	0	0	0	
543	0	0	0	
544	0	0	0	
545	0	0	0	
546	0	0	0	
547	0	0	0	
548	0	0	0	
549	0	0	0	
550	0	0	0	
551	0	0	0	
552	0	0	0	
553	0	0	0	
554	0	0	0	
555	0	0	0	
556	0	0	0	
557	0	0	0	
558	0	0	0	
559	0	0	0	
560	0	0	0	
561	0	0	0	
562	0	0	0	
563	0	0	0	
564	0	0	0	
565	0	0	0	
566	0	0	0	
567	0	0	0	
568	0	0	0	
569	0	0	0	
570	0	0	0	
571	0	0	0	
572	0	0	0	
573	0	0	0	
574	0	0	0	
575	0	0	0	
576	0	0	0	
577	0	0	0	
578	0	0	0	
579	0	0	0	
580	0	0	0	
581	0	0	0	
582	0	0	0	
583	0	0	0	
584	0	0	0	
585	0	0	0	
586	0	0	0	
587	0	0	0	
588	0	0	0	
589	0	0	0	
590	0	0	0	
591	0	0	0	
592	0	0	0	
593	0	0	0	
594	0	0	0	
595	0	0	0	
596	0	0	0	
597	0	0	0	
598	0	0	0	
599	0	0	0	
#NewRun
