#COM_Bin	Rg_Squared
#Order is chain type
0	1.590609E+02	1.848528E+02	1.680388E+02	
1	0.000000E+00	0.000000E+00	0.000000E+00	
2	0.000000E+00	0.000000E+00	0.000000E+00	
3	0.000000E+00	0.000000E+00	0.000000E+00	
4	1.614670E+02	1.774361E+02	1.719874E+02	
5	1.636751E+02	1.802013E+02	1.808750E+02	
6	1.639995E+02	1.821323E+02	1.813477E+02	
7	0.000000E+00	0.000000E+00	0.000000E+00	
8	1.654075E+02	1.802941E+02	1.768301E+02	
9	1.664382E+02	1.855247E+02	1.792093E+02	
10	0.000000E+00	0.000000E+00	0.000000E+00	
11	1.624636E+02	1.749352E+02	1.798825E+02	
12	1.659275E+02	1.846043E+02	1.786325E+02	
13	1.646564E+02	1.794728E+02	1.779735E+02	
14	1.675731E+02	1.852907E+02	1.787287E+02	
15	0.000000E+00	0.000000E+00	0.000000E+00	
16	1.670410E+02	1.821663E+02	1.800464E+02	
17	1.684164E+02	1.817256E+02	1.755093E+02	
18	1.693166E+02	1.838621E+02	1.788233E+02	
19	1.675870E+02	1.810060E+02	1.786033E+02	
20	1.681662E+02	1.827585E+02	1.780970E+02	
21	1.690484E+02	1.829237E+02	1.772145E+02	
22	1.686287E+02	1.768905E+02	1.789030E+02	
23	1.685614E+02	1.811981E+02	1.741704E+02	
24	1.685442E+02	1.817095E+02	1.794368E+02	
25	1.666110E+02	1.816418E+02	1.777674E+02	
26	1.666209E+02	1.778872E+02	1.771552E+02	
27	1.673641E+02	1.778226E+02	1.758166E+02	
28	1.669975E+02	1.790510E+02	1.771284E+02	
29	1.672855E+02	1.793652E+02	1.776600E+02	
30	1.660918E+02	1.802051E+02	1.755347E+02	
31	1.666520E+02	1.762837E+02	1.767435E+02	
32	1.670467E+02	1.778486E+02	1.766578E+02	
33	1.665651E+02	1.774482E+02	1.788747E+02	
34	1.667913E+02	1.749237E+02	1.770297E+02	
35	1.658839E+02	1.753618E+02	1.789920E+02	
36	1.667185E+02	1.758162E+02	1.768795E+02	
37	1.664993E+02	1.762299E+02	1.773142E+02	
38	1.667807E+02	1.753879E+02	1.769108E+02	
39	1.662216E+02	1.751038E+02	1.760400E+02	
40	1.669043E+02	1.745271E+02	1.780636E+02	
41	1.666355E+02	1.744951E+02	1.758843E+02	
42	1.680088E+02	1.751820E+02	1.765704E+02	
43	1.664550E+02	1.743477E+02	1.764801E+02	
44	1.665367E+02	1.736753E+02	1.766116E+02	
45	1.671794E+02	1.739040E+02	1.756409E+02	
46	1.669836E+02	1.732484E+02	1.739617E+02	
47	1.662403E+02	1.737055E+02	1.754761E+02	
48	1.665766E+02	1.725969E+02	1.747913E+02	
49	1.665247E+02	1.721208E+02	1.746025E+02	
50	1.661164E+02	1.710031E+02	1.742878E+02	
51	1.658028E+02	1.705940E+02	1.748072E+02	
52	1.661024E+02	1.715243E+02	1.749149E+02	
53	1.661401E+02	1.718924E+02	1.740485E+02	
54	1.662731E+02	1.704108E+02	1.730028E+02	
55	1.666074E+02	1.705423E+02	1.726821E+02	
56	1.657064E+02	1.709717E+02	1.731245E+02	
57	1.665980E+02	1.702010E+02	1.725995E+02	
58	1.664741E+02	1.700445E+02	1.716258E+02	
59	1.659749E+02	1.694201E+02	1.712499E+02	
60	1.663604E+02	1.687245E+02	1.714839E+02	
61	1.657858E+02	1.688205E+02	1.715136E+02	
62	1.653537E+02	1.687334E+02	1.709474E+02	
63	1.652841E+02	1.683136E+02	1.707308E+02	
64	1.653630E+02	1.673394E+02	1.706697E+02	
65	1.652229E+02	1.675195E+02	1.712042E+02	
66	1.649445E+02	1.673086E+02	1.697773E+02	
67	1.651448E+02	1.667744E+02	1.706175E+02	
68	1.647190E+02	1.661556E+02	1.701077E+02	
69	1.651560E+02	1.660689E+02	1.706645E+02	
70	1.642707E+02	1.661431E+02	1.696206E+02	
71	1.647679E+02	1.658779E+02	1.685675E+02	
72	1.649354E+02	1.659384E+02	1.688319E+02	
73	1.648028E+02	1.658244E+02	1.679834E+02	
74	1.642283E+02	1.649482E+02	1.683792E+02	
75	1.643147E+02	1.648940E+02	1.676735E+02	
76	1.649098E+02	1.660716E+02	1.671704E+02	
77	1.644159E+02	1.657526E+02	1.673144E+02	
78	1.641398E+02	1.655558E+02	1.669707E+02	
79	1.639479E+02	1.661654E+02	1.667108E+02	
80	1.634963E+02	1.655013E+02	1.664153E+02	
81	1.636868E+02	1.654251E+02	1.665656E+02	
82	1.632474E+02	1.654202E+02	1.657487E+02	
83	1.636739E+02	1.640458E+02	1.658621E+02	
84	1.632023E+02	1.650254E+02	1.650176E+02	
85	1.629292E+02	1.641207E+02	1.659905E+02	
86	1.628163E+02	1.644682E+02	1.647377E+02	
87	1.621617E+02	1.635730E+02	1.653528E+02	
88	1.625395E+02	1.631496E+02	1.650710E+02	
89	1.627705E+02	1.640376E+02	1.645260E+02	
90	1.620257E+02	1.625932E+02	1.646773E+02	
91	1.618264E+02	1.630677E+02	1.643034E+02	
92	1.614889E+02	1.625981E+02	1.643016E+02	
93	1.615900E+02	1.627663E+02	1.635509E+02	
94	1.617012E+02	1.629822E+02	1.643793E+02	
95	1.610608E+02	1.613299E+02	1.641387E+02	
96	1.606954E+02	1.622101E+02	1.639685E+02	
97	1.609834E+02	1.614749E+02	1.643508E+02	
98	1.608404E+02	1.618038E+02	1.642432E+02	
99	1.608577E+02	1.613550E+02	1.643520E+02	
100	1.605839E+02	1.613973E+02	1.639878E+02	
101	1.608515E+02	1.609554E+02	1.645186E+02	
102	1.606512E+02	1.609505E+02	1.638357E+02	
103	1.604647E+02	1.612344E+02	1.639951E+02	
104	1.604406E+02	1.609538E+02	1.647658E+02	
105	1.601981E+02	1.612909E+02	1.644654E+02	
106	1.603283E+02	1.609947E+02	1.644171E+02	
107	1.608188E+02	1.612678E+02	1.648684E+02	
108	1.604479E+02	1.618302E+02	1.647146E+02	
109	1.603103E+02	1.620495E+02	1.639382E+02	
110	1.601223E+02	1.625058E+02	1.645770E+02	
111	1.605737E+02	1.618949E+02	1.646842E+02	
112	1.602962E+02	1.617534E+02	1.641560E+02	
113	1.602286E+02	1.624213E+02	1.649288E+02	
114	1.598458E+02	1.620312E+02	1.645984E+02	
115	1.602607E+02	1.621466E+02	1.645453E+02	
116	1.601098E+02	1.620677E+02	1.648945E+02	
117	1.594701E+02	1.618665E+02	1.642928E+02	
118	1.602671E+02	1.624890E+02	1.647197E+02	
119	1.597057E+02	1.622624E+02	1.645395E+02	
120	1.597037E+02	1.627534E+02	1.644104E+02	
121	1.597821E+02	1.625003E+02	1.641758E+02	
122	1.599508E+02	1.627246E+02	1.656045E+02	
123	1.597475E+02	1.631191E+02	1.648379E+02	
124	1.600241E+02	1.626928E+02	1.644308E+02	
125	1.595002E+02	1.631719E+02	1.649978E+02	
126	1.592949E+02	1.627873E+02	1.650446E+02	
127	1.601057E+02	1.628804E+02	1.649303E+02	
128	1.594565E+02	1.634118E+02	1.648220E+02	
129	1.594164E+02	1.631069E+02	1.645691E+02	
130	1.594554E+02	1.635730E+02	1.649975E+02	
131	1.595299E+02	1.633474E+02	1.653654E+02	
132	1.593990E+02	1.636481E+02	1.654667E+02	
133	1.592940E+02	1.639106E+02	1.656561E+02	
134	1.597163E+02	1.632245E+02	1.650797E+02	
135	1.594754E+02	1.644925E+02	1.662973E+02	
136	1.591107E+02	1.643080E+02	1.661153E+02	
137	1.596718E+02	1.645056E+02	1.662958E+02	
138	1.595193E+02	1.645874E+02	1.660463E+02	
139	1.595199E+02	1.653939E+02	1.670419E+02	
140	1.591619E+02	1.657992E+02	1.663962E+02	
141	1.591293E+02	1.652413E+02	1.664519E+02	
142	1.602021E+02	1.661098E+02	1.674992E+02	
143	1.599026E+02	1.658968E+02	1.676469E+02	
144	1.592449E+02	1.658960E+02	1.674814E+02	
145	1.601127E+02	1.662776E+02	1.673342E+02	
146	1.603086E+02	1.661483E+02	1.679575E+02	
147	1.601427E+02	1.666312E+02	1.688671E+02	
148	1.598453E+02	1.668327E+02	1.683901E+02	
149	1.604543E+02	1.672560E+02	1.682016E+02	
150	1.607186E+02	1.671448E+02	1.693155E+02	
151	1.612838E+02	1.672478E+02	1.691546E+02	
152	1.609056E+02	1.677034E+02	1.691042E+02	
153	1.605816E+02	1.680760E+02	1.695754E+02	
154	1.615999E+02	1.681094E+02	1.706545E+02	
155	1.622168E+02	1.685732E+02	1.705078E+02	
156	1.610781E+02	1.694973E+02	1.703371E+02	
157	1.614625E+02	1.700627E+02	1.708511E+02	
158	1.617529E+02	1.699576E+02	1.711289E+02	
159	1.626867E+02	1.699561E+02	1.727112E+02	
160	1.616338E+02	1.702967E+02	1.718335E+02	
161	1.620607E+02	1.707856E+02	1.719696E+02	
162	1.623960E+02	1.707815E+02	1.735899E+02	
163	1.630625E+02	1.711580E+02	1.731182E+02	
164	1.630717E+02	1.719882E+02	1.730737E+02	
165	1.635612E+02	1.725219E+02	1.725784E+02	
166	1.647642E+02	1.729834E+02	1.736496E+02	
167	1.647424E+02	1.721543E+02	1.744075E+02	
168	1.641327E+02	1.736885E+02	1.743378E+02	
169	1.657028E+02	1.729226E+02	1.748964E+02	
170	1.653268E+02	1.731905E+02	1.750063E+02	
171	1.660552E+02	1.742138E+02	1.762768E+02	
172	1.660003E+02	1.740958E+02	1.760929E+02	
173	1.667736E+02	1.748074E+02	1.763592E+02	
174	1.675407E+02	1.751850E+02	1.776746E+02	
175	1.674776E+02	1.756995E+02	1.779485E+02	
176	1.680818E+02	1.771790E+02	1.774212E+02	
177	1.686928E+02	1.780372E+02	1.788521E+02	
178	1.689785E+02	1.775989E+02	1.779683E+02	
179	1.701784E+02	1.787854E+02	1.796586E+02	
180	1.713707E+02	1.797646E+02	1.805295E+02	
181	1.706921E+02	1.807310E+02	1.816806E+02	
182	1.713922E+02	1.810613E+02	1.809853E+02	
183	1.720232E+02	1.810878E+02	1.818621E+02	
184	1.730642E+02	1.828957E+02	1.815958E+02	
185	1.727655E+02	1.821595E+02	1.823924E+02	
186	1.750820E+02	1.828616E+02	1.825203E+02	
187	1.748857E+02	1.826431E+02	1.821010E+02	
188	1.762313E+02	1.851027E+02	1.827615E+02	
189	1.767394E+02	1.847223E+02	1.834967E+02	
190	1.770576E+02	1.846474E+02	1.841798E+02	
191	1.803811E+02	1.859935E+02	1.839650E+02	
192	1.818520E+02	1.859445E+02	1.841339E+02	
193	1.822255E+02	1.854527E+02	1.841584E+02	
194	1.820744E+02	1.869517E+02	1.848374E+02	
195	1.817046E+02	1.864492E+02	1.853375E+02	
196	1.851509E+02	1.876768E+02	1.841100E+02	
197	1.846543E+02	1.880328E+02	1.861097E+02	
198	1.866423E+02	1.878034E+02	1.869389E+02	
199	1.873772E+02	1.892666E+02	1.863725E+02	
200	1.868449E+02	1.894917E+02	1.872580E+02	
201	1.893397E+02	1.901706E+02	1.875691E+02	
202	1.898346E+02	1.891978E+02	1.890118E+02	
203	1.920331E+02	1.898298E+02	1.896888E+02	
204	1.919972E+02	1.903725E+02	1.892350E+02	
205	1.925045E+02	1.923252E+02	1.903373E+02	
206	1.953356E+02	1.913900E+02	1.916974E+02	
207	1.944702E+02	1.925187E+02	1.915970E+02	
208	1.974170E+02	1.934829E+02	1.912589E+02	
209	1.989693E+02	1.931556E+02	1.908244E+02	
210	2.017937E+02	1.950037E+02	1.919258E+02	
211	2.033680E+02	1.941732E+02	1.937455E+02	
212	2.018654E+02	1.928754E+02	1.919796E+02	
213	2.035370E+02	1.942343E+02	1.918818E+02	
214	2.027134E+02	1.952339E+02	1.938863E+02	
215	2.041156E+02	1.956414E+02	1.926685E+02	
216	2.019402E+02	1.959510E+02	1.951396E+02	
217	2.048551E+02	1.965810E+02	1.932242E+02	
218	2.024022E+02	1.959257E+02	1.930036E+02	
219	2.078720E+02	1.963688E+02	1.937352E+02	
220	2.057472E+02	1.958843E+02	1.940015E+02	
221	2.056558E+02	1.972968E+02	1.951876E+02	
222	2.060896E+02	1.962654E+02	1.945612E+02	
223	2.093065E+02	1.972504E+02	1.944196E+02	
224	2.086138E+02	1.965677E+02	1.940045E+02	
225	2.110310E+02	1.970443E+02	1.938443E+02	
226	2.109603E+02	1.974578E+02	1.936213E+02	
227	2.132871E+02	1.982248E+02	1.930619E+02	
228	2.124639E+02	1.986897E+02	1.946837E+02	
229	2.125116E+02	1.967393E+02	1.940612E+02	
230	2.171441E+02	1.971206E+02	1.945631E+02	
231	2.175908E+02	1.983543E+02	1.940169E+02	
232	2.161534E+02	1.985783E+02	1.944511E+02	
233	2.175689E+02	1.967415E+02	1.949476E+02	
234	2.186082E+02	1.969000E+02	1.952546E+02	
235	2.154366E+02	1.976959E+02	1.951017E+02	
236	2.198315E+02	1.971287E+02	1.957284E+02	
237	2.187200E+02	1.962154E+02	1.937216E+02	
238	2.157328E+02	1.987207E+02	1.934769E+02	
239	2.194683E+02	1.962651E+02	1.941427E+02	
240	2.194788E+02	1.978121E+02	1.941844E+02	
241	2.171882E+02	1.978620E+02	1.933207E+02	
242	2.193567E+02	1.952464E+02	1.938210E+02	
243	2.204402E+02	1.958360E+02	1.930900E+02	
244	2.188639E+02	1.964824E+02	1.933289E+02	
245	2.230620E+02	1.966077E+02	1.930967E+02	
246	2.165699E+02	1.965121E+02	1.939757E+02	
247	2.175392E+02	1.949239E+02	1.924446E+02	
248	2.181146E+02	1.947214E+02	1.927056E+02	
249	2.169890E+02	1.949140E+02	1.932447E+02	
250	2.196343E+02	1.948465E+02	1.931987E+02	
251	2.188584E+02	1.950872E+02	1.915829E+02	
252	2.115950E+02	1.952970E+02	1.924321E+02	
253	2.205011E+02	1.944727E+02	1.915099E+02	
254	2.094294E+02	1.954062E+02	1.918028E+02	
255	2.204266E+02	1.948632E+02	1.921925E+02	
256	2.146386E+02	1.940397E+02	1.908141E+02	
257	2.108483E+02	1.956711E+02	1.920211E+02	
258	2.162254E+02	1.940683E+02	1.907379E+02	
259	2.129777E+02	1.939902E+02	1.917660E+02	
260	2.132733E+02	1.941539E+02	1.906998E+02	
261	2.155788E+02	1.940250E+02	1.923045E+02	
262	2.161183E+02	1.934143E+02	1.901272E+02	
263	2.127057E+02	1.943132E+02	1.902137E+02	
264	2.097018E+02	1.931573E+02	1.900192E+02	
265	2.133277E+02	1.941276E+02	1.905405E+02	
266	2.069234E+02	1.938527E+02	1.910133E+02	
267	2.196453E+02	1.947076E+02	1.897583E+02	
268	2.071188E+02	1.921463E+02	1.912651E+02	
269	2.083424E+02	1.909985E+02	1.899695E+02	
270	2.212494E+02	1.930705E+02	1.911302E+02	
271	2.089357E+02	1.924534E+02	1.903800E+02	
272	2.093961E+02	1.921931E+02	1.909392E+02	
273	2.152804E+02	1.912409E+02	1.898514E+02	
274	2.080101E+02	1.922641E+02	1.890307E+02	
275	2.132241E+02	1.928330E+02	1.883007E+02	
276	2.030739E+02	1.915579E+02	1.890449E+02	
277	2.120026E+02	1.916654E+02	1.897014E+02	
278	2.062276E+02	1.930743E+02	1.895804E+02	
279	1.972245E+02	1.905139E+02	1.883207E+02	
280	2.124111E+02	1.924773E+02	1.889958E+02	
281	2.074931E+02	1.917752E+02	1.882242E+02	
282	2.050632E+02	1.913817E+02	1.893261E+02	
283	2.041067E+02	1.912508E+02	1.881922E+02	
284	2.065559E+02	1.905184E+02	1.884241E+02	
285	2.108180E+02	1.917966E+02	1.875462E+02	
286	2.028713E+02	1.913268E+02	1.887583E+02	
287	2.036531E+02	1.910410E+02	1.875468E+02	
288	2.043254E+02	1.909716E+02	1.867962E+02	
289	2.062141E+02	1.909447E+02	1.869667E+02	
290	2.059434E+02	1.905145E+02	1.880183E+02	
291	1.981390E+02	1.893149E+02	1.881671E+02	
292	2.140708E+02	1.903461E+02	1.879893E+02	
293	2.021490E+02	1.912792E+02	1.877351E+02	
294	2.060811E+02	1.897194E+02	1.879926E+02	
295	2.048128E+02	1.909364E+02	1.890941E+02	
296	2.075663E+02	1.904667E+02	1.881466E+02	
297	2.048492E+02	1.896796E+02	1.873080E+02	
298	1.994718E+02	1.904617E+02	1.883573E+02	
299	2.026984E+02	1.880946E+02	1.890562E+02	
300	1.975455E+02	1.900448E+02	1.890354E+02	
301	2.013094E+02	1.903834E+02	1.887383E+02	
302	1.997781E+02	1.896223E+02	1.893634E+02	
303	1.964474E+02	1.903075E+02	1.886385E+02	
304	1.975933E+02	1.906690E+02	1.891649E+02	
305	2.024728E+02	1.896101E+02	1.889120E+02	
306	1.962723E+02	1.910424E+02	1.895698E+02	
307	1.939774E+02	1.899730E+02	1.884461E+02	
308	2.017382E+02	1.898804E+02	1.885148E+02	
309	1.884600E+02	1.906493E+02	1.893527E+02	
310	2.016020E+02	1.901946E+02	1.890589E+02	
311	1.994012E+02	1.893812E+02	1.885444E+02	
312	1.868587E+02	1.908671E+02	1.884755E+02	
313	1.970571E+02	1.897544E+02	1.870545E+02	
314	1.946689E+02	1.908549E+02	1.884099E+02	
315	1.973737E+02	1.906945E+02	1.878630E+02	
316	1.958136E+02	1.902899E+02	1.878973E+02	
317	1.980834E+02	1.906808E+02	1.876022E+02	
318	1.983625E+02	1.908434E+02	1.876362E+02	
319	1.890421E+02	1.892916E+02	1.890144E+02	
320	1.976579E+02	1.904766E+02	1.878218E+02	
321	1.895430E+02	1.901381E+02	1.875413E+02	
322	1.924346E+02	1.906224E+02	1.867104E+02	
323	1.879127E+02	1.905451E+02	1.873779E+02	
324	1.899762E+02	1.902294E+02	1.877951E+02	
325	2.011873E+02	1.884798E+02	1.860589E+02	
326	1.872763E+02	1.886819E+02	1.884025E+02	
327	1.977707E+02	1.893556E+02	1.870699E+02	
328	1.904827E+02	1.899883E+02	1.878713E+02	
329	1.861792E+02	1.891866E+02	1.886785E+02	
330	1.860071E+02	1.894119E+02	1.880899E+02	
331	1.963547E+02	1.905184E+02	1.890503E+02	
332	1.877028E+02	1.905355E+02	1.881347E+02	
333	1.823278E+02	1.895737E+02	1.885962E+02	
334	1.944785E+02	1.898495E+02	1.878664E+02	
335	1.919447E+02	1.892195E+02	1.902782E+02	
336	1.816543E+02	1.896006E+02	1.893252E+02	
337	1.789373E+02	1.885394E+02	1.891615E+02	
338	1.973697E+02	1.887063E+02	1.888672E+02	
339	1.819696E+02	1.890130E+02	1.898380E+02	
340	1.857712E+02	1.878640E+02	1.892757E+02	
341	1.920404E+02	1.877493E+02	1.877038E+02	
342	1.868260E+02	1.882857E+02	1.896066E+02	
343	1.941799E+02	1.890250E+02	1.896564E+02	
344	1.978691E+02	1.890909E+02	1.891606E+02	
345	1.803896E+02	1.888463E+02	1.904659E+02	
346	1.888407E+02	1.893787E+02	1.890585E+02	
347	1.815301E+02	1.893290E+02	1.893918E+02	
348	1.774985E+02	1.906313E+02	1.891811E+02	
349	1.655287E+02	1.897328E+02	1.891799E+02	
350	1.767732E+02	1.900274E+02	1.908598E+02	
351	1.797657E+02	1.902136E+02	1.901220E+02	
352	1.741052E+02	1.902814E+02	1.909956E+02	
353	1.660120E+02	1.899383E+02	1.896339E+02	
354	1.718646E+02	1.898178E+02	1.902985E+02	
355	1.713941E+02	1.906426E+02	1.903312E+02	
356	1.769914E+02	1.909838E+02	1.897773E+02	
357	1.761825E+02	1.924110E+02	1.895672E+02	
358	1.745820E+02	1.913321E+02	1.896398E+02	
359	1.702679E+02	1.900482E+02	1.910481E+02	
360	1.694628E+02	1.908788E+02	1.893923E+02	
361	1.757766E+02	1.932126E+02	1.887084E+02	
362	1.630231E+02	1.905789E+02	1.897132E+02	
363	1.742745E+02	1.916163E+02	1.894557E+02	
364	1.675307E+02	1.915315E+02	1.900283E+02	
365	1.704188E+02	1.907764E+02	1.913783E+02	
366	1.758585E+02	1.913747E+02	1.890740E+02	
367	1.832547E+02	1.917317E+02	1.897019E+02	
368	1.771918E+02	1.907381E+02	1.888323E+02	
369	1.637534E+02	1.893843E+02	1.884885E+02	
370	1.664653E+02	1.890386E+02	1.865917E+02	
371	1.777663E+02	1.899476E+02	1.883311E+02	
372	1.804181E+02	1.898372E+02	1.881226E+02	
373	1.782378E+02	1.910694E+02	1.862260E+02	
374	1.813819E+02	1.897171E+02	1.872098E+02	
375	1.926050E+02	1.894424E+02	1.865302E+02	
376	1.706006E+02	1.894874E+02	1.858084E+02	
377	1.700083E+02	1.887899E+02	1.866388E+02	
378	1.763744E+02	1.890382E+02	1.857195E+02	
379	1.780724E+02	1.884508E+02	1.864429E+02	
380	1.844174E+02	1.899200E+02	1.861825E+02	
381	1.714989E+02	1.880591E+02	1.844585E+02	
382	1.713917E+02	1.904273E+02	1.881093E+02	
383	1.618201E+02	1.886368E+02	1.876065E+02	
384	1.663914E+02	1.907475E+02	1.849090E+02	
385	1.586907E+02	1.906122E+02	1.871188E+02	
386	1.693862E+02	1.900376E+02	1.867260E+02	
387	1.710881E+02	1.895139E+02	1.854150E+02	
388	1.573451E+02	1.895037E+02	1.859402E+02	
389	1.675258E+02	1.890759E+02	1.857399E+02	
390	1.609262E+02	1.890169E+02	1.862602E+02	
391	1.758761E+02	1.882694E+02	1.858190E+02	
392	1.665370E+02	1.896964E+02	1.860919E+02	
393	1.765262E+02	1.874511E+02	1.872897E+02	
394	1.711871E+02	1.885415E+02	1.866710E+02	
395	1.716032E+02	1.882343E+02	1.844343E+02	
396	1.741228E+02	1.888128E+02	1.892916E+02	
397	1.796419E+02	1.895052E+02	1.866162E+02	
398	1.722043E+02	1.877563E+02	1.879935E+02	
399	1.933062E+02	1.885922E+02	1.881255E+02	
400	1.845218E+02	1.865784E+02	1.873912E+02	
401	1.910581E+02	1.874839E+02	1.884988E+02	
402	1.896947E+02	1.895526E+02	1.892620E+02	
403	1.860040E+02	1.879807E+02	1.869057E+02	
404	1.792617E+02	1.893614E+02	1.873696E+02	
405	1.704339E+02	1.887623E+02	1.877994E+02	
406	1.870019E+02	1.892615E+02	1.861353E+02	
407	1.821556E+02	1.883676E+02	1.885380E+02	
408	1.778949E+02	1.861156E+02	1.887725E+02	
409	1.931510E+02	1.869390E+02	1.860099E+02	
410	1.742934E+02	1.859050E+02	1.879731E+02	
411	1.876126E+02	1.859289E+02	1.872677E+02	
412	1.826028E+02	1.888441E+02	1.859377E+02	
413	1.956514E+02	1.887949E+02	1.879917E+02	
414	1.866452E+02	1.859194E+02	1.848007E+02	
415	1.924429E+02	1.877369E+02	1.870887E+02	
416	1.705176E+02	1.877279E+02	1.854811E+02	
417	1.900227E+02	1.891327E+02	1.884716E+02	
418	1.833470E+02	1.908708E+02	1.866516E+02	
419	1.674396E+02	1.898071E+02	1.883523E+02	
420	1.716195E+02	1.919261E+02	1.862212E+02	
421	1.715739E+02	1.905249E+02	1.889025E+02	
422	1.527156E+02	1.894430E+02	1.890251E+02	
423	1.697347E+02	1.903585E+02	1.879851E+02	
424	1.644623E+02	1.909247E+02	1.863298E+02	
425	1.661236E+02	1.949313E+02	1.878843E+02	
426	1.705403E+02	1.946029E+02	1.873544E+02	
427	1.961261E+02	1.913752E+02	1.857597E+02	
428	1.662037E+02	1.926300E+02	1.869044E+02	
429	1.739496E+02	1.896704E+02	1.901874E+02	
430	1.728478E+02	1.948540E+02	1.858431E+02	
431	1.755888E+02	1.878953E+02	1.839333E+02	
432	1.664288E+02	1.920192E+02	1.860711E+02	
433	1.580524E+02	1.900479E+02	1.873012E+02	
434	1.715988E+02	1.915603E+02	1.856465E+02	
435	1.514687E+02	1.887128E+02	1.852495E+02	
436	1.788131E+02	1.908681E+02	1.867935E+02	
437	1.785417E+02	1.935192E+02	1.867223E+02	
438	1.663872E+02	1.924683E+02	1.866645E+02	
439	2.051806E+02	1.926284E+02	1.874545E+02	
440	1.681413E+02	1.915339E+02	1.857270E+02	
441	1.701901E+02	1.962413E+02	1.882303E+02	
442	1.586442E+02	1.925682E+02	1.901989E+02	
443	1.396623E+02	1.908005E+02	1.815463E+02	
444	1.763222E+02	1.935900E+02	1.866896E+02	
445	1.405945E+02	1.950001E+02	1.872637E+02	
446	1.473966E+02	1.937814E+02	1.834755E+02	
447	1.703202E+02	1.945936E+02	1.876017E+02	
448	1.470047E+02	1.961435E+02	1.804854E+02	
449	1.895995E+02	1.982503E+02	1.865444E+02	
450	1.690167E+02	1.979428E+02	1.831385E+02	
451	1.508342E+02	1.944783E+02	1.788197E+02	
452	1.456693E+02	2.009448E+02	1.858044E+02	
453	1.350226E+02	1.955278E+02	1.777193E+02	
454	1.479560E+02	1.978168E+02	1.827260E+02	
455	1.399037E+02	1.983972E+02	1.792405E+02	
456	1.630106E+02	1.984122E+02	1.841647E+02	
457	1.499333E+02	1.963942E+02	1.763455E+02	
458	1.665469E+02	1.975588E+02	1.756385E+02	
459	1.729266E+02	1.909952E+02	1.847183E+02	
460	1.424806E+02	1.941990E+02	1.705874E+02	
461	1.974031E+02	1.916979E+02	1.790100E+02	
462	1.798866E+02	1.936112E+02	1.739814E+02	
463	2.111794E+02	1.934906E+02	1.769267E+02	
464	1.822476E+02	1.952845E+02	1.775839E+02	
465	2.173270E+02	1.887208E+02	1.787931E+02	
466	1.871157E+02	1.910057E+02	1.766132E+02	
467	2.212791E+02	1.940476E+02	1.730464E+02	
468	2.426232E+02	1.918650E+02	1.747938E+02	
469	2.319283E+02	1.962971E+02	1.730136E+02	
470	2.016045E+02	1.908722E+02	1.812654E+02	
471	2.240780E+02	1.961156E+02	1.811192E+02	
472	2.210918E+02	1.934248E+02	1.862446E+02	
473	2.111613E+02	1.981748E+02	1.796430E+02	
474	2.428187E+02	1.916902E+02	1.822770E+02	
475	1.966018E+02	1.989089E+02	1.732847E+02	
476	2.240780E+02	1.956064E+02	1.839823E+02	
477	2.066071E+02	1.882949E+02	1.806138E+02	
478	2.057605E+02	1.981614E+02	1.807528E+02	
479	2.026050E+02	1.830259E+02	1.808919E+02	
480	2.083773E+02	1.971283E+02	1.827199E+02	
481	2.790303E+02	1.913108E+02	1.754998E+02	
482	2.319283E+02	1.887227E+02	1.813873E+02	
483	2.130875E+02	1.959168E+02	1.704141E+02	
484	0.000000E+00	1.803604E+02	1.742713E+02	
485	2.790303E+02	2.033109E+02	1.781661E+02	
486	0.000000E+00	1.882668E+02	1.780169E+02	
487	2.790303E+02	1.988341E+02	1.738194E+02	
488	0.000000E+00	2.013226E+02	1.748011E+02	
489	2.790303E+02	2.006369E+02	1.711550E+02	
490	2.790303E+02	2.077785E+02	1.752164E+02	
491	0.000000E+00	1.985164E+02	1.628557E+02	
492	2.790303E+02	2.016936E+02	1.743488E+02	
493	0.000000E+00	1.893514E+02	1.744129E+02	
494	2.790303E+02	2.018533E+02	1.833044E+02	
495	0.000000E+00	1.981026E+02	1.712526E+02	
496	2.790303E+02	1.963551E+02	1.754900E+02	
497	0.000000E+00	2.001236E+02	1.732519E+02	
498	0.000000E+00	2.103521E+02	1.705051E+02	
499	2.790303E+02	2.175262E+02	1.779697E+02	
500	0.000000E+00	0.000000E+00	0.000000E+00	
501	2.790303E+02	2.010337E+02	1.766320E+02	
502	0.000000E+00	0.000000E+00	0.000000E+00	
503	0.000000E+00	1.976727E+02	1.636910E+02	
504	0.000000E+00	0.000000E+00	0.000000E+00	
505	0.000000E+00	1.914209E+02	1.536655E+02	
506	0.000000E+00	1.828753E+02	1.637112E+02	
507	0.000000E+00	0.000000E+00	0.000000E+00	
508	0.000000E+00	1.856338E+02	1.634898E+02	
509	0.000000E+00	0.000000E+00	0.000000E+00	
510	0.000000E+00	1.858175E+02	1.733230E+02	
511	0.000000E+00	0.000000E+00	0.000000E+00	
512	0.000000E+00	1.571180E+02	1.790884E+02	
513	0.000000E+00	0.000000E+00	0.000000E+00	
514	0.000000E+00	0.000000E+00	0.000000E+00	
515	0.000000E+00	1.242440E+02	1.370839E+02	
516	0.000000E+00	0.000000E+00	0.000000E+00	
517	0.000000E+00	2.005230E+02	2.005941E+02	
518	0.000000E+00	0.000000E+00	0.000000E+00	
519	0.000000E+00	0.000000E+00	6.162525E+01	
520	0.000000E+00	0.000000E+00	0.000000E+00	
521	0.000000E+00	0.000000E+00	0.000000E+00	
522	0.000000E+00	0.000000E+00	0.000000E+00	
523	0.000000E+00	0.000000E+00	0.000000E+00	
524	0.000000E+00	0.000000E+00	0.000000E+00	
525	0.000000E+00	0.000000E+00	0.000000E+00	
526	0.000000E+00	0.000000E+00	0.000000E+00	
527	0.000000E+00	0.000000E+00	0.000000E+00	
528	0.000000E+00	0.000000E+00	0.000000E+00	
529	0.000000E+00	0.000000E+00	0.000000E+00	
530	0.000000E+00	0.000000E+00	0.000000E+00	
531	0.000000E+00	0.000000E+00	0.000000E+00	
532	0.000000E+00	0.000000E+00	0.000000E+00	
533	0.000000E+00	0.000000E+00	0.000000E+00	
534	0.000000E+00	0.000000E+00	0.000000E+00	
535	0.000000E+00	0.000000E+00	0.000000E+00	
536	0.000000E+00	0.000000E+00	0.000000E+00	
537	0.000000E+00	0.000000E+00	0.000000E+00	
538	0.000000E+00	0.000000E+00	0.000000E+00	
539	0.000000E+00	0.000000E+00	0.000000E+00	
540	0.000000E+00	0.000000E+00	0.000000E+00	
541	0.000000E+00	0.000000E+00	0.000000E+00	
542	0.000000E+00	0.000000E+00	0.000000E+00	
543	0.000000E+00	0.000000E+00	0.000000E+00	
544	0.000000E+00	0.000000E+00	0.000000E+00	
545	0.000000E+00	0.000000E+00	0.000000E+00	
546	0.000000E+00	0.000000E+00	0.000000E+00	
547	0.000000E+00	0.000000E+00	0.000000E+00	
548	0.000000E+00	0.000000E+00	0.000000E+00	
549	0.000000E+00	0.000000E+00	0.000000E+00	
550	0.000000E+00	0.000000E+00	0.000000E+00	
551	0.000000E+00	0.000000E+00	0.000000E+00	
552	0.000000E+00	0.000000E+00	0.000000E+00	
553	0.000000E+00	0.000000E+00	0.000000E+00	
554	0.000000E+00	0.000000E+00	0.000000E+00	
555	0.000000E+00	0.000000E+00	0.000000E+00	
556	0.000000E+00	0.000000E+00	0.000000E+00	
557	0.000000E+00	0.000000E+00	0.000000E+00	
558	0.000000E+00	0.000000E+00	0.000000E+00	
559	0.000000E+00	0.000000E+00	0.000000E+00	
560	0.000000E+00	0.000000E+00	0.000000E+00	
561	0.000000E+00	0.000000E+00	0.000000E+00	
562	0.000000E+00	0.000000E+00	0.000000E+00	
563	0.000000E+00	0.000000E+00	0.000000E+00	
564	0.000000E+00	0.000000E+00	0.000000E+00	
565	0.000000E+00	0.000000E+00	0.000000E+00	
566	0.000000E+00	0.000000E+00	0.000000E+00	
567	0.000000E+00	0.000000E+00	0.000000E+00	
568	0.000000E+00	0.000000E+00	0.000000E+00	
569	0.000000E+00	0.000000E+00	0.000000E+00	
570	0.000000E+00	0.000000E+00	0.000000E+00	
571	0.000000E+00	0.000000E+00	0.000000E+00	
572	0.000000E+00	0.000000E+00	0.000000E+00	
573	0.000000E+00	0.000000E+00	0.000000E+00	
574	0.000000E+00	0.000000E+00	0.000000E+00	
575	0.000000E+00	0.000000E+00	0.000000E+00	
576	0.000000E+00	0.000000E+00	0.000000E+00	
577	0.000000E+00	0.000000E+00	0.000000E+00	
578	0.000000E+00	0.000000E+00	0.000000E+00	
579	0.000000E+00	0.000000E+00	0.000000E+00	
580	0.000000E+00	0.000000E+00	0.000000E+00	
581	0.000000E+00	0.000000E+00	0.000000E+00	
582	0.000000E+00	0.000000E+00	0.000000E+00	
583	0.000000E+00	0.000000E+00	0.000000E+00	
584	0.000000E+00	0.000000E+00	0.000000E+00	
585	0.000000E+00	0.000000E+00	0.000000E+00	
586	0.000000E+00	0.000000E+00	0.000000E+00	
587	0.000000E+00	0.000000E+00	0.000000E+00	
588	0.000000E+00	0.000000E+00	0.000000E+00	
589	0.000000E+00	0.000000E+00	0.000000E+00	
590	0.000000E+00	0.000000E+00	0.000000E+00	
591	0.000000E+00	0.000000E+00	0.000000E+00	
592	0.000000E+00	0.000000E+00	0.000000E+00	
593	0.000000E+00	0.000000E+00	0.000000E+00	
594	0.000000E+00	0.000000E+00	0.000000E+00	
595	0.000000E+00	0.000000E+00	0.000000E+00	
596	0.000000E+00	0.000000E+00	0.000000E+00	
597	0.000000E+00	0.000000E+00	0.000000E+00	
598	0.000000E+00	0.000000E+00	0.000000E+00	
599	0.000000E+00	0.000000E+00	0.000000E+00	
#NewRun
0	1.744637E+02	1.877130E+02	2.040722E+02	
1	0.000000E+00	0.000000E+00	0.000000E+00	
2	0.000000E+00	0.000000E+00	0.000000E+00	
3	0.000000E+00	0.000000E+00	0.000000E+00	
4	1.692745E+02	1.765228E+02	1.845827E+02	
5	1.716981E+02	1.731898E+02	1.970974E+02	
6	1.715337E+02	1.676514E+02	1.877161E+02	
7	0.000000E+00	0.000000E+00	0.000000E+00	
8	1.721358E+02	1.675033E+02	1.894265E+02	
9	1.736643E+02	1.676108E+02	1.864036E+02	
10	0.000000E+00	0.000000E+00	0.000000E+00	
11	1.717416E+02	1.676063E+02	1.811002E+02	
12	1.708630E+02	1.664831E+02	1.826530E+02	
13	1.744293E+02	1.673865E+02	1.775023E+02	
14	1.740556E+02	1.681484E+02	1.814299E+02	
15	0.000000E+00	0.000000E+00	0.000000E+00	
16	1.706235E+02	1.705597E+02	1.802456E+02	
17	1.729557E+02	1.698652E+02	1.824213E+02	
18	1.724076E+02	1.699185E+02	1.805780E+02	
19	1.722743E+02	1.706962E+02	1.807078E+02	
20	1.734687E+02	1.721977E+02	1.798460E+02	
21	1.733262E+02	1.703813E+02	1.800234E+02	
22	1.726990E+02	1.711848E+02	1.786727E+02	
23	1.732338E+02	1.699915E+02	1.828769E+02	
24	1.755089E+02	1.715613E+02	1.814039E+02	
25	1.734293E+02	1.726269E+02	1.801471E+02	
26	1.744871E+02	1.727118E+02	1.798845E+02	
27	1.736861E+02	1.691645E+02	1.769553E+02	
28	1.748649E+02	1.710323E+02	1.799242E+02	
29	1.736991E+02	1.714457E+02	1.798296E+02	
30	1.739704E+02	1.714588E+02	1.797758E+02	
31	1.744046E+02	1.720627E+02	1.790721E+02	
32	1.733926E+02	1.716649E+02	1.793837E+02	
33	1.738833E+02	1.723208E+02	1.787208E+02	
34	1.729959E+02	1.724609E+02	1.786647E+02	
35	1.733331E+02	1.716661E+02	1.788492E+02	
36	1.726548E+02	1.708845E+02	1.786964E+02	
37	1.727764E+02	1.707682E+02	1.781248E+02	
38	1.725540E+02	1.717453E+02	1.783918E+02	
39	1.717278E+02	1.710175E+02	1.800848E+02	
40	1.712404E+02	1.724703E+02	1.788023E+02	
41	1.716040E+02	1.719156E+02	1.788535E+02	
42	1.708364E+02	1.717385E+02	1.789447E+02	
43	1.713434E+02	1.726751E+02	1.763669E+02	
44	1.715787E+02	1.714535E+02	1.775231E+02	
45	1.699001E+02	1.724249E+02	1.775050E+02	
46	1.704982E+02	1.720772E+02	1.781968E+02	
47	1.708598E+02	1.706467E+02	1.767418E+02	
48	1.700280E+02	1.723885E+02	1.769669E+02	
49	1.703532E+02	1.709476E+02	1.765753E+02	
50	1.696896E+02	1.716023E+02	1.772574E+02	
51	1.703280E+02	1.728665E+02	1.755761E+02	
52	1.695788E+02	1.726229E+02	1.761910E+02	
53	1.689272E+02	1.729131E+02	1.756262E+02	
54	1.684374E+02	1.724286E+02	1.758328E+02	
55	1.673970E+02	1.718261E+02	1.763756E+02	
56	1.678999E+02	1.721503E+02	1.748504E+02	
57	1.676247E+02	1.720078E+02	1.750531E+02	
58	1.664519E+02	1.719580E+02	1.748118E+02	
59	1.667220E+02	1.715344E+02	1.754293E+02	
60	1.668614E+02	1.719850E+02	1.745082E+02	
61	1.661011E+02	1.716198E+02	1.742599E+02	
62	1.661462E+02	1.711950E+02	1.749675E+02	
63	1.665280E+02	1.708871E+02	1.750463E+02	
64	1.653989E+02	1.716918E+02	1.733992E+02	
65	1.662205E+02	1.710735E+02	1.735814E+02	
66	1.659453E+02	1.711159E+02	1.736496E+02	
67	1.658117E+02	1.702637E+02	1.741761E+02	
68	1.657945E+02	1.716317E+02	1.735002E+02	
69	1.654018E+02	1.706729E+02	1.730147E+02	
70	1.653392E+02	1.708497E+02	1.735501E+02	
71	1.645446E+02	1.702915E+02	1.721763E+02	
72	1.647777E+02	1.713839E+02	1.724597E+02	
73	1.641313E+02	1.711041E+02	1.727398E+02	
74	1.645604E+02	1.704493E+02	1.718161E+02	
75	1.638396E+02	1.704253E+02	1.716411E+02	
76	1.633960E+02	1.708566E+02	1.712136E+02	
77	1.637045E+02	1.701191E+02	1.705387E+02	
78	1.631480E+02	1.697190E+02	1.700504E+02	
79	1.638523E+02	1.701251E+02	1.698920E+02	
80	1.631465E+02	1.698039E+02	1.691942E+02	
81	1.625230E+02	1.691681E+02	1.691736E+02	
82	1.629214E+02	1.683837E+02	1.680574E+02	
83	1.628558E+02	1.680480E+02	1.681488E+02	
84	1.626908E+02	1.687808E+02	1.674287E+02	
85	1.624960E+02	1.681849E+02	1.674222E+02	
86	1.623409E+02	1.674288E+02	1.669211E+02	
87	1.619884E+02	1.681445E+02	1.674875E+02	
88	1.618334E+02	1.679189E+02	1.669709E+02	
89	1.617860E+02	1.677967E+02	1.670219E+02	
90	1.612662E+02	1.676499E+02	1.661877E+02	
91	1.612104E+02	1.670067E+02	1.664656E+02	
92	1.609155E+02	1.670856E+02	1.661099E+02	
93	1.612707E+02	1.668128E+02	1.658432E+02	
94	1.607104E+02	1.667033E+02	1.658163E+02	
95	1.605224E+02	1.664330E+02	1.652698E+02	
96	1.605039E+02	1.662333E+02	1.648781E+02	
97	1.603679E+02	1.670853E+02	1.650146E+02	
98	1.600022E+02	1.663423E+02	1.650079E+02	
99	1.604189E+02	1.661358E+02	1.651677E+02	
100	1.601762E+02	1.668244E+02	1.645513E+02	
101	1.598718E+02	1.665893E+02	1.641960E+02	
102	1.597522E+02	1.661525E+02	1.636987E+02	
103	1.598316E+02	1.659505E+02	1.644915E+02	
104	1.595846E+02	1.661694E+02	1.642567E+02	
105	1.597146E+02	1.662732E+02	1.641711E+02	
106	1.594516E+02	1.657735E+02	1.638346E+02	
107	1.592124E+02	1.652174E+02	1.641797E+02	
108	1.595460E+02	1.660177E+02	1.634622E+02	
109	1.595557E+02	1.655168E+02	1.641669E+02	
110	1.594775E+02	1.653496E+02	1.633518E+02	
111	1.593536E+02	1.653916E+02	1.636989E+02	
112	1.592546E+02	1.660886E+02	1.633176E+02	
113	1.598520E+02	1.648852E+02	1.635826E+02	
114	1.593442E+02	1.657388E+02	1.636677E+02	
115	1.592626E+02	1.653968E+02	1.635459E+02	
116	1.586911E+02	1.655561E+02	1.634828E+02	
117	1.596644E+02	1.653717E+02	1.633573E+02	
118	1.590799E+02	1.653783E+02	1.638350E+02	
119	1.593807E+02	1.659436E+02	1.642103E+02	
120	1.591449E+02	1.654397E+02	1.635361E+02	
121	1.588782E+02	1.656752E+02	1.640419E+02	
122	1.595880E+02	1.652781E+02	1.639995E+02	
123	1.599561E+02	1.647976E+02	1.641029E+02	
124	1.590774E+02	1.650457E+02	1.644340E+02	
125	1.595658E+02	1.651722E+02	1.641677E+02	
126	1.596798E+02	1.653941E+02	1.646153E+02	
127	1.590242E+02	1.651981E+02	1.643183E+02	
128	1.595668E+02	1.645845E+02	1.643781E+02	
129	1.596028E+02	1.651956E+02	1.650160E+02	
130	1.600629E+02	1.656930E+02	1.645784E+02	
131	1.604379E+02	1.655249E+02	1.646467E+02	
132	1.599721E+02	1.655355E+02	1.645327E+02	
133	1.603209E+02	1.651443E+02	1.650090E+02	
134	1.599761E+02	1.654230E+02	1.650725E+02	
135	1.607547E+02	1.663491E+02	1.649946E+02	
136	1.604030E+02	1.658927E+02	1.645631E+02	
137	1.609565E+02	1.660744E+02	1.656124E+02	
138	1.609032E+02	1.664993E+02	1.641146E+02	
139	1.615495E+02	1.663452E+02	1.650994E+02	
140	1.609621E+02	1.668198E+02	1.647765E+02	
141	1.609552E+02	1.672636E+02	1.644371E+02	
142	1.620385E+02	1.659277E+02	1.645828E+02	
143	1.613088E+02	1.679550E+02	1.655457E+02	
144	1.615470E+02	1.667987E+02	1.649388E+02	
145	1.613308E+02	1.674830E+02	1.650477E+02	
146	1.609314E+02	1.680205E+02	1.659962E+02	
147	1.611117E+02	1.673395E+02	1.654965E+02	
148	1.614647E+02	1.686525E+02	1.656047E+02	
149	1.614432E+02	1.684582E+02	1.656653E+02	
150	1.608439E+02	1.683343E+02	1.664349E+02	
151	1.613424E+02	1.685330E+02	1.667116E+02	
152	1.612479E+02	1.686511E+02	1.662904E+02	
153	1.616473E+02	1.693185E+02	1.672652E+02	
154	1.613999E+02	1.694578E+02	1.672183E+02	
155	1.615713E+02	1.696071E+02	1.685104E+02	
156	1.619623E+02	1.694685E+02	1.678088E+02	
157	1.611982E+02	1.695023E+02	1.677853E+02	
158	1.619700E+02	1.704808E+02	1.690631E+02	
159	1.618005E+02	1.709643E+02	1.685676E+02	
160	1.620471E+02	1.712401E+02	1.696208E+02	
161	1.623132E+02	1.710803E+02	1.693289E+02	
162	1.617480E+02	1.722070E+02	1.694294E+02	
163	1.623256E+02	1.718931E+02	1.702692E+02	
164	1.632977E+02	1.720736E+02	1.705845E+02	
165	1.630043E+02	1.727124E+02	1.711479E+02	
166	1.629425E+02	1.738140E+02	1.709504E+02	
167	1.625687E+02	1.736608E+02	1.705899E+02	
168	1.634660E+02	1.741573E+02	1.716673E+02	
169	1.642029E+02	1.745900E+02	1.718760E+02	
170	1.638557E+02	1.746797E+02	1.720337E+02	
171	1.638769E+02	1.755561E+02	1.730432E+02	
172	1.646684E+02	1.756838E+02	1.730762E+02	
173	1.650006E+02	1.754820E+02	1.735457E+02	
174	1.659854E+02	1.765482E+02	1.741091E+02	
175	1.661161E+02	1.768506E+02	1.750715E+02	
176	1.660841E+02	1.772157E+02	1.764657E+02	
177	1.677424E+02	1.767900E+02	1.754384E+02	
178	1.674935E+02	1.776780E+02	1.762170E+02	
179	1.675851E+02	1.789307E+02	1.778427E+02	
180	1.680583E+02	1.791824E+02	1.784236E+02	
181	1.692082E+02	1.783594E+02	1.781814E+02	
182	1.702117E+02	1.800297E+02	1.796224E+02	
183	1.697707E+02	1.798793E+02	1.800443E+02	
184	1.696313E+02	1.806441E+02	1.800969E+02	
185	1.712767E+02	1.810193E+02	1.810233E+02	
186	1.721435E+02	1.809950E+02	1.814017E+02	
187	1.718482E+02	1.816633E+02	1.817840E+02	
188	1.724914E+02	1.813861E+02	1.822557E+02	
189	1.748015E+02	1.816986E+02	1.822728E+02	
190	1.736574E+02	1.819458E+02	1.828386E+02	
191	1.756231E+02	1.837825E+02	1.833119E+02	
192	1.770943E+02	1.849070E+02	1.831429E+02	
193	1.775373E+02	1.840158E+02	1.832823E+02	
194	1.771289E+02	1.846176E+02	1.848802E+02	
195	1.786255E+02	1.862307E+02	1.839290E+02	
196	1.798558E+02	1.868408E+02	1.852833E+02	
197	1.811361E+02	1.868274E+02	1.849372E+02	
198	1.811551E+02	1.869954E+02	1.846942E+02	
199	1.824031E+02	1.879191E+02	1.858433E+02	
200	1.830877E+02	1.878663E+02	1.861782E+02	
201	1.841851E+02	1.897080E+02	1.866672E+02	
202	1.862558E+02	1.872258E+02	1.879818E+02	
203	1.847120E+02	1.892594E+02	1.885015E+02	
204	1.855358E+02	1.893715E+02	1.873410E+02	
205	1.879818E+02	1.901308E+02	1.898030E+02	
206	1.867911E+02	1.904148E+02	1.896732E+02	
207	1.883564E+02	1.909483E+02	1.909067E+02	
208	1.937673E+02	1.908967E+02	1.909726E+02	
209	1.906981E+02	1.912294E+02	1.919407E+02	
210	1.939880E+02	1.908632E+02	1.922653E+02	
211	1.939164E+02	1.915335E+02	1.934041E+02	
212	1.966399E+02	1.931329E+02	1.938796E+02	
213	1.956305E+02	1.929700E+02	1.954598E+02	
214	1.978250E+02	1.936218E+02	1.955723E+02	
215	1.977240E+02	1.938502E+02	1.957032E+02	
216	1.983804E+02	1.950558E+02	1.945323E+02	
217	1.991203E+02	1.956972E+02	1.948301E+02	
218	2.001882E+02	1.932205E+02	1.954900E+02	
219	1.983236E+02	1.949879E+02	1.963561E+02	
220	2.022735E+02	1.943944E+02	1.948439E+02	
221	2.026958E+02	1.954390E+02	1.942738E+02	
222	2.048287E+02	1.943256E+02	1.954591E+02	
223	2.052863E+02	1.949191E+02	1.950425E+02	
224	2.055623E+02	1.954571E+02	1.961670E+02	
225	2.091385E+02	1.956379E+02	1.957911E+02	
226	2.086544E+02	1.948440E+02	1.951777E+02	
227	2.127002E+02	1.953657E+02	1.956852E+02	
228	2.078147E+02	1.964323E+02	1.951515E+02	
229	2.115144E+02	1.957196E+02	1.959470E+02	
230	2.113395E+02	1.958824E+02	1.957496E+02	
231	2.117056E+02	1.966654E+02	1.964418E+02	
232	2.142322E+02	1.966602E+02	1.967782E+02	
233	2.153497E+02	1.974191E+02	1.964900E+02	
234	2.185031E+02	1.972522E+02	1.978491E+02	
235	2.197839E+02	1.959107E+02	1.965528E+02	
236	2.139360E+02	1.971630E+02	1.968731E+02	
237	2.283477E+02	1.958407E+02	1.976449E+02	
238	2.226256E+02	1.972704E+02	1.955794E+02	
239	2.207919E+02	1.960367E+02	1.975298E+02	
240	2.214172E+02	1.956349E+02	1.966992E+02	
241	2.253970E+02	1.957674E+02	1.972593E+02	
242	2.234469E+02	1.965279E+02	1.957333E+02	
243	2.243196E+02	1.963787E+02	1.962801E+02	
244	2.222828E+02	1.971779E+02	1.959877E+02	
245	2.314160E+02	1.964198E+02	1.974387E+02	
246	2.295484E+02	1.952391E+02	1.967044E+02	
247	2.383904E+02	1.959203E+02	1.976231E+02	
248	2.275943E+02	1.972009E+02	1.970488E+02	
249	2.339399E+02	1.953206E+02	1.952345E+02	
250	2.314900E+02	1.960448E+02	1.949955E+02	
251	2.327976E+02	1.971192E+02	1.957511E+02	
252	2.295928E+02	1.973749E+02	1.959672E+02	
253	2.343333E+02	1.967492E+02	1.963346E+02	
254	2.349842E+02	1.966094E+02	1.941536E+02	
255	2.452213E+02	1.969771E+02	1.945717E+02	
256	2.359380E+02	1.970327E+02	1.945071E+02	
257	2.379272E+02	1.957342E+02	1.953842E+02	
258	2.446588E+02	1.961930E+02	1.933230E+02	
259	2.429459E+02	1.953819E+02	1.947908E+02	
260	2.461225E+02	1.966140E+02	1.933129E+02	
261	2.398363E+02	1.949280E+02	1.940732E+02	
262	2.388144E+02	1.956975E+02	1.944240E+02	
263	2.463101E+02	1.944319E+02	1.938896E+02	
264	2.290985E+02	1.963162E+02	1.936563E+02	
265	2.410125E+02	1.947062E+02	1.942330E+02	
266	2.325268E+02	1.945733E+02	1.937086E+02	
267	2.355247E+02	1.931908E+02	1.928455E+02	
268	2.202093E+02	1.944847E+02	1.936067E+02	
269	2.179101E+02	1.938716E+02	1.937005E+02	
270	2.273124E+02	1.945500E+02	1.940672E+02	
271	2.256330E+02	1.926839E+02	1.927733E+02	
272	2.221564E+02	1.932870E+02	1.932475E+02	
273	2.168814E+02	1.928058E+02	1.921400E+02	
274	2.187872E+02	1.925179E+02	1.916879E+02	
275	2.284784E+02	1.922863E+02	1.916983E+02	
276	2.230614E+02	1.919542E+02	1.930332E+02	
277	2.079752E+02	1.909308E+02	1.928228E+02	
278	2.160066E+02	1.920467E+02	1.921913E+02	
279	2.150266E+02	1.919284E+02	1.914787E+02	
280	2.046595E+02	1.921367E+02	1.932565E+02	
281	2.086620E+02	1.902243E+02	1.920553E+02	
282	2.056502E+02	1.914451E+02	1.909794E+02	
283	2.010053E+02	1.910606E+02	1.909651E+02	
284	2.116320E+02	1.903749E+02	1.916431E+02	
285	2.043922E+02	1.910390E+02	1.906190E+02	
286	2.166488E+02	1.901377E+02	1.914768E+02	
287	2.033663E+02	1.893854E+02	1.904384E+02	
288	2.020282E+02	1.899851E+02	1.900368E+02	
289	1.974484E+02	1.901479E+02	1.902922E+02	
290	1.981461E+02	1.896163E+02	1.903239E+02	
291	1.928193E+02	1.886135E+02	1.904553E+02	
292	1.956148E+02	1.893483E+02	1.900956E+02	
293	1.957218E+02	1.881260E+02	1.888154E+02	
294	1.872380E+02	1.889192E+02	1.892307E+02	
295	1.956368E+02	1.890879E+02	1.896662E+02	
296	1.892657E+02	1.893003E+02	1.888230E+02	
297	1.888676E+02	1.895077E+02	1.895816E+02	
298	1.910219E+02	1.887113E+02	1.891973E+02	
299	1.906709E+02	1.897593E+02	1.883723E+02	
300	1.950533E+02	1.893349E+02	1.898281E+02	
301	1.847060E+02	1.880650E+02	1.886527E+02	
302	1.915765E+02	1.897058E+02	1.891209E+02	
303	1.843757E+02	1.899559E+02	1.902130E+02	
304	1.884532E+02	1.872716E+02	1.898634E+02	
305	1.874835E+02	1.891704E+02	1.887993E+02	
306	1.870782E+02	1.885373E+02	1.887200E+02	
307	1.911336E+02	1.888069E+02	1.883890E+02	
308	1.804119E+02	1.876359E+02	1.886189E+02	
309	1.842576E+02	1.874784E+02	1.883187E+02	
310	1.774846E+02	1.864632E+02	1.878193E+02	
311	1.856962E+02	1.877698E+02	1.880843E+02	
312	1.810593E+02	1.869576E+02	1.883847E+02	
313	1.825277E+02	1.870118E+02	1.891132E+02	
314	1.735127E+02	1.859393E+02	1.891772E+02	
315	1.771262E+02	1.878896E+02	1.882937E+02	
316	1.756071E+02	1.868320E+02	1.896326E+02	
317	1.755002E+02	1.873546E+02	1.882401E+02	
318	1.701823E+02	1.856284E+02	1.894877E+02	
319	1.797194E+02	1.868959E+02	1.899470E+02	
320	1.776800E+02	1.856697E+02	1.890350E+02	
321	1.697841E+02	1.861693E+02	1.890457E+02	
322	1.820862E+02	1.861816E+02	1.889451E+02	
323	1.750055E+02	1.844636E+02	1.899916E+02	
324	1.762590E+02	1.847868E+02	1.906902E+02	
325	1.753540E+02	1.852354E+02	1.877348E+02	
326	1.698323E+02	1.844498E+02	1.879211E+02	
327	1.702219E+02	1.854856E+02	1.899740E+02	
328	1.697258E+02	1.844204E+02	1.901380E+02	
329	1.706361E+02	1.854288E+02	1.891186E+02	
330	1.770784E+02	1.861922E+02	1.892958E+02	
331	1.644710E+02	1.862069E+02	1.890552E+02	
332	1.689720E+02	1.859312E+02	1.884910E+02	
333	1.706251E+02	1.854766E+02	1.897584E+02	
334	1.607408E+02	1.857953E+02	1.894551E+02	
335	1.697383E+02	1.868930E+02	1.880824E+02	
336	1.616581E+02	1.868052E+02	1.893220E+02	
337	1.717387E+02	1.853812E+02	1.883905E+02	
338	1.569589E+02	1.861719E+02	1.882260E+02	
339	1.659265E+02	1.865680E+02	1.881821E+02	
340	1.618632E+02	1.859528E+02	1.884728E+02	
341	1.614693E+02	1.867936E+02	1.878890E+02	
342	1.694641E+02	1.853586E+02	1.884549E+02	
343	1.641907E+02	1.849760E+02	1.871406E+02	
344	1.611235E+02	1.848078E+02	1.877819E+02	
345	1.612858E+02	1.851553E+02	1.875720E+02	
346	1.628280E+02	1.860833E+02	1.878064E+02	
347	1.613819E+02	1.844907E+02	1.881762E+02	
348	1.532627E+02	1.844445E+02	1.887648E+02	
349	1.535171E+02	1.848511E+02	1.877720E+02	
350	1.494053E+02	1.851872E+02	1.883517E+02	
351	1.630067E+02	1.851927E+02	1.870195E+02	
352	1.594345E+02	1.851900E+02	1.891531E+02	
353	1.586129E+02	1.841903E+02	1.890467E+02	
354	1.634099E+02	1.848668E+02	1.898638E+02	
355	1.615606E+02	1.865189E+02	1.892952E+02	
356	1.589408E+02	1.859867E+02	1.900834E+02	
357	1.448259E+02	1.857330E+02	1.896189E+02	
358	1.549209E+02	1.857817E+02	1.899224E+02	
359	1.482464E+02	1.872521E+02	1.894204E+02	
360	1.520638E+02	1.849499E+02	1.903229E+02	
361	1.587733E+02	1.866291E+02	1.886841E+02	
362	1.462528E+02	1.861680E+02	1.892837E+02	
363	1.629336E+02	1.849952E+02	1.896731E+02	
364	1.525365E+02	1.871465E+02	1.897874E+02	
365	1.531822E+02	1.858048E+02	1.899919E+02	
366	1.612299E+02	1.847586E+02	1.901770E+02	
367	1.463791E+02	1.859965E+02	1.899117E+02	
368	1.569944E+02	1.853698E+02	1.905101E+02	
369	1.553338E+02	1.847875E+02	1.895923E+02	
370	1.531627E+02	1.859918E+02	1.896705E+02	
371	1.623365E+02	1.849512E+02	1.900259E+02	
372	1.562578E+02	1.847841E+02	1.902471E+02	
373	1.475341E+02	1.845017E+02	1.899542E+02	
374	1.576207E+02	1.849191E+02	1.914289E+02	
375	1.568519E+02	1.844270E+02	1.890276E+02	
376	1.547969E+02	1.841898E+02	1.890500E+02	
377	1.532311E+02	1.863503E+02	1.898182E+02	
378	1.463861E+02	1.853152E+02	1.898751E+02	
379	1.620231E+02	1.838643E+02	1.890300E+02	
380	1.626280E+02	1.856166E+02	1.877425E+02	
381	1.581638E+02	1.840794E+02	1.880402E+02	
382	1.562579E+02	1.845547E+02	1.897156E+02	
383	1.520177E+02	1.859595E+02	1.886416E+02	
384	1.529556E+02	1.846520E+02	1.883369E+02	
385	1.552360E+02	1.833220E+02	1.891986E+02	
386	1.647380E+02	1.855407E+02	1.875240E+02	
387	1.453526E+02	1.858403E+02	1.896653E+02	
388	1.570824E+02	1.844529E+02	1.901416E+02	
389	1.627138E+02	1.830978E+02	1.909775E+02	
390	1.687181E+02	1.840194E+02	1.891890E+02	
391	1.684287E+02	1.829038E+02	1.896352E+02	
392	1.672516E+02	1.835782E+02	1.894571E+02	
393	1.606496E+02	1.830228E+02	1.895924E+02	
394	1.660992E+02	1.846847E+02	1.910460E+02	
395	1.561737E+02	1.838021E+02	1.889213E+02	
396	1.610437E+02	1.839746E+02	1.900740E+02	
397	1.542251E+02	1.850754E+02	1.904605E+02	
398	1.569062E+02	1.833207E+02	1.892328E+02	
399	1.677757E+02	1.852408E+02	1.916399E+02	
400	1.624382E+02	1.836619E+02	1.888459E+02	
401	1.749702E+02	1.851757E+02	1.909633E+02	
402	1.711765E+02	1.864146E+02	1.906730E+02	
403	1.692249E+02	1.849487E+02	1.900192E+02	
404	1.722051E+02	1.841494E+02	1.916228E+02	
405	1.669896E+02	1.852301E+02	1.923513E+02	
406	1.755218E+02	1.822286E+02	1.920545E+02	
407	1.559412E+02	1.814209E+02	1.909872E+02	
408	1.627454E+02	1.814619E+02	1.933478E+02	
409	1.648192E+02	1.800659E+02	1.940127E+02	
410	1.743697E+02	1.824786E+02	1.902116E+02	
411	1.719883E+02	1.817885E+02	1.928338E+02	
412	1.722173E+02	1.820944E+02	1.920005E+02	
413	1.727532E+02	1.819844E+02	1.908306E+02	
414	1.523595E+02	1.828436E+02	1.924119E+02	
415	1.613235E+02	1.813739E+02	1.906911E+02	
416	1.425540E+02	1.821652E+02	1.919202E+02	
417	1.614207E+02	1.822201E+02	1.946304E+02	
418	1.600138E+02	1.826436E+02	1.900716E+02	
419	1.635159E+02	1.809795E+02	1.926135E+02	
420	1.727529E+02	1.840391E+02	1.903327E+02	
421	1.667750E+02	1.836987E+02	1.922619E+02	
422	1.596975E+02	1.832604E+02	1.921449E+02	
423	1.502496E+02	1.832337E+02	1.927607E+02	
424	1.612311E+02	1.856624E+02	1.906666E+02	
425	1.592158E+02	1.827977E+02	1.919362E+02	
426	1.661646E+02	1.826206E+02	1.916751E+02	
427	1.704899E+02	1.834587E+02	1.915006E+02	
428	1.603782E+02	1.859217E+02	1.917877E+02	
429	1.649373E+02	1.844443E+02	1.906601E+02	
430	1.474381E+02	1.857197E+02	1.908013E+02	
431	1.364482E+02	1.844748E+02	1.922559E+02	
432	1.741170E+02	1.832467E+02	1.934530E+02	
433	1.691332E+02	1.826061E+02	1.905955E+02	
434	1.628671E+02	1.831493E+02	1.913579E+02	
435	1.502086E+02	1.850050E+02	1.902991E+02	
436	1.704782E+02	1.826554E+02	1.922421E+02	
437	1.535877E+02	1.846488E+02	1.899137E+02	
438	1.660896E+02	1.812681E+02	1.901772E+02	
439	1.483653E+02	1.895249E+02	1.871037E+02	
440	1.710083E+02	1.803456E+02	1.879435E+02	
441	1.670250E+02	1.811621E+02	1.906441E+02	
442	1.700513E+02	1.864377E+02	1.912140E+02	
443	1.817518E+02	1.811080E+02	1.908682E+02	
444	1.777455E+02	1.855426E+02	1.932729E+02	
445	1.527982E+02	1.804933E+02	1.926577E+02	
446	1.814397E+02	1.844320E+02	1.947318E+02	
447	1.697346E+02	1.818176E+02	1.891926E+02	
448	1.653802E+02	1.835670E+02	1.876370E+02	
449	1.601468E+02	1.823122E+02	1.862319E+02	
450	1.651928E+02	1.840807E+02	1.899619E+02	
451	1.518459E+02	1.859009E+02	1.876102E+02	
452	1.714324E+02	1.821573E+02	1.938920E+02	
453	1.783909E+02	1.798591E+02	1.905193E+02	
454	1.883527E+02	1.799510E+02	1.905022E+02	
455	1.643696E+02	1.820142E+02	1.907190E+02	
456	1.612968E+02	1.778959E+02	1.904591E+02	
457	1.371608E+02	1.815437E+02	1.953873E+02	
458	1.175604E+02	1.776073E+02	1.854867E+02	
459	1.486093E+02	1.785921E+02	1.939017E+02	
460	1.445474E+02	1.832812E+02	1.862646E+02	
461	1.310721E+02	1.817434E+02	1.942727E+02	
462	1.575133E+02	1.802494E+02	1.928574E+02	
463	1.536135E+02	1.790138E+02	1.856073E+02	
464	1.710415E+02	1.832235E+02	1.938783E+02	
465	1.773385E+02	1.775573E+02	1.899706E+02	
466	2.106080E+02	1.743625E+02	1.980637E+02	
467	1.767807E+02	1.807683E+02	1.903988E+02	
468	1.926194E+02	1.718438E+02	1.920589E+02	
469	1.801747E+02	1.756298E+02	1.907870E+02	
470	2.063486E+02	1.775357E+02	1.918752E+02	
471	1.701493E+02	1.845587E+02	1.857092E+02	
472	2.033974E+02	1.835109E+02	1.885623E+02	
473	2.111327E+02	1.820924E+02	1.869086E+02	
474	2.067742E+02	1.795620E+02	1.816738E+02	
475	2.296576E+02	1.882775E+02	1.845952E+02	
476	2.158379E+02	1.860288E+02	1.774812E+02	
477	2.310034E+02	1.704534E+02	1.870641E+02	
478	1.769109E+02	1.830224E+02	1.830096E+02	
479	1.998515E+02	1.809062E+02	1.806474E+02	
480	2.078209E+02	1.860756E+02	1.755953E+02	
481	2.310034E+02	1.766532E+02	1.808295E+02	
482	1.614559E+02	1.913979E+02	1.821677E+02	
483	2.460352E+02	1.855105E+02	1.769315E+02	
484	0.000000E+00	1.836684E+02	1.794611E+02	
485	2.097869E+02	1.793177E+02	1.830876E+02	
486	2.310034E+02	1.789241E+02	1.778406E+02	
487	2.162720E+02	1.823625E+02	1.797597E+02	
488	2.310034E+02	1.734174E+02	1.870271E+02	
489	2.911305E+02	1.881808E+02	1.953101E+02	
490	2.410246E+02	1.859340E+02	1.899326E+02	
491	0.000000E+00	1.710536E+02	1.942885E+02	
492	2.670797E+02	1.832512E+02	1.995676E+02	
493	0.000000E+00	1.731038E+02	1.941283E+02	
494	2.567722E+02	1.908236E+02	2.003676E+02	
495	0.000000E+00	1.521260E+02	1.864999E+02	
496	2.610670E+02	1.875224E+02	2.011503E+02	
497	2.310034E+02	1.887900E+02	1.774877E+02	
498	2.911305E+02	1.819491E+02	1.976754E+02	
499	2.911305E+02	1.811147E+02	1.867148E+02	
500	0.000000E+00	0.000000E+00	0.000000E+00	
501	2.911305E+02	1.865929E+02	1.877611E+02	
502	0.000000E+00	0.000000E+00	0.000000E+00	
503	2.911305E+02	1.799895E+02	1.902772E+02	
504	0.000000E+00	0.000000E+00	0.000000E+00	
505	2.911305E+02	1.839960E+02	2.018537E+02	
506	0.000000E+00	1.498406E+02	2.463295E+02	
507	0.000000E+00	0.000000E+00	0.000000E+00	
508	2.911305E+02	1.678012E+02	2.022875E+02	
509	0.000000E+00	0.000000E+00	0.000000E+00	
510	2.911305E+02	1.786851E+02	2.025111E+02	
511	0.000000E+00	0.000000E+00	0.000000E+00	
512	2.911305E+02	1.533584E+02	2.018771E+02	
513	0.000000E+00	0.000000E+00	0.000000E+00	
514	0.000000E+00	0.000000E+00	0.000000E+00	
515	0.000000E+00	1.657225E+02	2.521409E+02	
516	0.000000E+00	0.000000E+00	0.000000E+00	
517	0.000000E+00	1.546074E+02	2.334055E+02	
518	0.000000E+00	0.000000E+00	0.000000E+00	
519	0.000000E+00	2.252395E+02	2.879991E+02	
520	0.000000E+00	0.000000E+00	0.000000E+00	
521	0.000000E+00	0.000000E+00	0.000000E+00	
522	0.000000E+00	0.000000E+00	0.000000E+00	
523	0.000000E+00	0.000000E+00	0.000000E+00	
524	0.000000E+00	0.000000E+00	0.000000E+00	
525	0.000000E+00	0.000000E+00	0.000000E+00	
526	0.000000E+00	0.000000E+00	0.000000E+00	
527	0.000000E+00	0.000000E+00	0.000000E+00	
528	0.000000E+00	0.000000E+00	0.000000E+00	
529	0.000000E+00	0.000000E+00	0.000000E+00	
530	0.000000E+00	0.000000E+00	0.000000E+00	
531	0.000000E+00	0.000000E+00	0.000000E+00	
532	0.000000E+00	0.000000E+00	0.000000E+00	
533	0.000000E+00	0.000000E+00	0.000000E+00	
534	0.000000E+00	0.000000E+00	0.000000E+00	
535	0.000000E+00	0.000000E+00	0.000000E+00	
536	0.000000E+00	0.000000E+00	0.000000E+00	
537	0.000000E+00	0.000000E+00	0.000000E+00	
538	0.000000E+00	0.000000E+00	0.000000E+00	
539	0.000000E+00	0.000000E+00	0.000000E+00	
540	0.000000E+00	0.000000E+00	0.000000E+00	
541	0.000000E+00	0.000000E+00	0.000000E+00	
542	0.000000E+00	0.000000E+00	0.000000E+00	
543	0.000000E+00	0.000000E+00	0.000000E+00	
544	0.000000E+00	0.000000E+00	0.000000E+00	
545	0.000000E+00	0.000000E+00	0.000000E+00	
546	0.000000E+00	0.000000E+00	0.000000E+00	
547	0.000000E+00	0.000000E+00	0.000000E+00	
548	0.000000E+00	0.000000E+00	0.000000E+00	
549	0.000000E+00	0.000000E+00	0.000000E+00	
550	0.000000E+00	0.000000E+00	0.000000E+00	
551	0.000000E+00	0.000000E+00	0.000000E+00	
552	0.000000E+00	0.000000E+00	0.000000E+00	
553	0.000000E+00	0.000000E+00	0.000000E+00	
554	0.000000E+00	0.000000E+00	0.000000E+00	
555	0.000000E+00	0.000000E+00	0.000000E+00	
556	0.000000E+00	0.000000E+00	0.000000E+00	
557	0.000000E+00	0.000000E+00	0.000000E+00	
558	0.000000E+00	0.000000E+00	0.000000E+00	
559	0.000000E+00	0.000000E+00	0.000000E+00	
560	0.000000E+00	0.000000E+00	0.000000E+00	
561	0.000000E+00	0.000000E+00	0.000000E+00	
562	0.000000E+00	0.000000E+00	0.000000E+00	
563	0.000000E+00	0.000000E+00	0.000000E+00	
564	0.000000E+00	0.000000E+00	0.000000E+00	
565	0.000000E+00	0.000000E+00	0.000000E+00	
566	0.000000E+00	0.000000E+00	0.000000E+00	
567	0.000000E+00	0.000000E+00	0.000000E+00	
568	0.000000E+00	0.000000E+00	0.000000E+00	
569	0.000000E+00	0.000000E+00	0.000000E+00	
570	0.000000E+00	0.000000E+00	0.000000E+00	
571	0.000000E+00	0.000000E+00	0.000000E+00	
572	0.000000E+00	0.000000E+00	0.000000E+00	
573	0.000000E+00	0.000000E+00	0.000000E+00	
574	0.000000E+00	0.000000E+00	0.000000E+00	
575	0.000000E+00	0.000000E+00	0.000000E+00	
576	0.000000E+00	0.000000E+00	0.000000E+00	
577	0.000000E+00	0.000000E+00	0.000000E+00	
578	0.000000E+00	0.000000E+00	0.000000E+00	
579	0.000000E+00	0.000000E+00	0.000000E+00	
580	0.000000E+00	0.000000E+00	0.000000E+00	
581	0.000000E+00	0.000000E+00	0.000000E+00	
582	0.000000E+00	0.000000E+00	0.000000E+00	
583	0.000000E+00	0.000000E+00	0.000000E+00	
584	0.000000E+00	0.000000E+00	0.000000E+00	
585	0.000000E+00	0.000000E+00	0.000000E+00	
586	0.000000E+00	0.000000E+00	0.000000E+00	
587	0.000000E+00	0.000000E+00	0.000000E+00	
588	0.000000E+00	0.000000E+00	0.000000E+00	
589	0.000000E+00	0.000000E+00	0.000000E+00	
590	0.000000E+00	0.000000E+00	0.000000E+00	
591	0.000000E+00	0.000000E+00	0.000000E+00	
592	0.000000E+00	0.000000E+00	0.000000E+00	
593	0.000000E+00	0.000000E+00	0.000000E+00	
594	0.000000E+00	0.000000E+00	0.000000E+00	
595	0.000000E+00	0.000000E+00	0.000000E+00	
596	0.000000E+00	0.000000E+00	0.000000E+00	
597	0.000000E+00	0.000000E+00	0.000000E+00	
598	0.000000E+00	0.000000E+00	0.000000E+00	
599	0.000000E+00	0.000000E+00	0.000000E+00	
#NewRun
0	1.657329E+02	1.869117E+02	1.735635E+02	
1	0.000000E+00	0.000000E+00	0.000000E+00	
2	0.000000E+00	0.000000E+00	0.000000E+00	
3	0.000000E+00	0.000000E+00	0.000000E+00	
4	1.746973E+02	1.740016E+02	1.722466E+02	
5	1.686303E+02	1.785567E+02	1.660741E+02	
6	1.704564E+02	1.719457E+02	1.684883E+02	
7	0.000000E+00	0.000000E+00	0.000000E+00	
8	1.726355E+02	1.751746E+02	1.677961E+02	
9	1.712702E+02	1.737850E+02	1.731663E+02	
10	0.000000E+00	0.000000E+00	0.000000E+00	
11	1.748952E+02	1.797425E+02	1.710210E+02	
12	1.703511E+02	1.744220E+02	1.754268E+02	
13	1.710076E+02	1.730683E+02	1.747158E+02	
14	1.707973E+02	1.735704E+02	1.743871E+02	
15	0.000000E+00	0.000000E+00	0.000000E+00	
16	1.694083E+02	1.724951E+02	1.746958E+02	
17	1.698891E+02	1.712346E+02	1.754605E+02	
18	1.685728E+02	1.730094E+02	1.741649E+02	
19	1.678962E+02	1.731096E+02	1.781636E+02	
20	1.681216E+02	1.734365E+02	1.728251E+02	
21	1.669614E+02	1.723641E+02	1.699844E+02	
22	1.665907E+02	1.728716E+02	1.713744E+02	
23	1.672095E+02	1.724653E+02	1.700663E+02	
24	1.670452E+02	1.728339E+02	1.691480E+02	
25	1.665359E+02	1.717585E+02	1.703216E+02	
26	1.656649E+02	1.716922E+02	1.696834E+02	
27	1.668248E+02	1.731508E+02	1.685087E+02	
28	1.665341E+02	1.716808E+02	1.707516E+02	
29	1.656122E+02	1.711323E+02	1.701870E+02	
30	1.656911E+02	1.714547E+02	1.714579E+02	
31	1.669040E+02	1.708638E+02	1.703823E+02	
32	1.672412E+02	1.714950E+02	1.709197E+02	
33	1.668619E+02	1.714228E+02	1.716673E+02	
34	1.665740E+02	1.721171E+02	1.703745E+02	
35	1.670083E+02	1.712757E+02	1.696903E+02	
36	1.665064E+02	1.720349E+02	1.743060E+02	
37	1.672044E+02	1.715120E+02	1.721571E+02	
38	1.660716E+02	1.705233E+02	1.723851E+02	
39	1.652923E+02	1.720960E+02	1.709708E+02	
40	1.663416E+02	1.726855E+02	1.732537E+02	
41	1.661631E+02	1.730294E+02	1.724945E+02	
42	1.660040E+02	1.720151E+02	1.722778E+02	
43	1.657987E+02	1.733302E+02	1.726896E+02	
44	1.665829E+02	1.737320E+02	1.710764E+02	
45	1.664396E+02	1.732174E+02	1.708581E+02	
46	1.673470E+02	1.737743E+02	1.702414E+02	
47	1.671014E+02	1.746675E+02	1.704919E+02	
48	1.674873E+02	1.728139E+02	1.707022E+02	
49	1.675271E+02	1.739338E+02	1.704711E+02	
50	1.668360E+02	1.731027E+02	1.689886E+02	
51	1.674847E+02	1.729541E+02	1.704673E+02	
52	1.684713E+02	1.732786E+02	1.695146E+02	
53	1.675834E+02	1.726450E+02	1.697010E+02	
54	1.668857E+02	1.730731E+02	1.698326E+02	
55	1.657757E+02	1.730266E+02	1.686773E+02	
56	1.674353E+02	1.730501E+02	1.689581E+02	
57	1.666242E+02	1.713996E+02	1.681498E+02	
58	1.665977E+02	1.713253E+02	1.682882E+02	
59	1.652715E+02	1.713107E+02	1.669655E+02	
60	1.663278E+02	1.712986E+02	1.690330E+02	
61	1.659633E+02	1.708435E+02	1.672984E+02	
62	1.654634E+02	1.701856E+02	1.669045E+02	
63	1.651131E+02	1.698230E+02	1.673292E+02	
64	1.659587E+02	1.706057E+02	1.673105E+02	
65	1.653550E+02	1.704195E+02	1.665261E+02	
66	1.657178E+02	1.700176E+02	1.672729E+02	
67	1.651257E+02	1.702882E+02	1.675578E+02	
68	1.658625E+02	1.695632E+02	1.670102E+02	
69	1.656898E+02	1.695690E+02	1.663771E+02	
70	1.651502E+02	1.687018E+02	1.669216E+02	
71	1.646367E+02	1.690883E+02	1.667931E+02	
72	1.654590E+02	1.688018E+02	1.669914E+02	
73	1.650891E+02	1.676568E+02	1.665166E+02	
74	1.646436E+02	1.684937E+02	1.658009E+02	
75	1.651819E+02	1.678624E+02	1.674354E+02	
76	1.644526E+02	1.678793E+02	1.666858E+02	
77	1.646790E+02	1.674323E+02	1.662513E+02	
78	1.646135E+02	1.665571E+02	1.673516E+02	
79	1.638219E+02	1.668738E+02	1.664411E+02	
80	1.636095E+02	1.664027E+02	1.661325E+02	
81	1.638957E+02	1.665442E+02	1.662202E+02	
82	1.633267E+02	1.663956E+02	1.665939E+02	
83	1.630911E+02	1.670626E+02	1.667217E+02	
84	1.633866E+02	1.654112E+02	1.658833E+02	
85	1.632665E+02	1.657263E+02	1.664636E+02	
86	1.631345E+02	1.657774E+02	1.663561E+02	
87	1.629999E+02	1.650486E+02	1.662012E+02	
88	1.626314E+02	1.652405E+02	1.660321E+02	
89	1.627178E+02	1.644939E+02	1.657088E+02	
90	1.621643E+02	1.648067E+02	1.661695E+02	
91	1.618447E+02	1.651223E+02	1.660392E+02	
92	1.618573E+02	1.635294E+02	1.656417E+02	
93	1.615897E+02	1.642949E+02	1.659007E+02	
94	1.615039E+02	1.639273E+02	1.659279E+02	
95	1.611121E+02	1.642760E+02	1.658363E+02	
96	1.612665E+02	1.635997E+02	1.654599E+02	
97	1.610729E+02	1.634001E+02	1.659713E+02	
98	1.609427E+02	1.636673E+02	1.655144E+02	
99	1.605822E+02	1.634471E+02	1.654395E+02	
100	1.610713E+02	1.637547E+02	1.643398E+02	
101	1.606632E+02	1.633522E+02	1.647697E+02	
102	1.606190E+02	1.637312E+02	1.644496E+02	
103	1.608739E+02	1.642869E+02	1.649522E+02	
104	1.606563E+02	1.629355E+02	1.643505E+02	
105	1.606637E+02	1.635134E+02	1.641924E+02	
106	1.607743E+02	1.634230E+02	1.649398E+02	
107	1.603032E+02	1.633196E+02	1.645093E+02	
108	1.600949E+02	1.626916E+02	1.647421E+02	
109	1.596033E+02	1.630036E+02	1.645189E+02	
110	1.603406E+02	1.630863E+02	1.649760E+02	
111	1.600788E+02	1.635456E+02	1.645964E+02	
112	1.596041E+02	1.624967E+02	1.643264E+02	
113	1.603507E+02	1.634848E+02	1.654721E+02	
114	1.602149E+02	1.634308E+02	1.654305E+02	
115	1.601476E+02	1.633294E+02	1.653426E+02	
116	1.601930E+02	1.632163E+02	1.654132E+02	
117	1.597179E+02	1.627512E+02	1.650687E+02	
118	1.597063E+02	1.639259E+02	1.649952E+02	
119	1.598624E+02	1.639108E+02	1.652086E+02	
120	1.594905E+02	1.630528E+02	1.646882E+02	
121	1.596890E+02	1.625577E+02	1.653464E+02	
122	1.595609E+02	1.637912E+02	1.650386E+02	
123	1.596971E+02	1.632799E+02	1.649950E+02	
124	1.593228E+02	1.629764E+02	1.644636E+02	
125	1.596325E+02	1.634156E+02	1.648310E+02	
126	1.597557E+02	1.634575E+02	1.637692E+02	
127	1.594219E+02	1.644951E+02	1.644882E+02	
128	1.594586E+02	1.632553E+02	1.644450E+02	
129	1.597889E+02	1.633911E+02	1.640563E+02	
130	1.597672E+02	1.637849E+02	1.641495E+02	
131	1.594632E+02	1.641549E+02	1.641894E+02	
132	1.595448E+02	1.634957E+02	1.639385E+02	
133	1.592672E+02	1.633182E+02	1.639444E+02	
134	1.596016E+02	1.640823E+02	1.637154E+02	
135	1.595670E+02	1.639307E+02	1.644012E+02	
136	1.598596E+02	1.635990E+02	1.643473E+02	
137	1.596068E+02	1.635626E+02	1.646878E+02	
138	1.602317E+02	1.643269E+02	1.649301E+02	
139	1.597029E+02	1.644692E+02	1.648026E+02	
140	1.597796E+02	1.642557E+02	1.648804E+02	
141	1.601573E+02	1.647744E+02	1.649317E+02	
142	1.597201E+02	1.649083E+02	1.654218E+02	
143	1.596880E+02	1.652598E+02	1.652098E+02	
144	1.605878E+02	1.657169E+02	1.658199E+02	
145	1.609652E+02	1.665764E+02	1.659424E+02	
146	1.605451E+02	1.660617E+02	1.658545E+02	
147	1.609910E+02	1.671858E+02	1.654681E+02	
148	1.617191E+02	1.666171E+02	1.666989E+02	
149	1.611385E+02	1.669232E+02	1.663418E+02	
150	1.614014E+02	1.676997E+02	1.664470E+02	
151	1.615080E+02	1.672246E+02	1.667826E+02	
152	1.617149E+02	1.669021E+02	1.672961E+02	
153	1.614322E+02	1.677337E+02	1.675300E+02	
154	1.619833E+02	1.681027E+02	1.682650E+02	
155	1.618239E+02	1.690745E+02	1.681468E+02	
156	1.621322E+02	1.680164E+02	1.686693E+02	
157	1.617101E+02	1.690393E+02	1.682098E+02	
158	1.629698E+02	1.696842E+02	1.690299E+02	
159	1.626634E+02	1.696255E+02	1.683217E+02	
160	1.630668E+02	1.707832E+02	1.695619E+02	
161	1.636380E+02	1.704640E+02	1.697271E+02	
162	1.630248E+02	1.707942E+02	1.694712E+02	
163	1.643637E+02	1.718262E+02	1.704473E+02	
164	1.646280E+02	1.723165E+02	1.705529E+02	
165	1.648191E+02	1.728306E+02	1.711387E+02	
166	1.652829E+02	1.735262E+02	1.713610E+02	
167	1.660150E+02	1.736368E+02	1.718162E+02	
168	1.668865E+02	1.733632E+02	1.725671E+02	
169	1.670641E+02	1.744150E+02	1.731741E+02	
170	1.678464E+02	1.747471E+02	1.734835E+02	
171	1.665901E+02	1.748701E+02	1.728941E+02	
172	1.687032E+02	1.754577E+02	1.752255E+02	
173	1.686868E+02	1.755258E+02	1.754460E+02	
174	1.684402E+02	1.760346E+02	1.759019E+02	
175	1.691448E+02	1.766635E+02	1.761003E+02	
176	1.690840E+02	1.778490E+02	1.761647E+02	
177	1.705913E+02	1.782126E+02	1.781374E+02	
178	1.706343E+02	1.781539E+02	1.783993E+02	
179	1.722950E+02	1.794149E+02	1.784968E+02	
180	1.724819E+02	1.784732E+02	1.782481E+02	
181	1.725218E+02	1.797284E+02	1.791288E+02	
182	1.747268E+02	1.803335E+02	1.799754E+02	
183	1.747527E+02	1.805028E+02	1.797770E+02	
184	1.772081E+02	1.804107E+02	1.823190E+02	
185	1.756535E+02	1.803968E+02	1.824707E+02	
186	1.770763E+02	1.819725E+02	1.820422E+02	
187	1.783292E+02	1.833040E+02	1.818441E+02	
188	1.792145E+02	1.827075E+02	1.829278E+02	
189	1.794835E+02	1.852146E+02	1.826595E+02	
190	1.822460E+02	1.862367E+02	1.841076E+02	
191	1.813537E+02	1.858573E+02	1.835118E+02	
192	1.828926E+02	1.861428E+02	1.838631E+02	
193	1.845115E+02	1.871178E+02	1.850488E+02	
194	1.835522E+02	1.874600E+02	1.851257E+02	
195	1.845237E+02	1.888248E+02	1.852593E+02	
196	1.863975E+02	1.887669E+02	1.875177E+02	
197	1.883877E+02	1.896599E+02	1.870771E+02	
198	1.863363E+02	1.910976E+02	1.876606E+02	
199	1.896784E+02	1.890021E+02	1.874471E+02	
200	1.903681E+02	1.911266E+02	1.888133E+02	
201	1.903766E+02	1.910841E+02	1.890215E+02	
202	1.934112E+02	1.912183E+02	1.887700E+02	
203	1.904466E+02	1.920652E+02	1.894600E+02	
204	1.930042E+02	1.918209E+02	1.897880E+02	
205	1.958428E+02	1.914778E+02	1.903272E+02	
206	1.964699E+02	1.945569E+02	1.898980E+02	
207	1.947810E+02	1.938812E+02	1.891707E+02	
208	1.955132E+02	1.938609E+02	1.914204E+02	
209	1.971091E+02	1.951341E+02	1.909366E+02	
210	1.996662E+02	1.953241E+02	1.911673E+02	
211	1.988241E+02	1.959506E+02	1.928939E+02	
212	2.021448E+02	1.953892E+02	1.929454E+02	
213	1.998259E+02	1.963246E+02	1.919906E+02	
214	1.984816E+02	1.971210E+02	1.932054E+02	
215	2.013248E+02	1.958592E+02	1.938765E+02	
216	2.024583E+02	1.970525E+02	1.931550E+02	
217	2.024751E+02	1.954345E+02	1.942770E+02	
218	2.031459E+02	1.964665E+02	1.935688E+02	
219	2.065802E+02	1.988562E+02	1.932057E+02	
220	2.052996E+02	1.972772E+02	1.949406E+02	
221	2.064940E+02	1.989033E+02	1.948743E+02	
222	2.094867E+02	1.969431E+02	1.953226E+02	
223	2.099802E+02	1.988108E+02	1.957725E+02	
224	2.090695E+02	1.981910E+02	1.953757E+02	
225	2.078737E+02	1.986160E+02	1.944052E+02	
226	2.069265E+02	1.988167E+02	1.955522E+02	
227	2.097629E+02	1.997052E+02	1.957754E+02	
228	2.126258E+02	1.987824E+02	1.960349E+02	
229	2.092543E+02	1.991504E+02	1.958305E+02	
230	2.141016E+02	1.984939E+02	1.953046E+02	
231	2.113422E+02	1.990911E+02	1.972878E+02	
232	2.157657E+02	1.971475E+02	1.961492E+02	
233	2.142332E+02	1.964844E+02	1.956031E+02	
234	2.131922E+02	1.976874E+02	1.970274E+02	
235	2.187234E+02	1.966333E+02	1.960175E+02	
236	2.141806E+02	1.975117E+02	1.963116E+02	
237	2.166061E+02	1.972989E+02	1.959281E+02	
238	2.121235E+02	1.967796E+02	1.960071E+02	
239	2.133930E+02	1.981064E+02	1.970880E+02	
240	2.168332E+02	1.979781E+02	1.956553E+02	
241	2.156671E+02	1.967353E+02	1.959832E+02	
242	2.207943E+02	1.982503E+02	1.962419E+02	
243	2.135922E+02	1.978728E+02	1.973327E+02	
244	2.195911E+02	1.975779E+02	1.962085E+02	
245	2.216756E+02	1.975833E+02	1.953061E+02	
246	2.203168E+02	1.956919E+02	1.946183E+02	
247	2.313530E+02	1.956544E+02	1.946634E+02	
248	2.268969E+02	1.970797E+02	1.940913E+02	
249	2.337623E+02	1.968326E+02	1.951210E+02	
250	2.278595E+02	1.955624E+02	1.933362E+02	
251	2.331008E+02	1.956666E+02	1.955783E+02	
252	2.272984E+02	1.947859E+02	1.952157E+02	
253	2.344946E+02	1.951832E+02	1.934395E+02	
254	2.177858E+02	1.953313E+02	1.939503E+02	
255	2.222255E+02	1.946601E+02	1.926707E+02	
256	2.192075E+02	1.928873E+02	1.928305E+02	
257	2.203677E+02	1.954438E+02	1.929165E+02	
258	2.247777E+02	1.956677E+02	1.944411E+02	
259	2.135498E+02	1.953121E+02	1.929979E+02	
260	2.118344E+02	1.955792E+02	1.937909E+02	
261	2.156951E+02	1.955337E+02	1.932200E+02	
262	2.061701E+02	1.954074E+02	1.950030E+02	
263	2.072584E+02	1.935759E+02	1.929183E+02	
264	2.074403E+02	1.954079E+02	1.947678E+02	
265	2.060506E+02	1.957169E+02	1.931734E+02	
266	2.097943E+02	1.942696E+02	1.929532E+02	
267	2.063767E+02	1.947764E+02	1.938863E+02	
268	2.081568E+02	1.938727E+02	1.939712E+02	
269	2.140175E+02	1.931833E+02	1.927981E+02	
270	1.991760E+02	1.945570E+02	1.935577E+02	
271	1.981813E+02	1.950287E+02	1.940621E+02	
272	2.047698E+02	1.930248E+02	1.934874E+02	
273	2.051790E+02	1.934651E+02	1.928635E+02	
274	2.044652E+02	1.952192E+02	1.920890E+02	
275	2.007196E+02	1.927252E+02	1.925380E+02	
276	1.952208E+02	1.931626E+02	1.922669E+02	
277	2.022091E+02	1.942735E+02	1.919020E+02	
278	1.970447E+02	1.939007E+02	1.925856E+02	
279	1.989398E+02	1.923154E+02	1.914928E+02	
280	2.002588E+02	1.923599E+02	1.912390E+02	
281	2.016322E+02	1.941162E+02	1.914783E+02	
282	1.983814E+02	1.944582E+02	1.911608E+02	
283	2.024984E+02	1.933565E+02	1.895353E+02	
284	1.976321E+02	1.939639E+02	1.918648E+02	
285	2.036841E+02	1.927896E+02	1.891917E+02	
286	1.924058E+02	1.919623E+02	1.900600E+02	
287	1.945789E+02	1.924752E+02	1.908984E+02	
288	1.943989E+02	1.927422E+02	1.896873E+02	
289	1.967752E+02	1.919710E+02	1.903693E+02	
290	1.873763E+02	1.919947E+02	1.904933E+02	
291	1.895817E+02	1.904997E+02	1.885087E+02	
292	1.834019E+02	1.919243E+02	1.900579E+02	
293	1.911123E+02	1.924873E+02	1.886787E+02	
294	1.865774E+02	1.929075E+02	1.901964E+02	
295	1.897683E+02	1.923986E+02	1.895873E+02	
296	1.918096E+02	1.909223E+02	1.895081E+02	
297	1.889163E+02	1.912854E+02	1.902575E+02	
298	1.843700E+02	1.921777E+02	1.898411E+02	
299	1.907036E+02	1.918196E+02	1.909294E+02	
300	1.855300E+02	1.925075E+02	1.894504E+02	
301	1.821316E+02	1.914694E+02	1.896916E+02	
302	1.800393E+02	1.902496E+02	1.883284E+02	
303	1.857940E+02	1.921420E+02	1.888654E+02	
304	1.828851E+02	1.923540E+02	1.885690E+02	
305	1.779715E+02	1.927888E+02	1.878712E+02	
306	1.871053E+02	1.920383E+02	1.886645E+02	
307	1.804407E+02	1.912275E+02	1.871949E+02	
308	1.797392E+02	1.910613E+02	1.885668E+02	
309	1.759865E+02	1.898364E+02	1.867503E+02	
310	1.807350E+02	1.905137E+02	1.871140E+02	
311	1.735261E+02	1.902918E+02	1.889694E+02	
312	1.863545E+02	1.896188E+02	1.875265E+02	
313	1.843511E+02	1.898520E+02	1.888515E+02	
314	1.782465E+02	1.888507E+02	1.883886E+02	
315	1.737107E+02	1.893859E+02	1.887691E+02	
316	1.749757E+02	1.883075E+02	1.894239E+02	
317	1.777885E+02	1.884224E+02	1.890229E+02	
318	1.731219E+02	1.885520E+02	1.885342E+02	
319	1.758418E+02	1.871489E+02	1.882871E+02	
320	1.780398E+02	1.871719E+02	1.889952E+02	
321	1.802206E+02	1.851131E+02	1.895007E+02	
322	1.809910E+02	1.875423E+02	1.889929E+02	
323	1.818043E+02	1.865664E+02	1.888239E+02	
324	1.765950E+02	1.879187E+02	1.901972E+02	
325	1.725571E+02	1.874452E+02	1.889042E+02	
326	1.871005E+02	1.870785E+02	1.891318E+02	
327	1.820029E+02	1.870663E+02	1.890497E+02	
328	1.920373E+02	1.873488E+02	1.886055E+02	
329	1.796275E+02	1.871476E+02	1.883284E+02	
330	1.825086E+02	1.875323E+02	1.897606E+02	
331	1.833525E+02	1.859675E+02	1.897852E+02	
332	1.784542E+02	1.869741E+02	1.893386E+02	
333	1.835601E+02	1.886046E+02	1.893465E+02	
334	1.818575E+02	1.857804E+02	1.896580E+02	
335	1.748206E+02	1.860767E+02	1.907788E+02	
336	1.764523E+02	1.866186E+02	1.883876E+02	
337	1.786209E+02	1.862220E+02	1.893350E+02	
338	1.693813E+02	1.867233E+02	1.896192E+02	
339	1.714947E+02	1.876897E+02	1.892678E+02	
340	1.744242E+02	1.870954E+02	1.885592E+02	
341	1.844299E+02	1.877691E+02	1.883879E+02	
342	1.772165E+02	1.878868E+02	1.891261E+02	
343	1.813318E+02	1.852468E+02	1.874425E+02	
344	1.722071E+02	1.875612E+02	1.885909E+02	
345	1.744241E+02	1.856175E+02	1.891563E+02	
346	1.738903E+02	1.882877E+02	1.884429E+02	
347	1.718708E+02	1.876370E+02	1.895870E+02	
348	1.662719E+02	1.866152E+02	1.882882E+02	
349	1.679236E+02	1.872002E+02	1.881827E+02	
350	1.652928E+02	1.871560E+02	1.882562E+02	
351	1.780826E+02	1.877969E+02	1.882195E+02	
352	1.749254E+02	1.850657E+02	1.886993E+02	
353	1.722586E+02	1.878432E+02	1.887836E+02	
354	1.756140E+02	1.886297E+02	1.885553E+02	
355	1.756186E+02	1.864400E+02	1.898760E+02	
356	1.740413E+02	1.871758E+02	1.886550E+02	
357	1.734097E+02	1.890540E+02	1.878897E+02	
358	1.586436E+02	1.889908E+02	1.880473E+02	
359	1.625772E+02	1.892755E+02	1.874864E+02	
360	1.770776E+02	1.885906E+02	1.891638E+02	
361	1.592367E+02	1.895290E+02	1.868120E+02	
362	1.712141E+02	1.882817E+02	1.892597E+02	
363	1.724958E+02	1.878859E+02	1.887604E+02	
364	1.702088E+02	1.896111E+02	1.879687E+02	
365	1.712806E+02	1.910409E+02	1.873044E+02	
366	1.759334E+02	1.905816E+02	1.883506E+02	
367	1.780282E+02	1.893491E+02	1.866911E+02	
368	1.727659E+02	1.900725E+02	1.882135E+02	
369	1.687467E+02	1.889892E+02	1.866783E+02	
370	1.724139E+02	1.893968E+02	1.861165E+02	
371	1.752612E+02	1.896995E+02	1.857527E+02	
372	1.701201E+02	1.874795E+02	1.865418E+02	
373	1.731256E+02	1.883169E+02	1.859547E+02	
374	1.752996E+02	1.885339E+02	1.864790E+02	
375	1.655015E+02	1.874605E+02	1.856144E+02	
376	1.646704E+02	1.869362E+02	1.851705E+02	
377	1.736344E+02	1.867231E+02	1.865870E+02	
378	1.626503E+02	1.871892E+02	1.867675E+02	
379	1.483521E+02	1.876423E+02	1.866307E+02	
380	1.639194E+02	1.892680E+02	1.867263E+02	
381	1.619209E+02	1.871942E+02	1.859042E+02	
382	1.595786E+02	1.880094E+02	1.859530E+02	
383	1.649882E+02	1.887947E+02	1.854330E+02	
384	1.570702E+02	1.882469E+02	1.863584E+02	
385	1.668286E+02	1.889785E+02	1.864331E+02	
386	1.660363E+02	1.892316E+02	1.864874E+02	
387	1.534422E+02	1.880443E+02	1.871876E+02	
388	1.696429E+02	1.897885E+02	1.874856E+02	
389	1.507931E+02	1.890693E+02	1.858197E+02	
390	1.498255E+02	1.882921E+02	1.844659E+02	
391	1.578216E+02	1.870994E+02	1.859315E+02	
392	1.535962E+02	1.891553E+02	1.864367E+02	
393	1.588347E+02	1.897887E+02	1.849577E+02	
394	1.517096E+02	1.886226E+02	1.868321E+02	
395	1.634202E+02	1.899878E+02	1.854510E+02	
396	1.567070E+02	1.890840E+02	1.846954E+02	
397	1.631238E+02	1.875326E+02	1.861021E+02	
398	1.620416E+02	1.898277E+02	1.883987E+02	
399	1.685199E+02	1.882179E+02	1.887938E+02	
400	1.638885E+02	1.903763E+02	1.872831E+02	
401	1.653743E+02	1.885706E+02	1.881191E+02	
402	1.722298E+02	1.875069E+02	1.898069E+02	
403	1.706700E+02	1.893620E+02	1.865629E+02	
404	1.685759E+02	1.894190E+02	1.881680E+02	
405	1.646343E+02	1.863261E+02	1.868184E+02	
406	1.741206E+02	1.868627E+02	1.872671E+02	
407	1.691407E+02	1.895321E+02	1.891311E+02	
408	1.742553E+02	1.892339E+02	1.877358E+02	
409	1.689179E+02	1.873211E+02	1.895639E+02	
410	1.655231E+02	1.889801E+02	1.875868E+02	
411	1.679264E+02	1.876184E+02	1.872736E+02	
412	1.643467E+02	1.881960E+02	1.866523E+02	
413	1.663271E+02	1.891268E+02	1.873511E+02	
414	1.624380E+02	1.876168E+02	1.861699E+02	
415	1.640419E+02	1.886721E+02	1.856062E+02	
416	1.553687E+02	1.862600E+02	1.874615E+02	
417	1.548315E+02	1.877228E+02	1.858336E+02	
418	1.639555E+02	1.866770E+02	1.859709E+02	
419	1.597755E+02	1.854373E+02	1.853095E+02	
420	1.656531E+02	1.874273E+02	1.836076E+02	
421	1.644055E+02	1.868561E+02	1.866813E+02	
422	1.867203E+02	1.866389E+02	1.856499E+02	
423	1.700136E+02	1.834504E+02	1.856141E+02	
424	1.736603E+02	1.852014E+02	1.842641E+02	
425	1.796173E+02	1.891890E+02	1.847874E+02	
426	1.831602E+02	1.860721E+02	1.848615E+02	
427	2.127071E+02	1.860072E+02	1.865114E+02	
428	1.732870E+02	1.864236E+02	1.850580E+02	
429	1.932859E+02	1.860736E+02	1.874098E+02	
430	1.922106E+02	1.885816E+02	1.847736E+02	
431	1.808627E+02	1.861296E+02	1.851470E+02	
432	2.006462E+02	1.857401E+02	1.861492E+02	
433	1.643471E+02	1.851504E+02	1.853974E+02	
434	1.864189E+02	1.875740E+02	1.839497E+02	
435	1.736879E+02	1.856204E+02	1.841129E+02	
436	1.747200E+02	1.868164E+02	1.855930E+02	
437	1.812044E+02	1.861531E+02	1.839213E+02	
438	1.836137E+02	1.891542E+02	1.843730E+02	
439	1.625166E+02	1.855056E+02	1.850362E+02	
440	1.823754E+02	1.878001E+02	1.827917E+02	
441	1.760743E+02	1.868339E+02	1.872027E+02	
442	1.693752E+02	1.859964E+02	1.804148E+02	
443	1.807281E+02	1.915871E+02	1.861123E+02	
444	1.788575E+02	1.873453E+02	1.829208E+02	
445	1.771825E+02	1.877142E+02	1.877900E+02	
446	2.004015E+02	1.859733E+02	1.850015E+02	
447	1.834368E+02	1.843631E+02	1.824195E+02	
448	1.924040E+02	1.876105E+02	1.852937E+02	
449	1.901714E+02	1.833713E+02	1.851274E+02	
450	1.860624E+02	1.868350E+02	1.835192E+02	
451	1.843567E+02	1.897656E+02	1.854362E+02	
452	1.866086E+02	1.861506E+02	1.872773E+02	
453	1.757966E+02	1.890800E+02	1.860928E+02	
454	1.808931E+02	1.835192E+02	1.874409E+02	
455	2.022022E+02	1.905431E+02	1.874895E+02	
456	1.554823E+02	1.853710E+02	1.880858E+02	
457	1.843566E+02	1.886311E+02	1.903247E+02	
458	1.601379E+02	1.873011E+02	1.852966E+02	
459	1.722742E+02	1.869097E+02	1.916260E+02	
460	1.691999E+02	1.928750E+02	1.904428E+02	
461	1.825667E+02	1.881477E+02	1.871254E+02	
462	1.746346E+02	1.908998E+02	1.979476E+02	
463	1.796770E+02	1.881476E+02	1.905533E+02	
464	1.726522E+02	1.919695E+02	1.930158E+02	
465	1.910308E+02	1.928290E+02	1.952049E+02	
466	2.087584E+02	1.901525E+02	1.932533E+02	
467	1.811687E+02	1.895188E+02	1.931370E+02	
468	2.047778E+02	1.945167E+02	1.945456E+02	
469	1.916362E+02	1.885246E+02	1.954672E+02	
470	2.031309E+02	1.883412E+02	1.925733E+02	
471	1.825441E+02	1.904183E+02	1.965593E+02	
472	2.075402E+02	1.894906E+02	1.836899E+02	
473	1.775331E+02	1.888288E+02	2.019133E+02	
474	2.102188E+02	1.896854E+02	1.876839E+02	
475	2.015682E+02	1.985574E+02	1.902937E+02	
476	1.953733E+02	1.840072E+02	1.959490E+02	
477	2.257104E+02	1.887353E+02	1.811907E+02	
478	1.597679E+02	1.947476E+02	1.928121E+02	
479	1.567034E+02	1.764116E+02	1.858385E+02	
480	2.061500E+02	1.863215E+02	1.902004E+02	
481	1.618665E+02	1.918562E+02	1.886721E+02	
482	1.883819E+02	1.816202E+02	1.987039E+02	
483	1.230633E+02	1.867134E+02	2.007203E+02	
484	2.329314E+02	1.999418E+02	1.849351E+02	
485	1.317518E+02	1.862975E+02	1.914125E+02	
486	1.578226E+02	2.025585E+02	1.820351E+02	
487	1.599083E+02	1.833697E+02	1.907635E+02	
488	7.543886E+01	1.996365E+02	1.887852E+02	
489	1.365536E+02	1.850191E+02	1.928660E+02	
490	1.099623E+02	1.853848E+02	1.915632E+02	
491	1.877069E+02	1.914295E+02	1.889905E+02	
492	2.279009E+02	1.780934E+02	1.905956E+02	
493	0.000000E+00	1.496858E+02	1.885127E+02	
494	2.102653E+02	1.838342E+02	1.899191E+02	
495	0.000000E+00	1.881089E+02	1.721518E+02	
496	1.976684E+02	1.887460E+02	1.878007E+02	
497	0.000000E+00	1.787087E+02	1.839434E+02	
498	1.976684E+02	1.920390E+02	1.754268E+02	
499	1.976684E+02	1.809446E+02	1.836041E+02	
500	0.000000E+00	0.000000E+00	0.000000E+00	
501	1.976684E+02	1.890986E+02	1.845077E+02	
502	0.000000E+00	0.000000E+00	0.000000E+00	
503	1.976684E+02	1.858882E+02	1.936157E+02	
504	0.000000E+00	0.000000E+00	0.000000E+00	
505	1.976684E+02	1.743205E+02	2.003959E+02	
506	0.000000E+00	2.301790E+02	2.247701E+02	
507	0.000000E+00	0.000000E+00	0.000000E+00	
508	1.976684E+02	1.818159E+02	2.132270E+02	
509	0.000000E+00	0.000000E+00	0.000000E+00	
510	0.000000E+00	1.909535E+02	2.109318E+02	
511	0.000000E+00	0.000000E+00	0.000000E+00	
512	0.000000E+00	1.977737E+02	1.951948E+02	
513	0.000000E+00	0.000000E+00	0.000000E+00	
514	0.000000E+00	0.000000E+00	0.000000E+00	
515	0.000000E+00	1.789236E+02	2.047700E+02	
516	0.000000E+00	0.000000E+00	0.000000E+00	
517	0.000000E+00	1.456697E+02	1.791518E+02	
518	0.000000E+00	0.000000E+00	0.000000E+00	
519	0.000000E+00	9.089901E+01	0.000000E+00	
520	0.000000E+00	0.000000E+00	0.000000E+00	
521	0.000000E+00	0.000000E+00	0.000000E+00	
522	0.000000E+00	0.000000E+00	0.000000E+00	
523	0.000000E+00	0.000000E+00	0.000000E+00	
524	0.000000E+00	0.000000E+00	0.000000E+00	
525	0.000000E+00	0.000000E+00	0.000000E+00	
526	0.000000E+00	0.000000E+00	0.000000E+00	
527	0.000000E+00	0.000000E+00	0.000000E+00	
528	0.000000E+00	0.000000E+00	0.000000E+00	
529	0.000000E+00	0.000000E+00	0.000000E+00	
530	0.000000E+00	0.000000E+00	0.000000E+00	
531	0.000000E+00	0.000000E+00	0.000000E+00	
532	0.000000E+00	0.000000E+00	0.000000E+00	
533	0.000000E+00	0.000000E+00	0.000000E+00	
534	0.000000E+00	0.000000E+00	0.000000E+00	
535	0.000000E+00	0.000000E+00	0.000000E+00	
536	0.000000E+00	0.000000E+00	0.000000E+00	
537	0.000000E+00	0.000000E+00	0.000000E+00	
538	0.000000E+00	0.000000E+00	0.000000E+00	
539	0.000000E+00	0.000000E+00	0.000000E+00	
540	0.000000E+00	0.000000E+00	0.000000E+00	
541	0.000000E+00	0.000000E+00	0.000000E+00	
542	0.000000E+00	0.000000E+00	0.000000E+00	
543	0.000000E+00	0.000000E+00	0.000000E+00	
544	0.000000E+00	0.000000E+00	0.000000E+00	
545	0.000000E+00	0.000000E+00	0.000000E+00	
546	0.000000E+00	0.000000E+00	0.000000E+00	
547	0.000000E+00	0.000000E+00	0.000000E+00	
548	0.000000E+00	0.000000E+00	0.000000E+00	
549	0.000000E+00	0.000000E+00	0.000000E+00	
550	0.000000E+00	0.000000E+00	0.000000E+00	
551	0.000000E+00	0.000000E+00	0.000000E+00	
552	0.000000E+00	0.000000E+00	0.000000E+00	
553	0.000000E+00	0.000000E+00	0.000000E+00	
554	0.000000E+00	0.000000E+00	0.000000E+00	
555	0.000000E+00	0.000000E+00	0.000000E+00	
556	0.000000E+00	0.000000E+00	0.000000E+00	
557	0.000000E+00	0.000000E+00	0.000000E+00	
558	0.000000E+00	0.000000E+00	0.000000E+00	
559	0.000000E+00	0.000000E+00	0.000000E+00	
560	0.000000E+00	0.000000E+00	0.000000E+00	
561	0.000000E+00	0.000000E+00	0.000000E+00	
562	0.000000E+00	0.000000E+00	0.000000E+00	
563	0.000000E+00	0.000000E+00	0.000000E+00	
564	0.000000E+00	0.000000E+00	0.000000E+00	
565	0.000000E+00	0.000000E+00	0.000000E+00	
566	0.000000E+00	0.000000E+00	0.000000E+00	
567	0.000000E+00	0.000000E+00	0.000000E+00	
568	0.000000E+00	0.000000E+00	0.000000E+00	
569	0.000000E+00	0.000000E+00	0.000000E+00	
570	0.000000E+00	0.000000E+00	0.000000E+00	
571	0.000000E+00	0.000000E+00	0.000000E+00	
572	0.000000E+00	0.000000E+00	0.000000E+00	
573	0.000000E+00	0.000000E+00	0.000000E+00	
574	0.000000E+00	0.000000E+00	0.000000E+00	
575	0.000000E+00	0.000000E+00	0.000000E+00	
576	0.000000E+00	0.000000E+00	0.000000E+00	
577	0.000000E+00	0.000000E+00	0.000000E+00	
578	0.000000E+00	0.000000E+00	0.000000E+00	
579	0.000000E+00	0.000000E+00	0.000000E+00	
580	0.000000E+00	0.000000E+00	0.000000E+00	
581	0.000000E+00	0.000000E+00	0.000000E+00	
582	0.000000E+00	0.000000E+00	0.000000E+00	
583	0.000000E+00	0.000000E+00	0.000000E+00	
584	0.000000E+00	0.000000E+00	0.000000E+00	
585	0.000000E+00	0.000000E+00	0.000000E+00	
586	0.000000E+00	0.000000E+00	0.000000E+00	
587	0.000000E+00	0.000000E+00	0.000000E+00	
588	0.000000E+00	0.000000E+00	0.000000E+00	
589	0.000000E+00	0.000000E+00	0.000000E+00	
590	0.000000E+00	0.000000E+00	0.000000E+00	
591	0.000000E+00	0.000000E+00	0.000000E+00	
592	0.000000E+00	0.000000E+00	0.000000E+00	
593	0.000000E+00	0.000000E+00	0.000000E+00	
594	0.000000E+00	0.000000E+00	0.000000E+00	
595	0.000000E+00	0.000000E+00	0.000000E+00	
596	0.000000E+00	0.000000E+00	0.000000E+00	
597	0.000000E+00	0.000000E+00	0.000000E+00	
598	0.000000E+00	0.000000E+00	0.000000E+00	
599	0.000000E+00	0.000000E+00	0.000000E+00	
#NewRun
