#COM_Bin	Rg_Squared
#Order is chain type
0	1.210656E+02	1.605283E+02	1.846976E+02	
1	0.000000E+00	0.000000E+00	0.000000E+00	
2	0.000000E+00	0.000000E+00	0.000000E+00	
3	0.000000E+00	0.000000E+00	0.000000E+00	
4	1.273540E+02	1.685220E+02	1.684673E+02	
5	1.230072E+02	1.687275E+02	1.708292E+02	
6	1.249951E+02	1.650167E+02	1.772275E+02	
7	0.000000E+00	0.000000E+00	0.000000E+00	
8	1.251958E+02	1.677265E+02	1.688548E+02	
9	1.238204E+02	1.696415E+02	1.681705E+02	
10	0.000000E+00	0.000000E+00	0.000000E+00	
11	1.244952E+02	1.684577E+02	1.740608E+02	
12	1.213977E+02	1.702796E+02	1.666086E+02	
13	1.241483E+02	1.710651E+02	1.647648E+02	
14	1.212329E+02	1.690679E+02	1.654229E+02	
15	0.000000E+00	0.000000E+00	0.000000E+00	
16	1.201756E+02	1.707199E+02	1.667697E+02	
17	1.199562E+02	1.698046E+02	1.657329E+02	
18	1.201053E+02	1.718460E+02	1.670131E+02	
19	1.191857E+02	1.692851E+02	1.721367E+02	
20	1.202065E+02	1.721850E+02	1.670800E+02	
21	1.203686E+02	1.698252E+02	1.679217E+02	
22	1.200096E+02	1.688841E+02	1.708069E+02	
23	1.213700E+02	1.730965E+02	1.684706E+02	
24	1.208303E+02	1.742408E+02	1.724291E+02	
25	1.203744E+02	1.722472E+02	1.702801E+02	
26	1.207875E+02	1.712333E+02	1.707400E+02	
27	1.211235E+02	1.707531E+02	1.701476E+02	
28	1.210644E+02	1.716245E+02	1.710405E+02	
29	1.210433E+02	1.702333E+02	1.694720E+02	
30	1.208123E+02	1.709493E+02	1.700794E+02	
31	1.202291E+02	1.691147E+02	1.720466E+02	
32	1.212564E+02	1.718318E+02	1.705506E+02	
33	1.203316E+02	1.705797E+02	1.705236E+02	
34	1.200593E+02	1.709478E+02	1.703065E+02	
35	1.206510E+02	1.701770E+02	1.703580E+02	
36	1.207165E+02	1.707602E+02	1.717752E+02	
37	1.205691E+02	1.696198E+02	1.707282E+02	
38	1.203497E+02	1.706188E+02	1.706111E+02	
39	1.210122E+02	1.698696E+02	1.695616E+02	
40	1.198946E+02	1.706854E+02	1.704790E+02	
41	1.204650E+02	1.685435E+02	1.700693E+02	
42	1.208102E+02	1.700316E+02	1.701824E+02	
43	1.201666E+02	1.691944E+02	1.687626E+02	
44	1.207718E+02	1.685441E+02	1.681680E+02	
45	1.201622E+02	1.691350E+02	1.676756E+02	
46	1.202466E+02	1.692909E+02	1.679860E+02	
47	1.201896E+02	1.671785E+02	1.684761E+02	
48	1.199918E+02	1.678498E+02	1.670595E+02	
49	1.194839E+02	1.685841E+02	1.676758E+02	
50	1.199030E+02	1.667403E+02	1.668610E+02	
51	1.201762E+02	1.674275E+02	1.674718E+02	
52	1.190088E+02	1.681459E+02	1.680525E+02	
53	1.191358E+02	1.679574E+02	1.679871E+02	
54	1.187879E+02	1.676079E+02	1.682941E+02	
55	1.187526E+02	1.672925E+02	1.676403E+02	
56	1.185374E+02	1.682452E+02	1.673182E+02	
57	1.188348E+02	1.670657E+02	1.677089E+02	
58	1.181352E+02	1.674163E+02	1.674076E+02	
59	1.181131E+02	1.666474E+02	1.676388E+02	
60	1.178129E+02	1.665219E+02	1.668626E+02	
61	1.175061E+02	1.669542E+02	1.676642E+02	
62	1.177468E+02	1.661584E+02	1.673190E+02	
63	1.176615E+02	1.668236E+02	1.679825E+02	
64	1.170556E+02	1.674015E+02	1.672884E+02	
65	1.170727E+02	1.669815E+02	1.678304E+02	
66	1.168666E+02	1.662271E+02	1.668781E+02	
67	1.169204E+02	1.666866E+02	1.673776E+02	
68	1.166399E+02	1.672087E+02	1.673719E+02	
69	1.166332E+02	1.667985E+02	1.671384E+02	
70	1.164492E+02	1.653578E+02	1.672917E+02	
71	1.165177E+02	1.658117E+02	1.666239E+02	
72	1.160436E+02	1.654257E+02	1.670149E+02	
73	1.162173E+02	1.652712E+02	1.663481E+02	
74	1.163690E+02	1.653330E+02	1.660830E+02	
75	1.159625E+02	1.655771E+02	1.664648E+02	
76	1.155910E+02	1.652663E+02	1.660036E+02	
77	1.153596E+02	1.656869E+02	1.662888E+02	
78	1.151592E+02	1.650934E+02	1.662033E+02	
79	1.149225E+02	1.653022E+02	1.658847E+02	
80	1.144081E+02	1.643500E+02	1.650913E+02	
81	1.145374E+02	1.646574E+02	1.656783E+02	
82	1.144766E+02	1.647741E+02	1.652807E+02	
83	1.142692E+02	1.652910E+02	1.647999E+02	
84	1.138227E+02	1.644380E+02	1.644589E+02	
85	1.138452E+02	1.648277E+02	1.650212E+02	
86	1.139526E+02	1.648322E+02	1.642277E+02	
87	1.138401E+02	1.650563E+02	1.647587E+02	
88	1.136427E+02	1.645859E+02	1.644494E+02	
89	1.136429E+02	1.640303E+02	1.645690E+02	
90	1.137507E+02	1.643614E+02	1.641795E+02	
91	1.132469E+02	1.646282E+02	1.641107E+02	
92	1.132758E+02	1.646692E+02	1.636554E+02	
93	1.132552E+02	1.648380E+02	1.641704E+02	
94	1.132146E+02	1.646100E+02	1.637717E+02	
95	1.130401E+02	1.646248E+02	1.640411E+02	
96	1.129631E+02	1.648976E+02	1.639817E+02	
97	1.130312E+02	1.652879E+02	1.635863E+02	
98	1.125893E+02	1.644756E+02	1.637795E+02	
99	1.127747E+02	1.647936E+02	1.633608E+02	
100	1.126152E+02	1.646514E+02	1.638256E+02	
101	1.124194E+02	1.648624E+02	1.636481E+02	
102	1.124381E+02	1.650587E+02	1.631631E+02	
103	1.120903E+02	1.650733E+02	1.631000E+02	
104	1.121284E+02	1.653908E+02	1.635489E+02	
105	1.120536E+02	1.652360E+02	1.629630E+02	
106	1.118552E+02	1.654692E+02	1.637941E+02	
107	1.118779E+02	1.650396E+02	1.635899E+02	
108	1.118701E+02	1.655955E+02	1.634989E+02	
109	1.116531E+02	1.654242E+02	1.629516E+02	
110	1.116192E+02	1.656209E+02	1.634296E+02	
111	1.114381E+02	1.649466E+02	1.631014E+02	
112	1.113850E+02	1.654045E+02	1.629796E+02	
113	1.115239E+02	1.658216E+02	1.632427E+02	
114	1.111322E+02	1.648181E+02	1.631818E+02	
115	1.112597E+02	1.653214E+02	1.633365E+02	
116	1.109098E+02	1.655368E+02	1.627066E+02	
117	1.109339E+02	1.647519E+02	1.631509E+02	
118	1.110049E+02	1.646420E+02	1.634676E+02	
119	1.109419E+02	1.654522E+02	1.629154E+02	
120	1.106644E+02	1.655955E+02	1.638429E+02	
121	1.108255E+02	1.654227E+02	1.634480E+02	
122	1.111016E+02	1.655282E+02	1.633861E+02	
123	1.109514E+02	1.649217E+02	1.643094E+02	
124	1.108616E+02	1.656380E+02	1.638067E+02	
125	1.110216E+02	1.655386E+02	1.639905E+02	
126	1.108888E+02	1.649754E+02	1.643621E+02	
127	1.109982E+02	1.652442E+02	1.641149E+02	
128	1.110334E+02	1.655559E+02	1.642424E+02	
129	1.109368E+02	1.654862E+02	1.643532E+02	
130	1.111071E+02	1.656921E+02	1.642623E+02	
131	1.111185E+02	1.652388E+02	1.641282E+02	
132	1.111689E+02	1.657171E+02	1.649226E+02	
133	1.113264E+02	1.648651E+02	1.643831E+02	
134	1.109906E+02	1.653363E+02	1.648369E+02	
135	1.110834E+02	1.654437E+02	1.641423E+02	
136	1.110321E+02	1.656111E+02	1.648745E+02	
137	1.109172E+02	1.650651E+02	1.651069E+02	
138	1.110519E+02	1.652955E+02	1.653950E+02	
139	1.113497E+02	1.656221E+02	1.648311E+02	
140	1.107885E+02	1.652349E+02	1.650958E+02	
141	1.112363E+02	1.658336E+02	1.650996E+02	
142	1.111025E+02	1.659447E+02	1.653304E+02	
143	1.114684E+02	1.660360E+02	1.656507E+02	
144	1.113997E+02	1.657540E+02	1.652217E+02	
145	1.110598E+02	1.659330E+02	1.655338E+02	
146	1.114191E+02	1.663068E+02	1.657748E+02	
147	1.116107E+02	1.670327E+02	1.654061E+02	
148	1.113925E+02	1.665904E+02	1.662190E+02	
149	1.115797E+02	1.664594E+02	1.662096E+02	
150	1.114749E+02	1.676235E+02	1.669846E+02	
151	1.114461E+02	1.676905E+02	1.666348E+02	
152	1.114372E+02	1.685543E+02	1.677961E+02	
153	1.119060E+02	1.688054E+02	1.673287E+02	
154	1.116944E+02	1.690514E+02	1.676130E+02	
155	1.120410E+02	1.681973E+02	1.673116E+02	
156	1.125056E+02	1.696761E+02	1.686636E+02	
157	1.123644E+02	1.694716E+02	1.687145E+02	
158	1.121032E+02	1.701570E+02	1.701396E+02	
159	1.126457E+02	1.704303E+02	1.689858E+02	
160	1.128007E+02	1.707359E+02	1.700585E+02	
161	1.130247E+02	1.716145E+02	1.715129E+02	
162	1.130958E+02	1.708165E+02	1.708340E+02	
163	1.128306E+02	1.719983E+02	1.709487E+02	
164	1.133333E+02	1.726333E+02	1.715904E+02	
165	1.131162E+02	1.721413E+02	1.715733E+02	
166	1.139179E+02	1.724159E+02	1.720145E+02	
167	1.137979E+02	1.728668E+02	1.723654E+02	
168	1.142405E+02	1.734059E+02	1.729346E+02	
169	1.138340E+02	1.727037E+02	1.731361E+02	
170	1.143992E+02	1.739189E+02	1.734192E+02	
171	1.146698E+02	1.739509E+02	1.739710E+02	
172	1.145974E+02	1.742369E+02	1.744977E+02	
173	1.151227E+02	1.760758E+02	1.748973E+02	
174	1.151299E+02	1.753702E+02	1.753538E+02	
175	1.154085E+02	1.759964E+02	1.757461E+02	
176	1.152109E+02	1.774338E+02	1.771212E+02	
177	1.159269E+02	1.770508E+02	1.767930E+02	
178	1.159976E+02	1.777386E+02	1.787133E+02	
179	1.169672E+02	1.784695E+02	1.775424E+02	
180	1.172894E+02	1.786454E+02	1.791493E+02	
181	1.170771E+02	1.795942E+02	1.797028E+02	
182	1.171578E+02	1.806747E+02	1.798572E+02	
183	1.172638E+02	1.809398E+02	1.806460E+02	
184	1.182957E+02	1.809292E+02	1.814929E+02	
185	1.178666E+02	1.820073E+02	1.816931E+02	
186	1.179379E+02	1.803814E+02	1.821803E+02	
187	1.186204E+02	1.822287E+02	1.825433E+02	
188	1.194028E+02	1.823075E+02	1.827459E+02	
189	1.204467E+02	1.829935E+02	1.839484E+02	
190	1.202093E+02	1.835216E+02	1.836147E+02	
191	1.215728E+02	1.834739E+02	1.837680E+02	
192	1.209848E+02	1.834667E+02	1.851239E+02	
193	1.223634E+02	1.845498E+02	1.857032E+02	
194	1.227846E+02	1.854438E+02	1.860830E+02	
195	1.221820E+02	1.856343E+02	1.872388E+02	
196	1.227628E+02	1.863050E+02	1.866732E+02	
197	1.237137E+02	1.870712E+02	1.873872E+02	
198	1.228367E+02	1.870568E+02	1.886337E+02	
199	1.240119E+02	1.878115E+02	1.884014E+02	
200	1.247167E+02	1.881005E+02	1.886262E+02	
201	1.252685E+02	1.882742E+02	1.890366E+02	
202	1.260143E+02	1.874573E+02	1.901878E+02	
203	1.271841E+02	1.889290E+02	1.913385E+02	
204	1.267407E+02	1.898005E+02	1.904766E+02	
205	1.281155E+02	1.890141E+02	1.906731E+02	
206	1.272320E+02	1.875928E+02	1.915682E+02	
207	1.278186E+02	1.891928E+02	1.906973E+02	
208	1.275404E+02	1.891347E+02	1.917780E+02	
209	1.289321E+02	1.895732E+02	1.904157E+02	
210	1.308907E+02	1.887779E+02	1.934492E+02	
211	1.283953E+02	1.891881E+02	1.930998E+02	
212	1.312494E+02	1.904993E+02	1.919145E+02	
213	1.307759E+02	1.917240E+02	1.922655E+02	
214	1.321681E+02	1.920239E+02	1.925266E+02	
215	1.317340E+02	1.918894E+02	1.936594E+02	
216	1.331313E+02	1.920502E+02	1.942323E+02	
217	1.336571E+02	1.931163E+02	1.929970E+02	
218	1.334804E+02	1.925437E+02	1.940799E+02	
219	1.349033E+02	1.927493E+02	1.949481E+02	
220	1.345426E+02	1.930583E+02	1.941972E+02	
221	1.350888E+02	1.928723E+02	1.952496E+02	
222	1.337155E+02	1.945982E+02	1.939796E+02	
223	1.337960E+02	1.922426E+02	1.952203E+02	
224	1.364218E+02	1.937826E+02	1.958850E+02	
225	1.351296E+02	1.945714E+02	1.964541E+02	
226	1.338117E+02	1.935041E+02	1.947034E+02	
227	1.380445E+02	1.932843E+02	1.962125E+02	
228	1.357562E+02	1.939616E+02	1.974213E+02	
229	1.344770E+02	1.926824E+02	1.965466E+02	
230	1.354309E+02	1.939308E+02	1.969281E+02	
231	1.368450E+02	1.940338E+02	1.972560E+02	
232	1.348416E+02	1.944562E+02	1.966656E+02	
233	1.333468E+02	1.920474E+02	1.970024E+02	
234	1.342423E+02	1.936148E+02	1.966418E+02	
235	1.341398E+02	1.951333E+02	1.965851E+02	
236	1.341622E+02	1.950874E+02	1.966806E+02	
237	1.341103E+02	1.939796E+02	1.965601E+02	
238	1.339022E+02	1.939138E+02	1.962576E+02	
239	1.316262E+02	1.941035E+02	1.955827E+02	
240	1.282962E+02	1.937178E+02	1.969644E+02	
241	1.315061E+02	1.933841E+02	1.966855E+02	
242	1.298619E+02	1.945632E+02	1.943261E+02	
243	1.277790E+02	1.931424E+02	1.963611E+02	
244	1.301882E+02	1.933500E+02	1.968730E+02	
245	1.286578E+02	1.930444E+02	1.962042E+02	
246	1.295240E+02	1.945184E+02	1.962339E+02	
247	1.266509E+02	1.933128E+02	1.951142E+02	
248	1.269935E+02	1.934026E+02	1.967720E+02	
249	1.255171E+02	1.940291E+02	1.956047E+02	
250	1.254578E+02	1.938213E+02	1.965058E+02	
251	1.286315E+02	1.920362E+02	1.954285E+02	
252	1.292176E+02	1.918510E+02	1.951091E+02	
253	1.260137E+02	1.927877E+02	1.954621E+02	
254	1.211681E+02	1.927868E+02	1.942190E+02	
255	1.210430E+02	1.925346E+02	1.970474E+02	
256	1.206985E+02	1.922775E+02	1.959146E+02	
257	1.205950E+02	1.917272E+02	1.943119E+02	
258	1.175726E+02	1.915613E+02	1.942045E+02	
259	1.168198E+02	1.902474E+02	1.933923E+02	
260	1.240814E+02	1.913289E+02	1.954169E+02	
261	1.212341E+02	1.909676E+02	1.961111E+02	
262	1.182650E+02	1.913484E+02	1.937256E+02	
263	1.185618E+02	1.903110E+02	1.958202E+02	
264	1.196143E+02	1.899640E+02	1.943580E+02	
265	1.218984E+02	1.904122E+02	1.945028E+02	
266	1.236631E+02	1.902525E+02	1.945510E+02	
267	1.252848E+02	1.892577E+02	1.943870E+02	
268	1.257934E+02	1.897249E+02	1.941264E+02	
269	1.222227E+02	1.915837E+02	1.939814E+02	
270	1.208133E+02	1.903552E+02	1.942215E+02	
271	1.207822E+02	1.896258E+02	1.938528E+02	
272	1.191771E+02	1.902307E+02	1.928857E+02	
273	1.233671E+02	1.913648E+02	1.942732E+02	
274	1.205031E+02	1.897103E+02	1.926161E+02	
275	1.198756E+02	1.911696E+02	1.927736E+02	
276	1.201404E+02	1.917158E+02	1.924099E+02	
277	1.189458E+02	1.906780E+02	1.935859E+02	
278	1.240559E+02	1.905487E+02	1.926395E+02	
279	1.221500E+02	1.898111E+02	1.925745E+02	
280	1.190977E+02	1.913708E+02	1.923015E+02	
281	1.196796E+02	1.917865E+02	1.915433E+02	
282	1.150646E+02	1.912273E+02	1.919189E+02	
283	1.183762E+02	1.913549E+02	1.903040E+02	
284	1.177221E+02	1.906808E+02	1.920313E+02	
285	1.150136E+02	1.905509E+02	1.907560E+02	
286	1.172363E+02	1.903798E+02	1.903462E+02	
287	1.171997E+02	1.900241E+02	1.902292E+02	
288	1.159963E+02	1.925207E+02	1.892219E+02	
289	1.197640E+02	1.914266E+02	1.899846E+02	
290	1.171799E+02	1.893742E+02	1.897978E+02	
291	1.184317E+02	1.903011E+02	1.894874E+02	
292	1.162474E+02	1.912911E+02	1.888082E+02	
293	1.196861E+02	1.893747E+02	1.903195E+02	
294	1.204653E+02	1.905027E+02	1.890382E+02	
295	1.169699E+02	1.905907E+02	1.897756E+02	
296	1.151763E+02	1.917524E+02	1.888862E+02	
297	1.157984E+02	1.912290E+02	1.906661E+02	
298	1.152648E+02	1.903688E+02	1.908409E+02	
299	1.147558E+02	1.904208E+02	1.891242E+02	
300	1.115600E+02	1.897648E+02	1.906205E+02	
301	1.217825E+02	1.896523E+02	1.890482E+02	
302	1.177165E+02	1.894263E+02	1.905235E+02	
303	1.157657E+02	1.902546E+02	1.894219E+02	
304	1.152873E+02	1.896330E+02	1.893500E+02	
305	1.144876E+02	1.906858E+02	1.899759E+02	
306	1.180232E+02	1.897274E+02	1.878218E+02	
307	1.165146E+02	1.900306E+02	1.887897E+02	
308	1.182470E+02	1.907887E+02	1.890811E+02	
309	1.156725E+02	1.903582E+02	1.891705E+02	
310	1.142680E+02	1.898100E+02	1.886108E+02	
311	1.148198E+02	1.903763E+02	1.879636E+02	
312	1.148072E+02	1.890305E+02	1.890996E+02	
313	1.088545E+02	1.892009E+02	1.902073E+02	
314	1.155037E+02	1.894427E+02	1.875011E+02	
315	1.130982E+02	1.889120E+02	1.888061E+02	
316	1.111095E+02	1.880886E+02	1.885031E+02	
317	1.139464E+02	1.891913E+02	1.879501E+02	
318	1.090026E+02	1.901622E+02	1.895349E+02	
319	1.085519E+02	1.889123E+02	1.889308E+02	
320	1.100001E+02	1.896963E+02	1.888578E+02	
321	1.137073E+02	1.887611E+02	1.880611E+02	
322	1.136907E+02	1.886928E+02	1.881495E+02	
323	1.103060E+02	1.879231E+02	1.883309E+02	
324	1.129153E+02	1.885036E+02	1.885165E+02	
325	1.096506E+02	1.889146E+02	1.882325E+02	
326	1.139739E+02	1.880066E+02	1.882191E+02	
327	1.090369E+02	1.875256E+02	1.889791E+02	
328	1.091666E+02	1.875890E+02	1.875496E+02	
329	1.099061E+02	1.861676E+02	1.884761E+02	
330	1.134755E+02	1.886731E+02	1.885381E+02	
331	1.145751E+02	1.863779E+02	1.890327E+02	
332	1.163666E+02	1.876630E+02	1.892133E+02	
333	1.134534E+02	1.876905E+02	1.882452E+02	
334	1.156396E+02	1.874955E+02	1.893724E+02	
335	1.170483E+02	1.885083E+02	1.878706E+02	
336	1.144000E+02	1.877696E+02	1.882134E+02	
337	1.181030E+02	1.877865E+02	1.881376E+02	
338	1.204625E+02	1.877728E+02	1.886464E+02	
339	1.213255E+02	1.880292E+02	1.871923E+02	
340	1.214132E+02	1.870466E+02	1.875305E+02	
341	1.198190E+02	1.875930E+02	1.879077E+02	
342	1.199183E+02	1.874576E+02	1.882322E+02	
343	1.224829E+02	1.880373E+02	1.874834E+02	
344	1.211940E+02	1.868807E+02	1.886148E+02	
345	1.199930E+02	1.877945E+02	1.883093E+02	
346	1.194696E+02	1.878365E+02	1.895933E+02	
347	1.159082E+02	1.867162E+02	1.893124E+02	
348	1.189083E+02	1.879270E+02	1.873996E+02	
349	1.129780E+02	1.868380E+02	1.883293E+02	
350	1.174019E+02	1.883011E+02	1.870815E+02	
351	1.170083E+02	1.867354E+02	1.876053E+02	
352	1.191617E+02	1.863334E+02	1.877766E+02	
353	1.180080E+02	1.867522E+02	1.880270E+02	
354	1.204967E+02	1.876491E+02	1.870390E+02	
355	1.139653E+02	1.869924E+02	1.883228E+02	
356	1.169000E+02	1.869172E+02	1.876360E+02	
357	1.151377E+02	1.879940E+02	1.882183E+02	
358	1.204146E+02	1.861787E+02	1.881960E+02	
359	1.138887E+02	1.887143E+02	1.867554E+02	
360	1.147100E+02	1.869576E+02	1.881973E+02	
361	1.206061E+02	1.876870E+02	1.868278E+02	
362	1.150292E+02	1.867221E+02	1.865563E+02	
363	1.173435E+02	1.877073E+02	1.874719E+02	
364	1.196170E+02	1.868763E+02	1.871799E+02	
365	1.134247E+02	1.868153E+02	1.847869E+02	
366	1.211880E+02	1.882128E+02	1.867371E+02	
367	1.176607E+02	1.877872E+02	1.853254E+02	
368	1.188443E+02	1.855735E+02	1.847668E+02	
369	1.195239E+02	1.867851E+02	1.877248E+02	
370	1.127839E+02	1.866930E+02	1.862108E+02	
371	1.155486E+02	1.871263E+02	1.864681E+02	
372	1.185463E+02	1.872792E+02	1.859000E+02	
373	1.137021E+02	1.862351E+02	1.861299E+02	
374	1.181242E+02	1.858402E+02	1.848671E+02	
375	1.140844E+02	1.854710E+02	1.864566E+02	
376	1.148322E+02	1.860209E+02	1.858821E+02	
377	1.180578E+02	1.856893E+02	1.857973E+02	
378	1.180151E+02	1.862121E+02	1.840188E+02	
379	1.120805E+02	1.849979E+02	1.847832E+02	
380	1.103385E+02	1.848767E+02	1.828769E+02	
381	1.094488E+02	1.861355E+02	1.848048E+02	
382	1.121836E+02	1.841738E+02	1.843182E+02	
383	1.137516E+02	1.850992E+02	1.842315E+02	
384	1.137363E+02	1.845835E+02	1.847766E+02	
385	1.100961E+02	1.855783E+02	1.843231E+02	
386	1.149268E+02	1.835809E+02	1.848557E+02	
387	1.107271E+02	1.839678E+02	1.861637E+02	
388	1.115397E+02	1.840351E+02	1.858148E+02	
389	1.123439E+02	1.843406E+02	1.862784E+02	
390	1.133621E+02	1.855560E+02	1.848351E+02	
391	1.080183E+02	1.859145E+02	1.856856E+02	
392	1.067434E+02	1.851336E+02	1.853305E+02	
393	1.113719E+02	1.849231E+02	1.860084E+02	
394	1.057004E+02	1.847780E+02	1.836571E+02	
395	1.083357E+02	1.837934E+02	1.862836E+02	
396	1.108103E+02	1.844245E+02	1.860266E+02	
397	1.055381E+02	1.851100E+02	1.887738E+02	
398	1.108695E+02	1.861987E+02	1.864476E+02	
399	1.044060E+02	1.839395E+02	1.863215E+02	
400	1.058370E+02	1.849315E+02	1.874064E+02	
401	1.087215E+02	1.866448E+02	1.858290E+02	
402	1.051030E+02	1.855367E+02	1.871660E+02	
403	1.047697E+02	1.882205E+02	1.873693E+02	
404	1.095297E+02	1.870337E+02	1.868390E+02	
405	1.079616E+02	1.858760E+02	1.863995E+02	
406	1.063152E+02	1.846220E+02	1.877761E+02	
407	1.079874E+02	1.846476E+02	1.862312E+02	
408	1.053819E+02	1.865618E+02	1.864027E+02	
409	1.082343E+02	1.866468E+02	1.874166E+02	
410	9.952615E+01	1.840718E+02	1.857498E+02	
411	1.101245E+02	1.849171E+02	1.855529E+02	
412	1.104834E+02	1.848948E+02	1.853322E+02	
413	1.050665E+02	1.863032E+02	1.859075E+02	
414	1.130753E+02	1.862269E+02	1.865061E+02	
415	1.042160E+02	1.841135E+02	1.872410E+02	
416	1.072142E+02	1.870703E+02	1.846962E+02	
417	1.024970E+02	1.866114E+02	1.862674E+02	
418	1.085074E+02	1.863575E+02	1.835922E+02	
419	1.032249E+02	1.866762E+02	1.853452E+02	
420	9.811542E+01	1.869708E+02	1.867273E+02	
421	1.049419E+02	1.857223E+02	1.845899E+02	
422	1.076594E+02	1.874311E+02	1.830170E+02	
423	1.066576E+02	1.864540E+02	1.843270E+02	
424	1.028039E+02	1.852096E+02	1.807711E+02	
425	1.081591E+02	1.830960E+02	1.832771E+02	
426	1.084091E+02	1.871137E+02	1.847388E+02	
427	1.040736E+02	1.842757E+02	1.855056E+02	
428	1.071192E+02	1.861621E+02	1.844470E+02	
429	1.066094E+02	1.821605E+02	1.833082E+02	
430	1.036743E+02	1.827888E+02	1.859739E+02	
431	1.089633E+02	1.830523E+02	1.838404E+02	
432	9.846120E+01	1.822753E+02	1.861537E+02	
433	1.009376E+02	1.849403E+02	1.847431E+02	
434	9.855467E+01	1.808690E+02	1.862186E+02	
435	9.051857E+01	1.847584E+02	1.882913E+02	
436	9.686749E+01	1.824322E+02	1.855409E+02	
437	9.571069E+01	1.842140E+02	1.837716E+02	
438	9.992154E+01	1.836070E+02	1.830346E+02	
439	9.403514E+01	1.852520E+02	1.831281E+02	
440	8.930306E+01	1.850849E+02	1.832850E+02	
441	9.893893E+01	1.822194E+02	1.855177E+02	
442	9.532249E+01	1.843961E+02	1.873100E+02	
443	1.018863E+02	1.829305E+02	1.842230E+02	
444	9.783856E+01	1.837184E+02	1.826961E+02	
445	1.044508E+02	1.822606E+02	1.864189E+02	
446	9.649464E+01	1.851425E+02	1.853530E+02	
447	9.234181E+01	1.849572E+02	1.881500E+02	
448	1.031670E+02	1.851555E+02	1.861557E+02	
449	9.056904E+01	1.827348E+02	1.867664E+02	
450	8.892345E+01	1.840725E+02	1.880319E+02	
451	9.125289E+01	1.877616E+02	1.852289E+02	
452	9.690551E+01	1.833948E+02	1.841641E+02	
453	9.404397E+01	1.832887E+02	1.817831E+02	
454	9.983380E+01	1.840411E+02	1.867305E+02	
455	9.450720E+01	1.827767E+02	1.788726E+02	
456	8.777006E+01	1.879421E+02	1.862508E+02	
457	8.778445E+01	1.863430E+02	1.861013E+02	
458	8.192160E+01	1.858651E+02	1.837581E+02	
459	8.904334E+01	1.893687E+02	1.915286E+02	
460	7.963681E+01	1.887258E+02	1.826857E+02	
461	8.536087E+01	1.853302E+02	1.956949E+02	
462	8.622487E+01	1.849406E+02	1.845502E+02	
463	8.222276E+01	1.844376E+02	1.874214E+02	
464	8.939204E+01	1.807688E+02	1.845074E+02	
465	7.809288E+01	1.792025E+02	1.834697E+02	
466	8.468420E+01	1.820683E+02	1.851790E+02	
467	9.263142E+01	1.805216E+02	1.834368E+02	
468	8.231891E+01	1.796705E+02	1.886242E+02	
469	8.407525E+01	1.797645E+02	1.820505E+02	
470	8.846075E+01	1.859532E+02	1.934306E+02	
471	7.998993E+01	1.784798E+02	1.846284E+02	
472	9.445486E+01	1.855279E+02	1.876729E+02	
473	8.028158E+01	1.826054E+02	1.865876E+02	
474	8.696601E+01	1.839203E+02	1.953288E+02	
475	8.194635E+01	1.775056E+02	1.846823E+02	
476	7.730747E+01	1.840449E+02	1.906419E+02	
477	9.186342E+01	1.830816E+02	1.828142E+02	
478	7.376464E+01	1.781786E+02	1.872658E+02	
479	7.661988E+01	1.877797E+02	1.892096E+02	
480	7.541807E+01	1.784059E+02	1.847915E+02	
481	6.480623E+01	1.907484E+02	1.912013E+02	
482	7.041753E+01	1.764384E+02	1.850638E+02	
483	8.616314E+01	1.783817E+02	1.870655E+02	
484	7.885603E+01	1.728235E+02	1.817182E+02	
485	6.962032E+01	1.763061E+02	1.929574E+02	
486	0.000000E+00	1.827306E+02	1.970713E+02	
487	7.867561E+01	1.811750E+02	1.956878E+02	
488	7.600310E+01	1.904053E+02	1.902520E+02	
489	5.336222E+01	1.741922E+02	1.937770E+02	
490	7.600310E+01	1.783237E+02	1.961088E+02	
491	3.725085E+01	1.828585E+02	1.859007E+02	
492	5.641458E+01	1.834104E+02	1.874000E+02	
493	0.000000E+00	2.055358E+02	1.961999E+02	
494	0.000000E+00	1.811362E+02	1.939009E+02	
495	0.000000E+00	1.822209E+02	1.982614E+02	
496	0.000000E+00	1.840052E+02	1.912894E+02	
497	0.000000E+00	1.751663E+02	2.175782E+02	
498	0.000000E+00	1.853935E+02	1.892116E+02	
499	0.000000E+00	1.807211E+02	1.900877E+02	
500	0.000000E+00	0.000000E+00	0.000000E+00	
501	0.000000E+00	1.786616E+02	1.872698E+02	
502	0.000000E+00	0.000000E+00	0.000000E+00	
503	0.000000E+00	1.855976E+02	1.874610E+02	
504	0.000000E+00	0.000000E+00	0.000000E+00	
505	0.000000E+00	1.961660E+02	1.805410E+02	
506	0.000000E+00	1.554304E+02	1.864346E+02	
507	0.000000E+00	0.000000E+00	0.000000E+00	
508	0.000000E+00	1.884593E+02	1.902704E+02	
509	0.000000E+00	0.000000E+00	0.000000E+00	
510	0.000000E+00	1.932507E+02	1.848639E+02	
511	0.000000E+00	0.000000E+00	0.000000E+00	
512	0.000000E+00	2.037269E+02	1.630242E+02	
513	0.000000E+00	0.000000E+00	0.000000E+00	
514	0.000000E+00	0.000000E+00	0.000000E+00	
515	0.000000E+00	1.915171E+02	1.546837E+02	
516	0.000000E+00	0.000000E+00	0.000000E+00	
517	0.000000E+00	2.053885E+02	1.267452E+02	
518	0.000000E+00	0.000000E+00	0.000000E+00	
519	0.000000E+00	8.799440E+01	1.559377E+02	
520	0.000000E+00	0.000000E+00	0.000000E+00	
521	0.000000E+00	0.000000E+00	0.000000E+00	
522	0.000000E+00	0.000000E+00	0.000000E+00	
523	0.000000E+00	0.000000E+00	0.000000E+00	
524	0.000000E+00	0.000000E+00	0.000000E+00	
525	0.000000E+00	0.000000E+00	0.000000E+00	
526	0.000000E+00	0.000000E+00	0.000000E+00	
527	0.000000E+00	0.000000E+00	0.000000E+00	
528	0.000000E+00	0.000000E+00	0.000000E+00	
529	0.000000E+00	0.000000E+00	0.000000E+00	
530	0.000000E+00	0.000000E+00	0.000000E+00	
531	0.000000E+00	0.000000E+00	0.000000E+00	
532	0.000000E+00	0.000000E+00	0.000000E+00	
533	0.000000E+00	0.000000E+00	0.000000E+00	
534	0.000000E+00	0.000000E+00	0.000000E+00	
535	0.000000E+00	0.000000E+00	0.000000E+00	
536	0.000000E+00	0.000000E+00	0.000000E+00	
537	0.000000E+00	0.000000E+00	0.000000E+00	
538	0.000000E+00	0.000000E+00	0.000000E+00	
539	0.000000E+00	0.000000E+00	0.000000E+00	
540	0.000000E+00	0.000000E+00	0.000000E+00	
541	0.000000E+00	0.000000E+00	0.000000E+00	
542	0.000000E+00	0.000000E+00	0.000000E+00	
543	0.000000E+00	0.000000E+00	0.000000E+00	
544	0.000000E+00	0.000000E+00	0.000000E+00	
545	0.000000E+00	0.000000E+00	0.000000E+00	
546	0.000000E+00	0.000000E+00	0.000000E+00	
547	0.000000E+00	0.000000E+00	0.000000E+00	
548	0.000000E+00	0.000000E+00	0.000000E+00	
549	0.000000E+00	0.000000E+00	0.000000E+00	
550	0.000000E+00	0.000000E+00	0.000000E+00	
551	0.000000E+00	0.000000E+00	0.000000E+00	
552	0.000000E+00	0.000000E+00	0.000000E+00	
553	0.000000E+00	0.000000E+00	0.000000E+00	
554	0.000000E+00	0.000000E+00	0.000000E+00	
555	0.000000E+00	0.000000E+00	0.000000E+00	
556	0.000000E+00	0.000000E+00	0.000000E+00	
557	0.000000E+00	0.000000E+00	0.000000E+00	
558	0.000000E+00	0.000000E+00	0.000000E+00	
559	0.000000E+00	0.000000E+00	0.000000E+00	
560	0.000000E+00	0.000000E+00	0.000000E+00	
561	0.000000E+00	0.000000E+00	0.000000E+00	
562	0.000000E+00	0.000000E+00	0.000000E+00	
563	0.000000E+00	0.000000E+00	0.000000E+00	
564	0.000000E+00	0.000000E+00	0.000000E+00	
565	0.000000E+00	0.000000E+00	0.000000E+00	
566	0.000000E+00	0.000000E+00	0.000000E+00	
567	0.000000E+00	0.000000E+00	0.000000E+00	
568	0.000000E+00	0.000000E+00	0.000000E+00	
569	0.000000E+00	0.000000E+00	0.000000E+00	
570	0.000000E+00	0.000000E+00	0.000000E+00	
571	0.000000E+00	0.000000E+00	0.000000E+00	
572	0.000000E+00	0.000000E+00	0.000000E+00	
573	0.000000E+00	0.000000E+00	0.000000E+00	
574	0.000000E+00	0.000000E+00	0.000000E+00	
575	0.000000E+00	0.000000E+00	0.000000E+00	
576	0.000000E+00	0.000000E+00	0.000000E+00	
577	0.000000E+00	0.000000E+00	0.000000E+00	
578	0.000000E+00	0.000000E+00	0.000000E+00	
579	0.000000E+00	0.000000E+00	0.000000E+00	
580	0.000000E+00	0.000000E+00	0.000000E+00	
581	0.000000E+00	0.000000E+00	0.000000E+00	
582	0.000000E+00	0.000000E+00	0.000000E+00	
583	0.000000E+00	0.000000E+00	0.000000E+00	
584	0.000000E+00	0.000000E+00	0.000000E+00	
585	0.000000E+00	0.000000E+00	0.000000E+00	
586	0.000000E+00	0.000000E+00	0.000000E+00	
587	0.000000E+00	0.000000E+00	0.000000E+00	
588	0.000000E+00	0.000000E+00	0.000000E+00	
589	0.000000E+00	0.000000E+00	0.000000E+00	
590	0.000000E+00	0.000000E+00	0.000000E+00	
591	0.000000E+00	0.000000E+00	0.000000E+00	
592	0.000000E+00	0.000000E+00	0.000000E+00	
593	0.000000E+00	0.000000E+00	0.000000E+00	
594	0.000000E+00	0.000000E+00	0.000000E+00	
595	0.000000E+00	0.000000E+00	0.000000E+00	
596	0.000000E+00	0.000000E+00	0.000000E+00	
597	0.000000E+00	0.000000E+00	0.000000E+00	
598	0.000000E+00	0.000000E+00	0.000000E+00	
599	0.000000E+00	0.000000E+00	0.000000E+00	
#NewRun
0	1.227971E+02	1.682628E+02	1.894042E+02	
1	0.000000E+00	0.000000E+00	0.000000E+00	
2	0.000000E+00	0.000000E+00	0.000000E+00	
3	0.000000E+00	0.000000E+00	0.000000E+00	
4	1.201889E+02	1.778618E+02	1.784344E+02	
5	1.213258E+02	1.783326E+02	1.842942E+02	
6	1.193466E+02	1.742302E+02	1.859308E+02	
7	0.000000E+00	0.000000E+00	0.000000E+00	
8	1.201142E+02	1.810201E+02	1.828096E+02	
9	1.240035E+02	1.803741E+02	1.834946E+02	
10	0.000000E+00	0.000000E+00	0.000000E+00	
11	1.245329E+02	1.754610E+02	1.822191E+02	
12	1.228203E+02	1.812137E+02	1.810827E+02	
13	1.243195E+02	1.761792E+02	1.832183E+02	
14	1.223191E+02	1.827748E+02	1.775645E+02	
15	0.000000E+00	0.000000E+00	0.000000E+00	
16	1.236420E+02	1.794431E+02	1.749556E+02	
17	1.220295E+02	1.788910E+02	1.754433E+02	
18	1.227717E+02	1.808957E+02	1.725643E+02	
19	1.235475E+02	1.817979E+02	1.709396E+02	
20	1.229257E+02	1.779627E+02	1.705358E+02	
21	1.225434E+02	1.776688E+02	1.718428E+02	
22	1.227632E+02	1.780389E+02	1.702055E+02	
23	1.223217E+02	1.776739E+02	1.704873E+02	
24	1.222399E+02	1.777026E+02	1.706949E+02	
25	1.213526E+02	1.778309E+02	1.686201E+02	
26	1.217543E+02	1.782564E+02	1.705113E+02	
27	1.216922E+02	1.756433E+02	1.672500E+02	
28	1.205171E+02	1.785213E+02	1.679806E+02	
29	1.206505E+02	1.785337E+02	1.696196E+02	
30	1.206093E+02	1.779335E+02	1.677580E+02	
31	1.191509E+02	1.766168E+02	1.700548E+02	
32	1.193709E+02	1.778772E+02	1.687182E+02	
33	1.198713E+02	1.768185E+02	1.681486E+02	
34	1.196791E+02	1.775378E+02	1.708765E+02	
35	1.200149E+02	1.786243E+02	1.678103E+02	
36	1.195254E+02	1.777670E+02	1.688997E+02	
37	1.189146E+02	1.764957E+02	1.687241E+02	
38	1.201290E+02	1.750018E+02	1.682396E+02	
39	1.194593E+02	1.779657E+02	1.687216E+02	
40	1.194758E+02	1.768222E+02	1.702392E+02	
41	1.194104E+02	1.761547E+02	1.700758E+02	
42	1.191432E+02	1.764211E+02	1.699972E+02	
43	1.194812E+02	1.777373E+02	1.704174E+02	
44	1.188451E+02	1.770787E+02	1.694327E+02	
45	1.193322E+02	1.785234E+02	1.703883E+02	
46	1.190175E+02	1.768446E+02	1.686004E+02	
47	1.192645E+02	1.764775E+02	1.703735E+02	
48	1.186097E+02	1.779826E+02	1.705749E+02	
49	1.182546E+02	1.780538E+02	1.693442E+02	
50	1.186218E+02	1.771781E+02	1.698774E+02	
51	1.183437E+02	1.765024E+02	1.710837E+02	
52	1.185017E+02	1.765150E+02	1.687809E+02	
53	1.183104E+02	1.772091E+02	1.683168E+02	
54	1.183197E+02	1.765319E+02	1.693509E+02	
55	1.182440E+02	1.753106E+02	1.681910E+02	
56	1.174870E+02	1.757512E+02	1.668692E+02	
57	1.179778E+02	1.757721E+02	1.675012E+02	
58	1.174043E+02	1.756662E+02	1.674691E+02	
59	1.175304E+02	1.757868E+02	1.663741E+02	
60	1.175811E+02	1.743405E+02	1.657652E+02	
61	1.172879E+02	1.744977E+02	1.655397E+02	
62	1.174212E+02	1.746001E+02	1.659726E+02	
63	1.168471E+02	1.740123E+02	1.657349E+02	
64	1.167368E+02	1.727310E+02	1.655759E+02	
65	1.163611E+02	1.737437E+02	1.654243E+02	
66	1.163427E+02	1.731779E+02	1.642259E+02	
67	1.165884E+02	1.733629E+02	1.656175E+02	
68	1.158723E+02	1.722195E+02	1.645631E+02	
69	1.157499E+02	1.713016E+02	1.650790E+02	
70	1.157159E+02	1.722944E+02	1.651196E+02	
71	1.155683E+02	1.716237E+02	1.641413E+02	
72	1.154597E+02	1.702048E+02	1.648304E+02	
73	1.151185E+02	1.703700E+02	1.643156E+02	
74	1.149804E+02	1.704141E+02	1.651047E+02	
75	1.147909E+02	1.703021E+02	1.635189E+02	
76	1.150685E+02	1.693676E+02	1.644486E+02	
77	1.148939E+02	1.692457E+02	1.637384E+02	
78	1.149443E+02	1.687597E+02	1.647408E+02	
79	1.145535E+02	1.696286E+02	1.640661E+02	
80	1.142729E+02	1.696165E+02	1.637252E+02	
81	1.143743E+02	1.688256E+02	1.643150E+02	
82	1.143221E+02	1.692141E+02	1.639654E+02	
83	1.145032E+02	1.685253E+02	1.638641E+02	
84	1.139918E+02	1.687867E+02	1.631708E+02	
85	1.138222E+02	1.691913E+02	1.635848E+02	
86	1.139988E+02	1.693607E+02	1.632036E+02	
87	1.137289E+02	1.684394E+02	1.624747E+02	
88	1.135757E+02	1.681731E+02	1.627869E+02	
89	1.133455E+02	1.682688E+02	1.624034E+02	
90	1.136602E+02	1.680562E+02	1.622016E+02	
91	1.127037E+02	1.686742E+02	1.622877E+02	
92	1.133013E+02	1.685226E+02	1.626796E+02	
93	1.130752E+02	1.676199E+02	1.619248E+02	
94	1.127776E+02	1.677631E+02	1.622478E+02	
95	1.125733E+02	1.678413E+02	1.621471E+02	
96	1.127200E+02	1.676715E+02	1.620239E+02	
97	1.125549E+02	1.669676E+02	1.620778E+02	
98	1.123850E+02	1.667189E+02	1.619586E+02	
99	1.120606E+02	1.666669E+02	1.623070E+02	
100	1.123218E+02	1.668351E+02	1.624234E+02	
101	1.124321E+02	1.667386E+02	1.625476E+02	
102	1.116977E+02	1.666244E+02	1.629754E+02	
103	1.120649E+02	1.665986E+02	1.627140E+02	
104	1.122574E+02	1.662377E+02	1.627716E+02	
105	1.119650E+02	1.667265E+02	1.628902E+02	
106	1.118162E+02	1.664147E+02	1.633742E+02	
107	1.120038E+02	1.661334E+02	1.627448E+02	
108	1.119034E+02	1.664124E+02	1.627141E+02	
109	1.119022E+02	1.665030E+02	1.630545E+02	
110	1.112783E+02	1.664309E+02	1.626427E+02	
111	1.116082E+02	1.664592E+02	1.625941E+02	
112	1.115867E+02	1.663145E+02	1.629139E+02	
113	1.114422E+02	1.660127E+02	1.630852E+02	
114	1.111992E+02	1.656697E+02	1.626721E+02	
115	1.112407E+02	1.662119E+02	1.633640E+02	
116	1.110633E+02	1.659765E+02	1.636020E+02	
117	1.113485E+02	1.665074E+02	1.635480E+02	
118	1.112750E+02	1.656477E+02	1.628994E+02	
119	1.108984E+02	1.664666E+02	1.632065E+02	
120	1.112319E+02	1.658920E+02	1.633912E+02	
121	1.110802E+02	1.667377E+02	1.635440E+02	
122	1.107570E+02	1.660788E+02	1.630079E+02	
123	1.108459E+02	1.662122E+02	1.634245E+02	
124	1.111317E+02	1.667922E+02	1.637364E+02	
125	1.107630E+02	1.668485E+02	1.636817E+02	
126	1.109658E+02	1.669096E+02	1.635366E+02	
127	1.109197E+02	1.659724E+02	1.634754E+02	
128	1.109675E+02	1.667079E+02	1.639128E+02	
129	1.107362E+02	1.669176E+02	1.640220E+02	
130	1.107350E+02	1.667443E+02	1.641659E+02	
131	1.109610E+02	1.665595E+02	1.639822E+02	
132	1.107603E+02	1.674289E+02	1.647512E+02	
133	1.109301E+02	1.672879E+02	1.648232E+02	
134	1.109284E+02	1.671744E+02	1.648315E+02	
135	1.109274E+02	1.670688E+02	1.648519E+02	
136	1.109080E+02	1.675131E+02	1.647914E+02	
137	1.110760E+02	1.674793E+02	1.662130E+02	
138	1.112857E+02	1.675252E+02	1.657723E+02	
139	1.110463E+02	1.669707E+02	1.655921E+02	
140	1.115762E+02	1.683463E+02	1.660936E+02	
141	1.115489E+02	1.673078E+02	1.660475E+02	
142	1.111903E+02	1.684110E+02	1.666513E+02	
143	1.111305E+02	1.683853E+02	1.663814E+02	
144	1.112749E+02	1.685444E+02	1.669194E+02	
145	1.115716E+02	1.690266E+02	1.671978E+02	
146	1.111095E+02	1.692967E+02	1.671740E+02	
147	1.114666E+02	1.689378E+02	1.674125E+02	
148	1.118297E+02	1.692155E+02	1.676125E+02	
149	1.117296E+02	1.693303E+02	1.673870E+02	
150	1.116799E+02	1.699696E+02	1.683508E+02	
151	1.117573E+02	1.695923E+02	1.682029E+02	
152	1.119995E+02	1.699267E+02	1.678102E+02	
153	1.120106E+02	1.701318E+02	1.680875E+02	
154	1.124593E+02	1.707780E+02	1.687248E+02	
155	1.122592E+02	1.702199E+02	1.686146E+02	
156	1.123121E+02	1.706639E+02	1.683710E+02	
157	1.122676E+02	1.717294E+02	1.691622E+02	
158	1.120881E+02	1.713294E+02	1.693280E+02	
159	1.124790E+02	1.722659E+02	1.692811E+02	
160	1.126681E+02	1.716321E+02	1.691041E+02	
161	1.126575E+02	1.721970E+02	1.702060E+02	
162	1.129872E+02	1.733069E+02	1.708028E+02	
163	1.129055E+02	1.727316E+02	1.705125E+02	
164	1.135413E+02	1.732121E+02	1.707680E+02	
165	1.134972E+02	1.735223E+02	1.717210E+02	
166	1.139768E+02	1.738336E+02	1.710452E+02	
167	1.135888E+02	1.735281E+02	1.711683E+02	
168	1.142524E+02	1.744411E+02	1.725228E+02	
169	1.144017E+02	1.749652E+02	1.721771E+02	
170	1.143341E+02	1.744510E+02	1.732104E+02	
171	1.147896E+02	1.759964E+02	1.739982E+02	
172	1.148850E+02	1.753791E+02	1.743999E+02	
173	1.152693E+02	1.768682E+02	1.753275E+02	
174	1.158117E+02	1.767032E+02	1.759288E+02	
175	1.153717E+02	1.783189E+02	1.753197E+02	
176	1.161605E+02	1.772736E+02	1.754512E+02	
177	1.160610E+02	1.781799E+02	1.771239E+02	
178	1.167964E+02	1.783598E+02	1.767789E+02	
179	1.170626E+02	1.782480E+02	1.773810E+02	
180	1.168364E+02	1.802328E+02	1.780065E+02	
181	1.169018E+02	1.803134E+02	1.788761E+02	
182	1.180779E+02	1.807623E+02	1.798109E+02	
183	1.182480E+02	1.804652E+02	1.806686E+02	
184	1.192756E+02	1.821529E+02	1.811988E+02	
185	1.183913E+02	1.829431E+02	1.805661E+02	
186	1.187804E+02	1.828054E+02	1.819196E+02	
187	1.197854E+02	1.828727E+02	1.828049E+02	
188	1.203123E+02	1.837984E+02	1.829931E+02	
189	1.204414E+02	1.845318E+02	1.836331E+02	
190	1.209339E+02	1.856392E+02	1.849948E+02	
191	1.214508E+02	1.858613E+02	1.854762E+02	
192	1.221669E+02	1.872071E+02	1.859789E+02	
193	1.216016E+02	1.861925E+02	1.856637E+02	
194	1.231379E+02	1.878990E+02	1.860101E+02	
195	1.235071E+02	1.884505E+02	1.873433E+02	
196	1.229381E+02	1.882177E+02	1.872757E+02	
197	1.237899E+02	1.891083E+02	1.870650E+02	
198	1.252882E+02	1.895545E+02	1.883323E+02	
199	1.251771E+02	1.899526E+02	1.875220E+02	
200	1.253825E+02	1.904386E+02	1.898111E+02	
201	1.257783E+02	1.920870E+02	1.890058E+02	
202	1.252913E+02	1.916183E+02	1.884793E+02	
203	1.256721E+02	1.912935E+02	1.913375E+02	
204	1.255712E+02	1.935199E+02	1.906256E+02	
205	1.261219E+02	1.933217E+02	1.911825E+02	
206	1.279801E+02	1.933917E+02	1.900637E+02	
207	1.279903E+02	1.924448E+02	1.914202E+02	
208	1.294760E+02	1.937732E+02	1.915285E+02	
209	1.292251E+02	1.953760E+02	1.929632E+02	
210	1.286224E+02	1.946271E+02	1.926651E+02	
211	1.313065E+02	1.947353E+02	1.927051E+02	
212	1.313430E+02	1.975804E+02	1.924363E+02	
213	1.302935E+02	1.951377E+02	1.938537E+02	
214	1.311402E+02	1.963356E+02	1.937088E+02	
215	1.326912E+02	1.971211E+02	1.936367E+02	
216	1.334383E+02	1.968241E+02	1.942212E+02	
217	1.310569E+02	1.967869E+02	1.940351E+02	
218	1.336148E+02	1.965349E+02	1.935780E+02	
219	1.336005E+02	1.963383E+02	1.942105E+02	
220	1.326652E+02	1.979353E+02	1.946561E+02	
221	1.332590E+02	1.980674E+02	1.949239E+02	
222	1.327548E+02	1.981331E+02	1.939469E+02	
223	1.322570E+02	1.987830E+02	1.952872E+02	
224	1.361862E+02	1.989839E+02	1.951842E+02	
225	1.346213E+02	1.989764E+02	1.957562E+02	
226	1.344415E+02	1.994580E+02	1.947631E+02	
227	1.358488E+02	1.971913E+02	1.948642E+02	
228	1.381691E+02	1.971777E+02	1.948990E+02	
229	1.381557E+02	1.972854E+02	1.967102E+02	
230	1.387446E+02	1.969388E+02	1.963117E+02	
231	1.363801E+02	1.962788E+02	1.954429E+02	
232	1.375193E+02	1.965559E+02	1.955658E+02	
233	1.375680E+02	1.963664E+02	1.946431E+02	
234	1.362853E+02	1.974447E+02	1.955825E+02	
235	1.386066E+02	1.959097E+02	1.942665E+02	
236	1.386457E+02	1.961148E+02	1.957931E+02	
237	1.375961E+02	1.961230E+02	1.948357E+02	
238	1.380824E+02	1.968989E+02	1.941472E+02	
239	1.375952E+02	1.961279E+02	1.962764E+02	
240	1.359140E+02	1.963583E+02	1.938455E+02	
241	1.392888E+02	1.965632E+02	1.949534E+02	
242	1.361997E+02	1.950746E+02	1.950836E+02	
243	1.366352E+02	1.950488E+02	1.940127E+02	
244	1.363439E+02	1.980014E+02	1.946415E+02	
245	1.348207E+02	1.948370E+02	1.958328E+02	
246	1.353713E+02	1.967208E+02	1.945688E+02	
247	1.353130E+02	1.948396E+02	1.947422E+02	
248	1.358403E+02	1.960735E+02	1.949330E+02	
249	1.356185E+02	1.963300E+02	1.930636E+02	
250	1.292968E+02	1.964284E+02	1.934989E+02	
251	1.321824E+02	1.968363E+02	1.944034E+02	
252	1.344396E+02	1.958454E+02	1.929081E+02	
253	1.299990E+02	1.965950E+02	1.956548E+02	
254	1.330293E+02	1.980152E+02	1.942792E+02	
255	1.291844E+02	1.975321E+02	1.942606E+02	
256	1.277387E+02	1.967213E+02	1.941355E+02	
257	1.283192E+02	1.972174E+02	1.945911E+02	
258	1.303117E+02	1.963022E+02	1.946366E+02	
259	1.257215E+02	1.962219E+02	1.942314E+02	
260	1.275551E+02	1.961842E+02	1.941653E+02	
261	1.280514E+02	1.961666E+02	1.942782E+02	
262	1.226658E+02	1.946857E+02	1.946545E+02	
263	1.303065E+02	1.958027E+02	1.933604E+02	
264	1.247488E+02	1.947296E+02	1.942807E+02	
265	1.236610E+02	1.950173E+02	1.952750E+02	
266	1.227809E+02	1.930559E+02	1.932780E+02	
267	1.232543E+02	1.934787E+02	1.939017E+02	
268	1.271832E+02	1.934896E+02	1.951793E+02	
269	1.224989E+02	1.930008E+02	1.933621E+02	
270	1.176614E+02	1.926774E+02	1.943011E+02	
271	1.215030E+02	1.940940E+02	1.919113E+02	
272	1.195184E+02	1.933439E+02	1.934972E+02	
273	1.152349E+02	1.925364E+02	1.921967E+02	
274	1.137468E+02	1.923879E+02	1.927403E+02	
275	1.161848E+02	1.932534E+02	1.918974E+02	
276	1.145802E+02	1.927865E+02	1.911556E+02	
277	1.121916E+02	1.922635E+02	1.905419E+02	
278	1.148817E+02	1.912185E+02	1.904437E+02	
279	1.106893E+02	1.907856E+02	1.911086E+02	
280	1.106363E+02	1.905794E+02	1.911802E+02	
281	1.081151E+02	1.906604E+02	1.911372E+02	
282	1.084848E+02	1.907363E+02	1.925076E+02	
283	1.129704E+02	1.898021E+02	1.913138E+02	
284	1.098106E+02	1.899039E+02	1.915421E+02	
285	1.121681E+02	1.895457E+02	1.907972E+02	
286	1.133416E+02	1.911833E+02	1.905872E+02	
287	1.100660E+02	1.894088E+02	1.904618E+02	
288	1.094856E+02	1.906562E+02	1.923532E+02	
289	1.084966E+02	1.900887E+02	1.897284E+02	
290	1.087809E+02	1.900062E+02	1.915890E+02	
291	1.117480E+02	1.897928E+02	1.904511E+02	
292	1.055216E+02	1.900549E+02	1.894521E+02	
293	1.073383E+02	1.904971E+02	1.907048E+02	
294	1.088170E+02	1.899783E+02	1.908056E+02	
295	1.071215E+02	1.888662E+02	1.905187E+02	
296	1.062212E+02	1.890732E+02	1.902080E+02	
297	1.015382E+02	1.898826E+02	1.907172E+02	
298	1.049907E+02	1.910954E+02	1.891352E+02	
299	1.033741E+02	1.911086E+02	1.904176E+02	
300	1.080781E+02	1.897342E+02	1.901922E+02	
301	1.017612E+02	1.902856E+02	1.898136E+02	
302	1.052486E+02	1.892610E+02	1.889194E+02	
303	1.063534E+02	1.906788E+02	1.886451E+02	
304	1.098128E+02	1.894634E+02	1.897257E+02	
305	1.077755E+02	1.901604E+02	1.909853E+02	
306	1.072630E+02	1.899534E+02	1.899281E+02	
307	1.102162E+02	1.914216E+02	1.891444E+02	
308	1.081294E+02	1.896719E+02	1.893397E+02	
309	1.111621E+02	1.886196E+02	1.898508E+02	
310	1.146217E+02	1.886078E+02	1.894377E+02	
311	1.084451E+02	1.900158E+02	1.890080E+02	
312	1.116708E+02	1.887106E+02	1.881625E+02	
313	1.084771E+02	1.896991E+02	1.883514E+02	
314	1.099973E+02	1.897242E+02	1.871283E+02	
315	1.106643E+02	1.880043E+02	1.881948E+02	
316	1.084256E+02	1.898686E+02	1.885117E+02	
317	1.131589E+02	1.895951E+02	1.877461E+02	
318	1.083335E+02	1.896161E+02	1.886372E+02	
319	1.079228E+02	1.894142E+02	1.870441E+02	
320	1.069634E+02	1.899354E+02	1.882887E+02	
321	1.098834E+02	1.891945E+02	1.871628E+02	
322	1.069218E+02	1.898277E+02	1.883235E+02	
323	1.094476E+02	1.888664E+02	1.878773E+02	
324	1.051483E+02	1.886737E+02	1.880406E+02	
325	1.081389E+02	1.889711E+02	1.884687E+02	
326	1.097300E+02	1.882933E+02	1.886780E+02	
327	1.086571E+02	1.894151E+02	1.893896E+02	
328	1.111577E+02	1.885302E+02	1.887256E+02	
329	1.089248E+02	1.871150E+02	1.862124E+02	
330	1.096855E+02	1.877589E+02	1.874783E+02	
331	1.060186E+02	1.887096E+02	1.881432E+02	
332	1.078520E+02	1.869580E+02	1.878934E+02	
333	1.075963E+02	1.895036E+02	1.886404E+02	
334	1.099099E+02	1.879660E+02	1.883189E+02	
335	1.077996E+02	1.881346E+02	1.880470E+02	
336	1.121645E+02	1.879592E+02	1.882250E+02	
337	1.115329E+02	1.878557E+02	1.871051E+02	
338	1.109834E+02	1.876070E+02	1.865212E+02	
339	1.138960E+02	1.888597E+02	1.877258E+02	
340	1.129527E+02	1.889793E+02	1.868348E+02	
341	1.155514E+02	1.887563E+02	1.860546E+02	
342	1.120256E+02	1.871101E+02	1.868921E+02	
343	1.173908E+02	1.883715E+02	1.856356E+02	
344	1.163733E+02	1.873866E+02	1.867000E+02	
345	1.098636E+02	1.878503E+02	1.874207E+02	
346	1.137647E+02	1.858552E+02	1.867880E+02	
347	1.102672E+02	1.877604E+02	1.875978E+02	
348	1.132075E+02	1.868737E+02	1.884295E+02	
349	1.147659E+02	1.857397E+02	1.870760E+02	
350	1.123414E+02	1.857699E+02	1.870510E+02	
351	1.117030E+02	1.861016E+02	1.878077E+02	
352	1.103001E+02	1.844503E+02	1.868493E+02	
353	1.104787E+02	1.855103E+02	1.882420E+02	
354	1.176159E+02	1.841775E+02	1.861946E+02	
355	1.123664E+02	1.854369E+02	1.871996E+02	
356	1.149206E+02	1.848544E+02	1.868918E+02	
357	1.149643E+02	1.855086E+02	1.870647E+02	
358	1.100215E+02	1.841262E+02	1.871046E+02	
359	1.184579E+02	1.849695E+02	1.854520E+02	
360	1.184303E+02	1.858179E+02	1.860828E+02	
361	1.134729E+02	1.854893E+02	1.855048E+02	
362	1.216104E+02	1.852406E+02	1.872736E+02	
363	1.136315E+02	1.843503E+02	1.859041E+02	
364	1.155876E+02	1.839465E+02	1.864830E+02	
365	1.203567E+02	1.859626E+02	1.848146E+02	
366	1.195498E+02	1.845328E+02	1.855580E+02	
367	1.190635E+02	1.840659E+02	1.853940E+02	
368	1.194697E+02	1.838566E+02	1.856633E+02	
369	1.137673E+02	1.833704E+02	1.855406E+02	
370	1.148874E+02	1.833341E+02	1.857060E+02	
371	1.175993E+02	1.842630E+02	1.857789E+02	
372	1.147320E+02	1.851932E+02	1.823510E+02	
373	1.175134E+02	1.838798E+02	1.849014E+02	
374	1.149557E+02	1.850995E+02	1.863696E+02	
375	1.177654E+02	1.842786E+02	1.845350E+02	
376	1.097627E+02	1.867940E+02	1.848959E+02	
377	1.144139E+02	1.862525E+02	1.850770E+02	
378	1.097244E+02	1.854059E+02	1.829758E+02	
379	1.179125E+02	1.855623E+02	1.844687E+02	
380	1.124849E+02	1.858338E+02	1.853736E+02	
381	1.205291E+02	1.872046E+02	1.845992E+02	
382	1.147584E+02	1.865470E+02	1.851517E+02	
383	1.121711E+02	1.867883E+02	1.851816E+02	
384	1.122368E+02	1.869167E+02	1.866539E+02	
385	1.132838E+02	1.871813E+02	1.843336E+02	
386	1.110532E+02	1.860013E+02	1.843319E+02	
387	1.063249E+02	1.871574E+02	1.859172E+02	
388	1.088397E+02	1.883639E+02	1.830981E+02	
389	1.105896E+02	1.867324E+02	1.859181E+02	
390	1.088936E+02	1.884252E+02	1.865552E+02	
391	1.078391E+02	1.872859E+02	1.852967E+02	
392	1.054034E+02	1.889065E+02	1.872863E+02	
393	1.109452E+02	1.879867E+02	1.871545E+02	
394	1.031599E+02	1.873980E+02	1.873874E+02	
395	1.005241E+02	1.882807E+02	1.864629E+02	
396	1.030046E+02	1.879455E+02	1.867572E+02	
397	1.036507E+02	1.872080E+02	1.870860E+02	
398	9.731609E+01	1.875641E+02	1.874938E+02	
399	1.068469E+02	1.885927E+02	1.863211E+02	
400	1.013219E+02	1.891764E+02	1.878159E+02	
401	1.056014E+02	1.899350E+02	1.900514E+02	
402	1.048171E+02	1.887269E+02	1.897901E+02	
403	1.088247E+02	1.869975E+02	1.880086E+02	
404	1.037319E+02	1.878255E+02	1.883815E+02	
405	1.110797E+02	1.886554E+02	1.880216E+02	
406	1.027034E+02	1.872330E+02	1.889809E+02	
407	1.018038E+02	1.867453E+02	1.876716E+02	
408	1.039445E+02	1.895075E+02	1.899051E+02	
409	1.033877E+02	1.880995E+02	1.869898E+02	
410	1.020960E+02	1.857839E+02	1.862061E+02	
411	9.973967E+01	1.866586E+02	1.880859E+02	
412	1.011944E+02	1.873299E+02	1.859824E+02	
413	9.715212E+01	1.877649E+02	1.872442E+02	
414	9.949815E+01	1.873556E+02	1.859930E+02	
415	9.708139E+01	1.865790E+02	1.864004E+02	
416	9.948691E+01	1.880697E+02	1.875470E+02	
417	9.717255E+01	1.866052E+02	1.862178E+02	
418	1.003762E+02	1.871107E+02	1.867332E+02	
419	9.862827E+01	1.872658E+02	1.847042E+02	
420	9.656975E+01	1.877389E+02	1.882535E+02	
421	9.973068E+01	1.863077E+02	1.868249E+02	
422	9.822308E+01	1.875077E+02	1.871921E+02	
423	9.787052E+01	1.904144E+02	1.872954E+02	
424	9.753820E+01	1.874000E+02	1.828883E+02	
425	9.739866E+01	1.894832E+02	1.865879E+02	
426	9.655273E+01	1.900098E+02	1.841380E+02	
427	1.009866E+02	1.871687E+02	1.833288E+02	
428	9.366106E+01	1.902406E+02	1.840651E+02	
429	9.999947E+01	1.888274E+02	1.856469E+02	
430	9.713808E+01	1.874481E+02	1.862800E+02	
431	9.599374E+01	1.868803E+02	1.848095E+02	
432	9.713740E+01	1.895603E+02	1.878279E+02	
433	9.476578E+01	1.926925E+02	1.858181E+02	
434	9.310918E+01	1.907079E+02	1.874447E+02	
435	9.135337E+01	1.930607E+02	1.875025E+02	
436	9.567252E+01	1.895070E+02	1.871645E+02	
437	9.148771E+01	1.914047E+02	1.873063E+02	
438	9.299640E+01	1.887774E+02	1.888961E+02	
439	1.002863E+02	1.882974E+02	1.879045E+02	
440	1.061404E+02	1.931837E+02	1.867748E+02	
441	9.707448E+01	1.883192E+02	1.903469E+02	
442	1.047325E+02	1.875567E+02	1.872744E+02	
443	9.689475E+01	1.859180E+02	1.883735E+02	
444	1.037308E+02	1.871889E+02	1.856435E+02	
445	1.097284E+02	1.872610E+02	1.827061E+02	
446	1.032841E+02	1.842433E+02	1.859496E+02	
447	1.041644E+02	1.878038E+02	1.875600E+02	
448	1.013102E+02	1.864972E+02	1.871164E+02	
449	1.102237E+02	1.863284E+02	1.848163E+02	
450	1.044412E+02	1.848930E+02	1.882022E+02	
451	1.135893E+02	1.858227E+02	1.865281E+02	
452	1.010948E+02	1.875512E+02	1.871310E+02	
453	1.144822E+02	1.866767E+02	1.897955E+02	
454	1.051240E+02	1.897188E+02	1.847032E+02	
455	1.087702E+02	1.861087E+02	1.907413E+02	
456	1.096016E+02	1.874362E+02	1.871684E+02	
457	9.911635E+01	1.855076E+02	1.861180E+02	
458	1.206071E+02	1.841662E+02	1.874809E+02	
459	1.098620E+02	1.863955E+02	1.852253E+02	
460	1.095017E+02	1.885179E+02	1.865470E+02	
461	1.139617E+02	1.889369E+02	1.825749E+02	
462	1.158653E+02	1.862142E+02	1.854002E+02	
463	1.126411E+02	1.830870E+02	1.795624E+02	
464	1.070744E+02	1.876824E+02	1.851795E+02	
465	1.151131E+02	1.828244E+02	1.856903E+02	
466	1.060141E+02	1.878678E+02	1.790352E+02	
467	1.053976E+02	1.838601E+02	1.838023E+02	
468	1.094721E+02	1.869955E+02	1.801083E+02	
469	9.683503E+01	1.860374E+02	1.862936E+02	
470	1.052618E+02	1.837972E+02	1.848291E+02	
471	9.951660E+01	1.850305E+02	1.867581E+02	
472	1.076434E+02	1.900406E+02	1.860785E+02	
473	1.043959E+02	1.904855E+02	1.846030E+02	
474	1.036787E+02	1.879350E+02	1.853328E+02	
475	1.072146E+02	1.862728E+02	1.840723E+02	
476	1.004834E+02	1.827097E+02	1.785230E+02	
477	1.060838E+02	1.816899E+02	1.910529E+02	
478	1.008681E+02	1.861647E+02	1.847472E+02	
479	1.031513E+02	1.818667E+02	1.773298E+02	
480	9.769497E+01	1.856560E+02	1.923056E+02	
481	1.079909E+02	1.796687E+02	1.838597E+02	
482	9.724311E+01	1.769347E+02	1.996872E+02	
483	1.000854E+02	1.846850E+02	1.876431E+02	
484	1.025986E+02	1.708956E+02	1.936591E+02	
485	1.013059E+02	1.852126E+02	1.876682E+02	
486	1.053309E+02	1.748828E+02	1.917402E+02	
487	1.039688E+02	1.808019E+02	1.947235E+02	
488	9.109173E+01	1.868431E+02	1.907985E+02	
489	1.020464E+02	1.845323E+02	1.931116E+02	
490	1.035183E+02	1.847273E+02	1.876744E+02	
491	1.055590E+02	2.210321E+02	2.071610E+02	
492	1.002093E+02	1.823751E+02	1.896690E+02	
493	6.765814E+01	1.897633E+02	1.926636E+02	
494	9.880405E+01	1.855027E+02	1.990941E+02	
495	1.361557E+02	1.582995E+02	1.699175E+02	
496	1.049411E+02	1.821301E+02	1.991138E+02	
497	1.207320E+02	1.852119E+02	1.811311E+02	
498	9.562204E+01	1.859698E+02	1.998770E+02	
499	9.720887E+01	1.934050E+02	1.998262E+02	
500	0.000000E+00	0.000000E+00	0.000000E+00	
501	9.091262E+01	1.929368E+02	2.122577E+02	
502	0.000000E+00	0.000000E+00	0.000000E+00	
503	9.727348E+01	1.956704E+02	2.046895E+02	
504	0.000000E+00	0.000000E+00	0.000000E+00	
505	9.762101E+01	1.833563E+02	2.058339E+02	
506	0.000000E+00	2.507704E+02	2.486657E+02	
507	0.000000E+00	0.000000E+00	0.000000E+00	
508	9.562204E+01	1.871808E+02	2.019771E+02	
509	0.000000E+00	0.000000E+00	0.000000E+00	
510	9.106575E+01	1.752984E+02	2.227434E+02	
511	0.000000E+00	0.000000E+00	0.000000E+00	
512	8.623219E+01	1.758371E+02	2.058227E+02	
513	0.000000E+00	0.000000E+00	0.000000E+00	
514	0.000000E+00	0.000000E+00	0.000000E+00	
515	0.000000E+00	1.746374E+02	1.634178E+02	
516	0.000000E+00	0.000000E+00	0.000000E+00	
517	0.000000E+00	1.478084E+02	1.211503E+02	
518	0.000000E+00	0.000000E+00	0.000000E+00	
519	0.000000E+00	7.603613E+01	0.000000E+00	
520	0.000000E+00	0.000000E+00	0.000000E+00	
521	0.000000E+00	0.000000E+00	0.000000E+00	
522	0.000000E+00	0.000000E+00	0.000000E+00	
523	0.000000E+00	0.000000E+00	0.000000E+00	
524	0.000000E+00	0.000000E+00	0.000000E+00	
525	0.000000E+00	0.000000E+00	0.000000E+00	
526	0.000000E+00	0.000000E+00	0.000000E+00	
527	0.000000E+00	0.000000E+00	0.000000E+00	
528	0.000000E+00	0.000000E+00	0.000000E+00	
529	0.000000E+00	0.000000E+00	0.000000E+00	
530	0.000000E+00	0.000000E+00	0.000000E+00	
531	0.000000E+00	0.000000E+00	0.000000E+00	
532	0.000000E+00	0.000000E+00	0.000000E+00	
533	0.000000E+00	0.000000E+00	0.000000E+00	
534	0.000000E+00	0.000000E+00	0.000000E+00	
535	0.000000E+00	0.000000E+00	0.000000E+00	
536	0.000000E+00	0.000000E+00	0.000000E+00	
537	0.000000E+00	0.000000E+00	0.000000E+00	
538	0.000000E+00	0.000000E+00	0.000000E+00	
539	0.000000E+00	0.000000E+00	0.000000E+00	
540	0.000000E+00	0.000000E+00	0.000000E+00	
541	0.000000E+00	0.000000E+00	0.000000E+00	
542	0.000000E+00	0.000000E+00	0.000000E+00	
543	0.000000E+00	0.000000E+00	0.000000E+00	
544	0.000000E+00	0.000000E+00	0.000000E+00	
545	0.000000E+00	0.000000E+00	0.000000E+00	
546	0.000000E+00	0.000000E+00	0.000000E+00	
547	0.000000E+00	0.000000E+00	0.000000E+00	
548	0.000000E+00	0.000000E+00	0.000000E+00	
549	0.000000E+00	0.000000E+00	0.000000E+00	
550	0.000000E+00	0.000000E+00	0.000000E+00	
551	0.000000E+00	0.000000E+00	0.000000E+00	
552	0.000000E+00	0.000000E+00	0.000000E+00	
553	0.000000E+00	0.000000E+00	0.000000E+00	
554	0.000000E+00	0.000000E+00	0.000000E+00	
555	0.000000E+00	0.000000E+00	0.000000E+00	
556	0.000000E+00	0.000000E+00	0.000000E+00	
557	0.000000E+00	0.000000E+00	0.000000E+00	
558	0.000000E+00	0.000000E+00	0.000000E+00	
559	0.000000E+00	0.000000E+00	0.000000E+00	
560	0.000000E+00	0.000000E+00	0.000000E+00	
561	0.000000E+00	0.000000E+00	0.000000E+00	
562	0.000000E+00	0.000000E+00	0.000000E+00	
563	0.000000E+00	0.000000E+00	0.000000E+00	
564	0.000000E+00	0.000000E+00	0.000000E+00	
565	0.000000E+00	0.000000E+00	0.000000E+00	
566	0.000000E+00	0.000000E+00	0.000000E+00	
567	0.000000E+00	0.000000E+00	0.000000E+00	
568	0.000000E+00	0.000000E+00	0.000000E+00	
569	0.000000E+00	0.000000E+00	0.000000E+00	
570	0.000000E+00	0.000000E+00	0.000000E+00	
571	0.000000E+00	0.000000E+00	0.000000E+00	
572	0.000000E+00	0.000000E+00	0.000000E+00	
573	0.000000E+00	0.000000E+00	0.000000E+00	
574	0.000000E+00	0.000000E+00	0.000000E+00	
575	0.000000E+00	0.000000E+00	0.000000E+00	
576	0.000000E+00	0.000000E+00	0.000000E+00	
577	0.000000E+00	0.000000E+00	0.000000E+00	
578	0.000000E+00	0.000000E+00	0.000000E+00	
579	0.000000E+00	0.000000E+00	0.000000E+00	
580	0.000000E+00	0.000000E+00	0.000000E+00	
581	0.000000E+00	0.000000E+00	0.000000E+00	
582	0.000000E+00	0.000000E+00	0.000000E+00	
583	0.000000E+00	0.000000E+00	0.000000E+00	
584	0.000000E+00	0.000000E+00	0.000000E+00	
585	0.000000E+00	0.000000E+00	0.000000E+00	
586	0.000000E+00	0.000000E+00	0.000000E+00	
587	0.000000E+00	0.000000E+00	0.000000E+00	
588	0.000000E+00	0.000000E+00	0.000000E+00	
589	0.000000E+00	0.000000E+00	0.000000E+00	
590	0.000000E+00	0.000000E+00	0.000000E+00	
591	0.000000E+00	0.000000E+00	0.000000E+00	
592	0.000000E+00	0.000000E+00	0.000000E+00	
593	0.000000E+00	0.000000E+00	0.000000E+00	
594	0.000000E+00	0.000000E+00	0.000000E+00	
595	0.000000E+00	0.000000E+00	0.000000E+00	
596	0.000000E+00	0.000000E+00	0.000000E+00	
597	0.000000E+00	0.000000E+00	0.000000E+00	
598	0.000000E+00	0.000000E+00	0.000000E+00	
599	0.000000E+00	0.000000E+00	0.000000E+00	
#NewRun
0	1.192109E+02	1.849955E+02	1.652018E+02	
1	0.000000E+00	0.000000E+00	0.000000E+00	
2	0.000000E+00	0.000000E+00	0.000000E+00	
3	0.000000E+00	0.000000E+00	0.000000E+00	
4	1.232927E+02	1.999683E+02	1.642706E+02	
5	1.200359E+02	1.866034E+02	1.646216E+02	
6	1.208635E+02	1.957087E+02	1.696373E+02	
7	0.000000E+00	0.000000E+00	0.000000E+00	
8	1.209500E+02	1.933048E+02	1.688720E+02	
9	1.199547E+02	1.899456E+02	1.680762E+02	
10	0.000000E+00	0.000000E+00	0.000000E+00	
11	1.219819E+02	1.874605E+02	1.635494E+02	
12	1.206835E+02	1.886849E+02	1.676902E+02	
13	1.204964E+02	1.918162E+02	1.680984E+02	
14	1.193013E+02	1.856034E+02	1.688996E+02	
15	0.000000E+00	0.000000E+00	0.000000E+00	
16	1.208546E+02	1.886841E+02	1.701133E+02	
17	1.205480E+02	1.859052E+02	1.709143E+02	
18	1.210834E+02	1.863996E+02	1.714298E+02	
19	1.208948E+02	1.805274E+02	1.714566E+02	
20	1.210910E+02	1.845672E+02	1.719816E+02	
21	1.214166E+02	1.857301E+02	1.721164E+02	
22	1.217731E+02	1.844866E+02	1.741621E+02	
23	1.212332E+02	1.806426E+02	1.743141E+02	
24	1.219124E+02	1.858301E+02	1.749966E+02	
25	1.223587E+02	1.833996E+02	1.738913E+02	
26	1.221709E+02	1.837418E+02	1.749827E+02	
27	1.207913E+02	1.843803E+02	1.772763E+02	
28	1.220146E+02	1.843555E+02	1.761104E+02	
29	1.216451E+02	1.819661E+02	1.761760E+02	
30	1.215802E+02	1.858830E+02	1.763264E+02	
31	1.211358E+02	1.809385E+02	1.762293E+02	
32	1.214702E+02	1.835482E+02	1.765623E+02	
33	1.212851E+02	1.843992E+02	1.758230E+02	
34	1.205450E+02	1.817809E+02	1.768568E+02	
35	1.206241E+02	1.807694E+02	1.755901E+02	
36	1.204692E+02	1.825359E+02	1.757141E+02	
37	1.203848E+02	1.824723E+02	1.768782E+02	
38	1.204070E+02	1.826933E+02	1.744108E+02	
39	1.195949E+02	1.801075E+02	1.767206E+02	
40	1.202978E+02	1.819502E+02	1.763182E+02	
41	1.198290E+02	1.808781E+02	1.759086E+02	
42	1.197417E+02	1.797327E+02	1.756729E+02	
43	1.193325E+02	1.805736E+02	1.748177E+02	
44	1.196127E+02	1.802162E+02	1.762317E+02	
45	1.189252E+02	1.785813E+02	1.739144E+02	
46	1.193142E+02	1.790010E+02	1.745058E+02	
47	1.194917E+02	1.799511E+02	1.734138E+02	
48	1.187487E+02	1.790392E+02	1.745880E+02	
49	1.187938E+02	1.786809E+02	1.736489E+02	
50	1.184350E+02	1.788271E+02	1.724494E+02	
51	1.187516E+02	1.771077E+02	1.734559E+02	
52	1.182647E+02	1.774745E+02	1.736557E+02	
53	1.180607E+02	1.783381E+02	1.722667E+02	
54	1.180590E+02	1.760901E+02	1.712905E+02	
55	1.183846E+02	1.775006E+02	1.715976E+02	
56	1.180303E+02	1.762037E+02	1.715078E+02	
57	1.178347E+02	1.750262E+02	1.714574E+02	
58	1.180633E+02	1.747264E+02	1.709258E+02	
59	1.172349E+02	1.736289E+02	1.703448E+02	
60	1.174749E+02	1.743789E+02	1.710146E+02	
61	1.171039E+02	1.732111E+02	1.703137E+02	
62	1.170402E+02	1.719827E+02	1.697602E+02	
63	1.174007E+02	1.719490E+02	1.697180E+02	
64	1.167280E+02	1.730183E+02	1.702248E+02	
65	1.170239E+02	1.725531E+02	1.700277E+02	
66	1.163796E+02	1.716059E+02	1.685817E+02	
67	1.160413E+02	1.711860E+02	1.692158E+02	
68	1.161925E+02	1.718392E+02	1.690125E+02	
69	1.156618E+02	1.714508E+02	1.688603E+02	
70	1.157034E+02	1.713844E+02	1.682613E+02	
71	1.153495E+02	1.708327E+02	1.684744E+02	
72	1.153041E+02	1.711642E+02	1.686989E+02	
73	1.153429E+02	1.710527E+02	1.675866E+02	
74	1.148071E+02	1.696048E+02	1.676660E+02	
75	1.149452E+02	1.696773E+02	1.676118E+02	
76	1.149376E+02	1.701196E+02	1.681285E+02	
77	1.146461E+02	1.691322E+02	1.669538E+02	
78	1.145156E+02	1.685467E+02	1.669945E+02	
79	1.145522E+02	1.677789E+02	1.673576E+02	
80	1.145479E+02	1.682049E+02	1.671942E+02	
81	1.145650E+02	1.686217E+02	1.670178E+02	
82	1.144201E+02	1.673994E+02	1.670402E+02	
83	1.142007E+02	1.674350E+02	1.666602E+02	
84	1.142494E+02	1.681123E+02	1.662855E+02	
85	1.139849E+02	1.671984E+02	1.664994E+02	
86	1.142822E+02	1.673365E+02	1.666109E+02	
87	1.137571E+02	1.671971E+02	1.663804E+02	
88	1.137206E+02	1.674008E+02	1.661320E+02	
89	1.136807E+02	1.669611E+02	1.658204E+02	
90	1.136634E+02	1.668286E+02	1.666227E+02	
91	1.136325E+02	1.662655E+02	1.656412E+02	
92	1.129620E+02	1.663870E+02	1.655551E+02	
93	1.129161E+02	1.659445E+02	1.657354E+02	
94	1.129614E+02	1.658086E+02	1.653735E+02	
95	1.133429E+02	1.652804E+02	1.652735E+02	
96	1.128113E+02	1.657999E+02	1.656200E+02	
97	1.126498E+02	1.654764E+02	1.653640E+02	
98	1.122163E+02	1.650501E+02	1.650548E+02	
99	1.130326E+02	1.649789E+02	1.649207E+02	
100	1.124523E+02	1.657154E+02	1.646451E+02	
101	1.122473E+02	1.651076E+02	1.647014E+02	
102	1.123263E+02	1.647740E+02	1.645481E+02	
103	1.121649E+02	1.651392E+02	1.648057E+02	
104	1.120619E+02	1.646661E+02	1.645662E+02	
105	1.120370E+02	1.648601E+02	1.641879E+02	
106	1.119004E+02	1.646115E+02	1.643975E+02	
107	1.119850E+02	1.645628E+02	1.646088E+02	
108	1.118836E+02	1.645733E+02	1.643828E+02	
109	1.117345E+02	1.644023E+02	1.649677E+02	
110	1.116247E+02	1.639774E+02	1.646481E+02	
111	1.116752E+02	1.640890E+02	1.646624E+02	
112	1.111967E+02	1.646982E+02	1.636855E+02	
113	1.112138E+02	1.639511E+02	1.640996E+02	
114	1.108971E+02	1.644790E+02	1.644975E+02	
115	1.109082E+02	1.645559E+02	1.638870E+02	
116	1.109908E+02	1.639559E+02	1.642820E+02	
117	1.107374E+02	1.648157E+02	1.635943E+02	
118	1.108030E+02	1.645884E+02	1.635881E+02	
119	1.106024E+02	1.631911E+02	1.638768E+02	
120	1.107764E+02	1.647369E+02	1.642933E+02	
121	1.107918E+02	1.641605E+02	1.639238E+02	
122	1.107161E+02	1.644779E+02	1.640396E+02	
123	1.106771E+02	1.646167E+02	1.635620E+02	
124	1.104657E+02	1.644373E+02	1.639242E+02	
125	1.107766E+02	1.642798E+02	1.643645E+02	
126	1.109085E+02	1.648683E+02	1.639213E+02	
127	1.106818E+02	1.642880E+02	1.641101E+02	
128	1.104571E+02	1.646388E+02	1.643287E+02	
129	1.105139E+02	1.650666E+02	1.646742E+02	
130	1.104284E+02	1.642037E+02	1.644685E+02	
131	1.106096E+02	1.644934E+02	1.648769E+02	
132	1.105626E+02	1.651357E+02	1.652436E+02	
133	1.104753E+02	1.653168E+02	1.649977E+02	
134	1.104939E+02	1.653227E+02	1.652109E+02	
135	1.104526E+02	1.655575E+02	1.656925E+02	
136	1.104322E+02	1.655532E+02	1.653366E+02	
137	1.105083E+02	1.652589E+02	1.652909E+02	
138	1.104252E+02	1.653444E+02	1.661610E+02	
139	1.106236E+02	1.651963E+02	1.664435E+02	
140	1.104429E+02	1.657482E+02	1.661673E+02	
141	1.106342E+02	1.652459E+02	1.668133E+02	
142	1.110052E+02	1.653973E+02	1.667059E+02	
143	1.106304E+02	1.656934E+02	1.666707E+02	
144	1.111915E+02	1.657127E+02	1.671943E+02	
145	1.111487E+02	1.657756E+02	1.673712E+02	
146	1.114247E+02	1.658773E+02	1.668403E+02	
147	1.115315E+02	1.660101E+02	1.677193E+02	
148	1.115077E+02	1.658021E+02	1.681654E+02	
149	1.113614E+02	1.661816E+02	1.679785E+02	
150	1.115631E+02	1.665920E+02	1.677257E+02	
151	1.118190E+02	1.667503E+02	1.682903E+02	
152	1.115873E+02	1.670098E+02	1.690054E+02	
153	1.122490E+02	1.675067E+02	1.692933E+02	
154	1.124428E+02	1.670315E+02	1.691342E+02	
155	1.123108E+02	1.677956E+02	1.697065E+02	
156	1.124236E+02	1.681837E+02	1.704425E+02	
157	1.129638E+02	1.685454E+02	1.706568E+02	
158	1.127557E+02	1.685074E+02	1.708242E+02	
159	1.128762E+02	1.692426E+02	1.706739E+02	
160	1.132996E+02	1.694176E+02	1.712748E+02	
161	1.136021E+02	1.691244E+02	1.714706E+02	
162	1.133747E+02	1.705740E+02	1.713947E+02	
163	1.137213E+02	1.710770E+02	1.721847E+02	
164	1.140618E+02	1.709909E+02	1.725292E+02	
165	1.135902E+02	1.714177E+02	1.723536E+02	
166	1.148831E+02	1.720161E+02	1.730756E+02	
167	1.142271E+02	1.724927E+02	1.741311E+02	
168	1.149220E+02	1.733264E+02	1.742708E+02	
169	1.150304E+02	1.732124E+02	1.748048E+02	
170	1.152109E+02	1.730479E+02	1.749486E+02	
171	1.156117E+02	1.747020E+02	1.758401E+02	
172	1.163514E+02	1.754188E+02	1.765795E+02	
173	1.164110E+02	1.751956E+02	1.773884E+02	
174	1.169230E+02	1.766824E+02	1.764908E+02	
175	1.169611E+02	1.763668E+02	1.779749E+02	
176	1.176714E+02	1.770273E+02	1.781067E+02	
177	1.179256E+02	1.775880E+02	1.778220E+02	
178	1.182349E+02	1.775063E+02	1.798052E+02	
179	1.189668E+02	1.783448E+02	1.800201E+02	
180	1.198750E+02	1.787964E+02	1.799568E+02	
181	1.191604E+02	1.799707E+02	1.816696E+02	
182	1.192150E+02	1.800075E+02	1.801635E+02	
183	1.194256E+02	1.805821E+02	1.821054E+02	
184	1.202013E+02	1.812216E+02	1.827297E+02	
185	1.199643E+02	1.820493E+02	1.821374E+02	
186	1.204130E+02	1.828994E+02	1.832200E+02	
187	1.211849E+02	1.822474E+02	1.833081E+02	
188	1.214249E+02	1.839425E+02	1.836469E+02	
189	1.219913E+02	1.834818E+02	1.847147E+02	
190	1.229229E+02	1.839521E+02	1.852096E+02	
191	1.230155E+02	1.840569E+02	1.848097E+02	
192	1.234104E+02	1.840627E+02	1.854675E+02	
193	1.239361E+02	1.853068E+02	1.859703E+02	
194	1.246216E+02	1.856360E+02	1.866889E+02	
195	1.244123E+02	1.864275E+02	1.868809E+02	
196	1.248643E+02	1.862457E+02	1.880712E+02	
197	1.258673E+02	1.879541E+02	1.876772E+02	
198	1.261187E+02	1.892107E+02	1.887346E+02	
199	1.257208E+02	1.893612E+02	1.885078E+02	
200	1.264735E+02	1.906702E+02	1.903865E+02	
201	1.265002E+02	1.900696E+02	1.905113E+02	
202	1.264799E+02	1.901897E+02	1.912382E+02	
203	1.276640E+02	1.906216E+02	1.909941E+02	
204	1.271036E+02	1.907774E+02	1.928100E+02	
205	1.273972E+02	1.914726E+02	1.929259E+02	
206	1.280736E+02	1.910671E+02	1.943101E+02	
207	1.282611E+02	1.922069E+02	1.938989E+02	
208	1.284626E+02	1.929799E+02	1.950310E+02	
209	1.294115E+02	1.924815E+02	1.948627E+02	
210	1.297806E+02	1.930491E+02	1.950873E+02	
211	1.302687E+02	1.925339E+02	1.948791E+02	
212	1.308302E+02	1.943330E+02	1.966345E+02	
213	1.295899E+02	1.931199E+02	1.963566E+02	
214	1.306169E+02	1.936418E+02	1.961909E+02	
215	1.321889E+02	1.943184E+02	1.961368E+02	
216	1.334365E+02	1.942560E+02	1.969726E+02	
217	1.315939E+02	1.941993E+02	1.974744E+02	
218	1.293688E+02	1.952504E+02	1.954017E+02	
219	1.339851E+02	1.941753E+02	1.970296E+02	
220	1.317506E+02	1.949526E+02	1.960891E+02	
221	1.303561E+02	1.950280E+02	1.956090E+02	
222	1.299357E+02	1.946274E+02	1.969873E+02	
223	1.313263E+02	1.962963E+02	1.968095E+02	
224	1.317281E+02	1.961966E+02	1.972717E+02	
225	1.309795E+02	1.957491E+02	1.968031E+02	
226	1.307275E+02	1.959118E+02	1.977426E+02	
227	1.310002E+02	1.954739E+02	1.961503E+02	
228	1.314058E+02	1.951145E+02	1.963848E+02	
229	1.321145E+02	1.956079E+02	1.980289E+02	
230	1.292523E+02	1.956455E+02	1.968763E+02	
231	1.322137E+02	1.967805E+02	1.972685E+02	
232	1.312884E+02	1.953844E+02	1.979321E+02	
233	1.342041E+02	1.957917E+02	1.965018E+02	
234	1.305229E+02	1.961008E+02	1.974977E+02	
235	1.324880E+02	1.968914E+02	1.980169E+02	
236	1.316785E+02	1.960474E+02	1.969518E+02	
237	1.327730E+02	1.950541E+02	1.965572E+02	
238	1.289522E+02	1.951046E+02	1.965006E+02	
239	1.292883E+02	1.950711E+02	1.979013E+02	
240	1.277163E+02	1.961500E+02	1.964773E+02	
241	1.293694E+02	1.950974E+02	1.972601E+02	
242	1.299669E+02	1.936522E+02	1.957108E+02	
243	1.285358E+02	1.957405E+02	1.954118E+02	
244	1.288616E+02	1.957177E+02	1.958761E+02	
245	1.250401E+02	1.940165E+02	1.950449E+02	
246	1.270096E+02	1.972204E+02	1.957025E+02	
247	1.315488E+02	1.943974E+02	1.963289E+02	
248	1.316832E+02	1.964354E+02	1.946414E+02	
249	1.257727E+02	1.962468E+02	1.961433E+02	
250	1.254449E+02	1.953947E+02	1.960920E+02	
251	1.311799E+02	1.957694E+02	1.957388E+02	
252	1.254319E+02	1.958953E+02	1.946935E+02	
253	1.297140E+02	1.960394E+02	1.941859E+02	
254	1.282428E+02	1.945845E+02	1.956979E+02	
255	1.297551E+02	1.955357E+02	1.955688E+02	
256	1.295932E+02	1.959181E+02	1.957451E+02	
257	1.264483E+02	1.956366E+02	1.948285E+02	
258	1.270899E+02	1.944975E+02	1.942514E+02	
259	1.266396E+02	1.940978E+02	1.950047E+02	
260	1.289143E+02	1.946903E+02	1.941280E+02	
261	1.230606E+02	1.947876E+02	1.944192E+02	
262	1.235566E+02	1.950834E+02	1.941598E+02	
263	1.275549E+02	1.936760E+02	1.939936E+02	
264	1.256527E+02	1.951147E+02	1.929036E+02	
265	1.270316E+02	1.945400E+02	1.937977E+02	
266	1.254823E+02	1.928258E+02	1.929142E+02	
267	1.269339E+02	1.934102E+02	1.913049E+02	
268	1.253248E+02	1.934470E+02	1.918237E+02	
269	1.251822E+02	1.929223E+02	1.921889E+02	
270	1.238019E+02	1.928416E+02	1.913966E+02	
271	1.257630E+02	1.930558E+02	1.931375E+02	
272	1.196213E+02	1.925743E+02	1.918396E+02	
273	1.161457E+02	1.922239E+02	1.922545E+02	
274	1.203221E+02	1.933228E+02	1.922996E+02	
275	1.179472E+02	1.923525E+02	1.920161E+02	
276	1.159146E+02	1.918212E+02	1.915000E+02	
277	1.174871E+02	1.910963E+02	1.926632E+02	
278	1.179047E+02	1.905607E+02	1.894900E+02	
279	1.136610E+02	1.914302E+02	1.905598E+02	
280	1.145475E+02	1.907113E+02	1.902280E+02	
281	1.141282E+02	1.904274E+02	1.901986E+02	
282	1.154747E+02	1.915576E+02	1.907257E+02	
283	1.122945E+02	1.900169E+02	1.917598E+02	
284	1.140637E+02	1.918381E+02	1.895823E+02	
285	1.157009E+02	1.906396E+02	1.889463E+02	
286	1.129231E+02	1.912653E+02	1.897933E+02	
287	1.167594E+02	1.920555E+02	1.883867E+02	
288	1.140186E+02	1.904909E+02	1.894938E+02	
289	1.101440E+02	1.914088E+02	1.894137E+02	
290	1.119325E+02	1.915159E+02	1.896794E+02	
291	1.137478E+02	1.908202E+02	1.883390E+02	
292	1.135645E+02	1.921748E+02	1.884939E+02	
293	1.103482E+02	1.915328E+02	1.885333E+02	
294	1.106517E+02	1.912921E+02	1.883335E+02	
295	1.105093E+02	1.910728E+02	1.891108E+02	
296	1.112628E+02	1.904042E+02	1.900958E+02	
297	1.089241E+02	1.918627E+02	1.881973E+02	
298	1.089945E+02	1.919100E+02	1.889630E+02	
299	1.074563E+02	1.905529E+02	1.878068E+02	
300	1.116240E+02	1.905720E+02	1.876613E+02	
301	1.101231E+02	1.922667E+02	1.901843E+02	
302	1.054170E+02	1.904673E+02	1.883512E+02	
303	1.098983E+02	1.924192E+02	1.888937E+02	
304	1.094506E+02	1.907410E+02	1.883476E+02	
305	1.033130E+02	1.907024E+02	1.882396E+02	
306	1.067267E+02	1.921869E+02	1.881169E+02	
307	1.096073E+02	1.895296E+02	1.880942E+02	
308	1.042234E+02	1.909627E+02	1.886963E+02	
309	1.054350E+02	1.907346E+02	1.875749E+02	
310	1.093803E+02	1.901998E+02	1.887713E+02	
311	1.030783E+02	1.894055E+02	1.861199E+02	
312	1.068474E+02	1.897214E+02	1.876421E+02	
313	1.073376E+02	1.888990E+02	1.877308E+02	
314	9.961045E+01	1.903222E+02	1.868331E+02	
315	1.048270E+02	1.899853E+02	1.865747E+02	
316	1.069133E+02	1.893691E+02	1.874516E+02	
317	1.032028E+02	1.903042E+02	1.887882E+02	
318	1.072456E+02	1.907861E+02	1.887212E+02	
319	1.114965E+02	1.895668E+02	1.879109E+02	
320	1.106241E+02	1.906447E+02	1.890384E+02	
321	1.137841E+02	1.893464E+02	1.880933E+02	
322	1.123051E+02	1.892194E+02	1.878570E+02	
323	1.116517E+02	1.895889E+02	1.885566E+02	
324	1.149514E+02	1.891543E+02	1.879872E+02	
325	1.121657E+02	1.904725E+02	1.891409E+02	
326	1.188090E+02	1.907096E+02	1.892032E+02	
327	1.140571E+02	1.902271E+02	1.883453E+02	
328	1.139263E+02	1.893734E+02	1.877040E+02	
329	1.222995E+02	1.897355E+02	1.881930E+02	
330	1.187277E+02	1.913972E+02	1.880126E+02	
331	1.188873E+02	1.893954E+02	1.884324E+02	
332	1.201366E+02	1.900780E+02	1.884373E+02	
333	1.226219E+02	1.894030E+02	1.880854E+02	
334	1.273935E+02	1.900277E+02	1.888514E+02	
335	1.206178E+02	1.898287E+02	1.871591E+02	
336	1.283776E+02	1.898318E+02	1.872082E+02	
337	1.200194E+02	1.907813E+02	1.888157E+02	
338	1.272670E+02	1.903293E+02	1.868156E+02	
339	1.249537E+02	1.890046E+02	1.870947E+02	
340	1.246452E+02	1.898511E+02	1.877295E+02	
341	1.301425E+02	1.888184E+02	1.876611E+02	
342	1.299171E+02	1.869156E+02	1.864404E+02	
343	1.249039E+02	1.895616E+02	1.879144E+02	
344	1.240810E+02	1.895600E+02	1.871215E+02	
345	1.261096E+02	1.888909E+02	1.860257E+02	
346	1.262736E+02	1.884267E+02	1.868003E+02	
347	1.282863E+02	1.895436E+02	1.870229E+02	
348	1.313425E+02	1.890240E+02	1.882132E+02	
349	1.302083E+02	1.882492E+02	1.873189E+02	
350	1.285693E+02	1.879333E+02	1.882239E+02	
351	1.278804E+02	1.895963E+02	1.875505E+02	
352	1.215921E+02	1.895552E+02	1.866489E+02	
353	1.282830E+02	1.887263E+02	1.887678E+02	
354	1.299517E+02	1.897243E+02	1.868133E+02	
355	1.278628E+02	1.905123E+02	1.881243E+02	
356	1.269193E+02	1.893162E+02	1.883659E+02	
357	1.290072E+02	1.890082E+02	1.896575E+02	
358	1.289752E+02	1.886502E+02	1.893722E+02	
359	1.215206E+02	1.878822E+02	1.899843E+02	
360	1.235109E+02	1.882599E+02	1.882668E+02	
361	1.287245E+02	1.891045E+02	1.885899E+02	
362	1.212972E+02	1.878973E+02	1.908437E+02	
363	1.245896E+02	1.865574E+02	1.902434E+02	
364	1.273752E+02	1.885737E+02	1.888111E+02	
365	1.235582E+02	1.891887E+02	1.907532E+02	
366	1.282621E+02	1.890183E+02	1.894719E+02	
367	1.322288E+02	1.894935E+02	1.892809E+02	
368	1.308479E+02	1.884751E+02	1.911019E+02	
369	1.272259E+02	1.895098E+02	1.898356E+02	
370	1.302466E+02	1.883801E+02	1.906951E+02	
371	1.315435E+02	1.872360E+02	1.890676E+02	
372	1.322435E+02	1.877434E+02	1.883823E+02	
373	1.299370E+02	1.885280E+02	1.896984E+02	
374	1.294933E+02	1.878314E+02	1.893775E+02	
375	1.229982E+02	1.889027E+02	1.909889E+02	
376	1.297653E+02	1.878964E+02	1.889605E+02	
377	1.219721E+02	1.863957E+02	1.909632E+02	
378	1.182930E+02	1.872970E+02	1.882904E+02	
379	1.252370E+02	1.857109E+02	1.905695E+02	
380	1.169859E+02	1.880409E+02	1.904840E+02	
381	1.260080E+02	1.892398E+02	1.886989E+02	
382	1.177587E+02	1.868139E+02	1.892013E+02	
383	1.244884E+02	1.869883E+02	1.918376E+02	
384	1.186278E+02	1.870255E+02	1.905738E+02	
385	1.247841E+02	1.888069E+02	1.887764E+02	
386	1.187546E+02	1.878911E+02	1.891441E+02	
387	1.209620E+02	1.876042E+02	1.896126E+02	
388	1.210745E+02	1.872506E+02	1.885928E+02	
389	1.142332E+02	1.864831E+02	1.904711E+02	
390	1.225086E+02	1.878522E+02	1.889380E+02	
391	1.183273E+02	1.868311E+02	1.887688E+02	
392	1.233423E+02	1.863510E+02	1.889216E+02	
393	1.221421E+02	1.887463E+02	1.883499E+02	
394	1.192556E+02	1.867951E+02	1.905583E+02	
395	1.261962E+02	1.875519E+02	1.887530E+02	
396	1.174120E+02	1.873236E+02	1.907461E+02	
397	1.234836E+02	1.855220E+02	1.888552E+02	
398	1.328985E+02	1.847171E+02	1.869367E+02	
399	1.212476E+02	1.868647E+02	1.889375E+02	
400	1.218913E+02	1.850603E+02	1.880720E+02	
401	1.198917E+02	1.863794E+02	1.868463E+02	
402	1.151724E+02	1.878654E+02	1.882724E+02	
403	1.231399E+02	1.839450E+02	1.889122E+02	
404	1.189187E+02	1.873554E+02	1.867984E+02	
405	1.246944E+02	1.867658E+02	1.867932E+02	
406	1.285307E+02	1.854919E+02	1.881703E+02	
407	1.173651E+02	1.883457E+02	1.869623E+02	
408	1.172306E+02	1.866133E+02	1.850564E+02	
409	1.199795E+02	1.848602E+02	1.881603E+02	
410	1.212095E+02	1.881659E+02	1.885722E+02	
411	1.158366E+02	1.864804E+02	1.889089E+02	
412	1.154529E+02	1.882028E+02	1.916286E+02	
413	1.266479E+02	1.876619E+02	1.905790E+02	
414	1.229434E+02	1.874506E+02	1.907170E+02	
415	1.197966E+02	1.854948E+02	1.887839E+02	
416	1.213111E+02	1.872597E+02	1.917973E+02	
417	1.162526E+02	1.870674E+02	1.926893E+02	
418	1.179417E+02	1.859905E+02	1.899914E+02	
419	1.292764E+02	1.859153E+02	1.922660E+02	
420	1.267856E+02	1.850456E+02	1.880120E+02	
421	1.327269E+02	1.870933E+02	1.907640E+02	
422	1.213701E+02	1.835500E+02	1.917553E+02	
423	1.253580E+02	1.861974E+02	1.892516E+02	
424	1.263683E+02	1.878870E+02	1.887973E+02	
425	1.198028E+02	1.878117E+02	1.912818E+02	
426	1.142543E+02	1.886804E+02	1.923348E+02	
427	1.443552E+02	1.883337E+02	1.900831E+02	
428	1.264056E+02	1.871171E+02	1.903442E+02	
429	1.253202E+02	1.885595E+02	1.891257E+02	
430	1.406223E+02	1.889702E+02	1.890861E+02	
431	1.313761E+02	1.887810E+02	1.948544E+02	
432	1.157956E+02	1.887651E+02	1.911065E+02	
433	1.228916E+02	1.903178E+02	1.909565E+02	
434	1.088759E+02	1.904553E+02	1.887607E+02	
435	1.439497E+02	1.902059E+02	1.872435E+02	
436	1.268090E+02	1.898990E+02	1.872049E+02	
437	1.339922E+02	1.911945E+02	1.905489E+02	
438	1.076806E+02	1.897823E+02	1.862044E+02	
439	1.391039E+02	1.892392E+02	1.893658E+02	
440	1.336279E+02	1.878943E+02	1.891245E+02	
441	1.271668E+02	1.856720E+02	1.918572E+02	
442	1.439425E+02	1.889290E+02	1.916094E+02	
443	1.159194E+02	1.855273E+02	1.849539E+02	
444	1.501686E+02	1.850789E+02	1.919317E+02	
445	1.129182E+02	1.850226E+02	1.873611E+02	
446	1.507150E+02	1.835674E+02	1.876382E+02	
447	1.109394E+02	1.868683E+02	1.901504E+02	
448	1.566556E+02	1.859449E+02	1.859618E+02	
449	1.697106E+02	1.807526E+02	1.885495E+02	
450	1.669028E+02	1.818316E+02	1.888391E+02	
451	1.796383E+02	1.842772E+02	1.876757E+02	
452	1.535599E+02	1.837346E+02	1.879329E+02	
453	1.794879E+02	1.835460E+02	1.852806E+02	
454	1.713075E+02	1.856922E+02	1.837458E+02	
455	1.911536E+02	1.803466E+02	1.874095E+02	
456	1.664015E+02	1.847104E+02	1.822031E+02	
457	1.989448E+02	1.799211E+02	1.821846E+02	
458	1.318589E+02	1.839223E+02	1.840056E+02	
459	1.548193E+02	1.831421E+02	1.854269E+02	
460	1.827969E+02	1.807797E+02	1.884169E+02	
461	1.677808E+02	1.871958E+02	1.803449E+02	
462	1.943372E+02	1.814083E+02	1.810846E+02	
463	1.719137E+02	1.818590E+02	1.846996E+02	
464	2.008582E+02	1.812016E+02	1.801649E+02	
465	1.579493E+02	1.807548E+02	1.817126E+02	
466	1.701608E+02	1.843934E+02	1.805636E+02	
467	1.735851E+02	1.837381E+02	1.836752E+02	
468	2.080133E+02	1.823974E+02	1.805355E+02	
469	1.356851E+02	1.836152E+02	1.840157E+02	
470	1.502503E+02	1.793673E+02	1.798062E+02	
471	1.543856E+02	1.833293E+02	1.754136E+02	
472	1.096957E+02	1.800694E+02	1.797585E+02	
473	1.895665E+02	1.743304E+02	1.818563E+02	
474	1.486434E+02	1.808715E+02	1.802123E+02	
475	9.310770E+01	1.784137E+02	1.824220E+02	
476	5.218459E+01	1.834804E+02	1.821078E+02	
477	7.946666E+01	1.821232E+02	1.864284E+02	
478	0.000000E+00	1.807846E+02	1.801677E+02	
479	5.218459E+01	1.861471E+02	1.879322E+02	
480	3.561736E+02	1.753747E+02	1.807709E+02	
481	2.041791E+02	1.799468E+02	1.775792E+02	
482	0.000000E+00	1.762562E+02	1.939318E+02	
483	2.548440E+02	1.768458E+02	1.755251E+02	
484	5.218459E+01	1.923907E+02	1.886875E+02	
485	2.041791E+02	1.746199E+02	1.843628E+02	
486	5.218459E+01	1.987909E+02	1.758797E+02	
487	3.561736E+02	1.747591E+02	1.891299E+02	
488	5.218459E+01	1.905338E+02	1.661220E+02	
489	0.000000E+00	1.745621E+02	1.912556E+02	
490	0.000000E+00	1.929904E+02	1.683434E+02	
491	0.000000E+00	1.873677E+02	1.739524E+02	
492	0.000000E+00	1.817597E+02	1.868102E+02	
493	0.000000E+00	2.252017E+02	1.687991E+02	
494	0.000000E+00	1.767187E+02	1.899033E+02	
495	0.000000E+00	2.286488E+02	1.615939E+02	
496	0.000000E+00	1.812385E+02	1.899200E+02	
497	0.000000E+00	2.074477E+02	1.678752E+02	
498	0.000000E+00	1.825054E+02	2.104003E+02	
499	0.000000E+00	1.835657E+02	1.931077E+02	
500	0.000000E+00	0.000000E+00	0.000000E+00	
501	0.000000E+00	1.881341E+02	1.997375E+02	
502	0.000000E+00	0.000000E+00	0.000000E+00	
503	0.000000E+00	1.771463E+02	2.043660E+02	
504	0.000000E+00	0.000000E+00	0.000000E+00	
505	0.000000E+00	1.830601E+02	2.014069E+02	
506	0.000000E+00	1.488058E+02	1.838756E+02	
507	0.000000E+00	0.000000E+00	0.000000E+00	
508	0.000000E+00	1.753514E+02	2.012044E+02	
509	0.000000E+00	0.000000E+00	0.000000E+00	
510	0.000000E+00	1.782501E+02	2.260453E+02	
511	0.000000E+00	0.000000E+00	0.000000E+00	
512	0.000000E+00	1.598305E+02	2.200577E+02	
513	0.000000E+00	0.000000E+00	0.000000E+00	
514	0.000000E+00	0.000000E+00	0.000000E+00	
515	0.000000E+00	1.969784E+02	2.579972E+02	
516	0.000000E+00	0.000000E+00	0.000000E+00	
517	0.000000E+00	2.415468E+02	2.475223E+02	
518	0.000000E+00	0.000000E+00	0.000000E+00	
519	0.000000E+00	1.851019E+02	2.868299E+02	
520	0.000000E+00	0.000000E+00	0.000000E+00	
521	0.000000E+00	0.000000E+00	0.000000E+00	
522	0.000000E+00	0.000000E+00	0.000000E+00	
523	0.000000E+00	0.000000E+00	0.000000E+00	
524	0.000000E+00	0.000000E+00	0.000000E+00	
525	0.000000E+00	0.000000E+00	0.000000E+00	
526	0.000000E+00	0.000000E+00	0.000000E+00	
527	0.000000E+00	0.000000E+00	0.000000E+00	
528	0.000000E+00	0.000000E+00	0.000000E+00	
529	0.000000E+00	0.000000E+00	0.000000E+00	
530	0.000000E+00	0.000000E+00	0.000000E+00	
531	0.000000E+00	0.000000E+00	0.000000E+00	
532	0.000000E+00	0.000000E+00	0.000000E+00	
533	0.000000E+00	0.000000E+00	0.000000E+00	
534	0.000000E+00	0.000000E+00	0.000000E+00	
535	0.000000E+00	0.000000E+00	0.000000E+00	
536	0.000000E+00	0.000000E+00	0.000000E+00	
537	0.000000E+00	0.000000E+00	0.000000E+00	
538	0.000000E+00	0.000000E+00	0.000000E+00	
539	0.000000E+00	0.000000E+00	0.000000E+00	
540	0.000000E+00	0.000000E+00	0.000000E+00	
541	0.000000E+00	0.000000E+00	0.000000E+00	
542	0.000000E+00	0.000000E+00	0.000000E+00	
543	0.000000E+00	0.000000E+00	0.000000E+00	
544	0.000000E+00	0.000000E+00	0.000000E+00	
545	0.000000E+00	0.000000E+00	0.000000E+00	
546	0.000000E+00	0.000000E+00	0.000000E+00	
547	0.000000E+00	0.000000E+00	0.000000E+00	
548	0.000000E+00	0.000000E+00	0.000000E+00	
549	0.000000E+00	0.000000E+00	0.000000E+00	
550	0.000000E+00	0.000000E+00	0.000000E+00	
551	0.000000E+00	0.000000E+00	0.000000E+00	
552	0.000000E+00	0.000000E+00	0.000000E+00	
553	0.000000E+00	0.000000E+00	0.000000E+00	
554	0.000000E+00	0.000000E+00	0.000000E+00	
555	0.000000E+00	0.000000E+00	0.000000E+00	
556	0.000000E+00	0.000000E+00	0.000000E+00	
557	0.000000E+00	0.000000E+00	0.000000E+00	
558	0.000000E+00	0.000000E+00	0.000000E+00	
559	0.000000E+00	0.000000E+00	0.000000E+00	
560	0.000000E+00	0.000000E+00	0.000000E+00	
561	0.000000E+00	0.000000E+00	0.000000E+00	
562	0.000000E+00	0.000000E+00	0.000000E+00	
563	0.000000E+00	0.000000E+00	0.000000E+00	
564	0.000000E+00	0.000000E+00	0.000000E+00	
565	0.000000E+00	0.000000E+00	0.000000E+00	
566	0.000000E+00	0.000000E+00	0.000000E+00	
567	0.000000E+00	0.000000E+00	0.000000E+00	
568	0.000000E+00	0.000000E+00	0.000000E+00	
569	0.000000E+00	0.000000E+00	0.000000E+00	
570	0.000000E+00	0.000000E+00	0.000000E+00	
571	0.000000E+00	0.000000E+00	0.000000E+00	
572	0.000000E+00	0.000000E+00	0.000000E+00	
573	0.000000E+00	0.000000E+00	0.000000E+00	
574	0.000000E+00	0.000000E+00	0.000000E+00	
575	0.000000E+00	0.000000E+00	0.000000E+00	
576	0.000000E+00	0.000000E+00	0.000000E+00	
577	0.000000E+00	0.000000E+00	0.000000E+00	
578	0.000000E+00	0.000000E+00	0.000000E+00	
579	0.000000E+00	0.000000E+00	0.000000E+00	
580	0.000000E+00	0.000000E+00	0.000000E+00	
581	0.000000E+00	0.000000E+00	0.000000E+00	
582	0.000000E+00	0.000000E+00	0.000000E+00	
583	0.000000E+00	0.000000E+00	0.000000E+00	
584	0.000000E+00	0.000000E+00	0.000000E+00	
585	0.000000E+00	0.000000E+00	0.000000E+00	
586	0.000000E+00	0.000000E+00	0.000000E+00	
587	0.000000E+00	0.000000E+00	0.000000E+00	
588	0.000000E+00	0.000000E+00	0.000000E+00	
589	0.000000E+00	0.000000E+00	0.000000E+00	
590	0.000000E+00	0.000000E+00	0.000000E+00	
591	0.000000E+00	0.000000E+00	0.000000E+00	
592	0.000000E+00	0.000000E+00	0.000000E+00	
593	0.000000E+00	0.000000E+00	0.000000E+00	
594	0.000000E+00	0.000000E+00	0.000000E+00	
595	0.000000E+00	0.000000E+00	0.000000E+00	
596	0.000000E+00	0.000000E+00	0.000000E+00	
597	0.000000E+00	0.000000E+00	0.000000E+00	
598	0.000000E+00	0.000000E+00	0.000000E+00	
599	0.000000E+00	0.000000E+00	0.000000E+00	
#NewRun
