#COM_Bin	Avg_cosine_squared
#Order is chain type
0	0	0	0	
1	0	0	0	
2	0	0	0	
3	0	0	0	
4	3.130835E-01	3.199870E-01	3.049438E-01	
5	3.286742E-01	3.320517E-01	3.443261E-01	
6	3.214512E-01	3.275323E-01	3.303385E-01	
7	0	0	0	
8	3.357342E-01	3.230539E-01	3.362770E-01	
9	3.353882E-01	3.272333E-01	3.438213E-01	
10	0	0	0	
11	3.280095E-01	3.266191E-01	3.479946E-01	
12	3.365554E-01	3.246861E-01	3.280964E-01	
13	3.300761E-01	3.225719E-01	3.397641E-01	
14	3.385639E-01	3.258402E-01	3.428138E-01	
15	0	0	0	
16	3.294201E-01	3.239844E-01	3.389756E-01	
17	3.340787E-01	3.325465E-01	3.468228E-01	
18	3.270031E-01	3.262210E-01	3.430812E-01	
19	3.273278E-01	3.278027E-01	3.483343E-01	
20	3.305872E-01	3.266381E-01	3.365721E-01	
21	3.342959E-01	3.230070E-01	3.401612E-01	
22	3.395533E-01	3.295145E-01	3.302212E-01	
23	3.369739E-01	3.291253E-01	3.414937E-01	
24	3.393172E-01	3.244447E-01	3.352178E-01	
25	3.334721E-01	3.270135E-01	3.342749E-01	
26	3.364411E-01	3.320792E-01	3.325528E-01	
27	3.410882E-01	3.335491E-01	3.324551E-01	
28	3.327928E-01	3.277129E-01	3.341337E-01	
29	3.325716E-01	3.272684E-01	3.332353E-01	
30	3.341672E-01	3.284766E-01	3.370126E-01	
31	3.336873E-01	3.195281E-01	3.302550E-01	
32	3.310876E-01	3.248454E-01	3.361955E-01	
33	3.303971E-01	3.234808E-01	3.323367E-01	
34	3.310934E-01	3.267050E-01	3.318221E-01	
35	3.341121E-01	3.246315E-01	3.350401E-01	
36	3.330777E-01	3.278606E-01	3.396264E-01	
37	3.308180E-01	3.277714E-01	3.378579E-01	
38	3.294250E-01	3.348563E-01	3.334452E-01	
39	3.286153E-01	3.325746E-01	3.347076E-01	
40	3.317267E-01	3.307641E-01	3.320476E-01	
41	3.305130E-01	3.258681E-01	3.342412E-01	
42	3.286804E-01	3.267600E-01	3.295297E-01	
43	3.257156E-01	3.258231E-01	3.344474E-01	
44	3.275536E-01	3.282067E-01	3.283846E-01	
45	3.308472E-01	3.268955E-01	3.293960E-01	
46	3.280423E-01	3.276402E-01	3.308746E-01	
47	3.282157E-01	3.274765E-01	3.281185E-01	
48	3.279802E-01	3.262619E-01	3.264009E-01	
49	3.286573E-01	3.242813E-01	3.267876E-01	
50	3.265966E-01	3.240648E-01	3.216600E-01	
51	3.285193E-01	3.273149E-01	3.213225E-01	
52	3.255353E-01	3.257287E-01	3.237939E-01	
53	3.270863E-01	3.256309E-01	3.276509E-01	
54	3.277361E-01	3.272743E-01	3.229715E-01	
55	3.307342E-01	3.269739E-01	3.266645E-01	
56	3.280157E-01	3.312298E-01	3.238808E-01	
57	3.276816E-01	3.262222E-01	3.230096E-01	
58	3.271732E-01	3.284668E-01	3.260989E-01	
59	3.234897E-01	3.295891E-01	3.207107E-01	
60	3.265443E-01	3.299857E-01	3.257454E-01	
61	3.233220E-01	3.306206E-01	3.213186E-01	
62	3.244347E-01	3.267425E-01	3.231686E-01	
63	3.233579E-01	3.283294E-01	3.234606E-01	
64	3.214914E-01	3.299343E-01	3.234671E-01	
65	3.243120E-01	3.257157E-01	3.194986E-01	
66	3.227229E-01	3.307767E-01	3.216612E-01	
67	3.222442E-01	3.266802E-01	3.208907E-01	
68	3.209811E-01	3.274699E-01	3.196903E-01	
69	3.210015E-01	3.252885E-01	3.235855E-01	
70	3.204892E-01	3.271220E-01	3.214125E-01	
71	3.234028E-01	3.250295E-01	3.186174E-01	
72	3.194749E-01	3.243186E-01	3.224758E-01	
73	3.201522E-01	3.262894E-01	3.228219E-01	
74	3.210660E-01	3.254826E-01	3.226422E-01	
75	3.196808E-01	3.239833E-01	3.226158E-01	
76	3.188854E-01	3.228034E-01	3.198380E-01	
77	3.177088E-01	3.238396E-01	3.200872E-01	
78	3.157637E-01	3.256381E-01	3.224085E-01	
79	3.179496E-01	3.241773E-01	3.213232E-01	
80	3.183608E-01	3.219943E-01	3.217676E-01	
81	3.144555E-01	3.213381E-01	3.227309E-01	
82	3.170494E-01	3.228887E-01	3.231820E-01	
83	3.155715E-01	3.237912E-01	3.220250E-01	
84	3.148734E-01	3.220039E-01	3.217816E-01	
85	3.151054E-01	3.202421E-01	3.222222E-01	
86	3.155461E-01	3.191868E-01	3.233529E-01	
87	3.151931E-01	3.176353E-01	3.231982E-01	
88	3.149416E-01	3.168919E-01	3.229099E-01	
89	3.139948E-01	3.163164E-01	3.228451E-01	
90	3.125327E-01	3.174924E-01	3.244404E-01	
91	3.143074E-01	3.161698E-01	3.215705E-01	
92	3.154170E-01	3.163514E-01	3.233879E-01	
93	3.153331E-01	3.150538E-01	3.245965E-01	
94	3.131612E-01	3.157504E-01	3.203987E-01	
95	3.154286E-01	3.131235E-01	3.232388E-01	
96	3.145297E-01	3.125011E-01	3.240022E-01	
97	3.146057E-01	3.140292E-01	3.248936E-01	
98	3.150095E-01	3.136852E-01	3.242076E-01	
99	3.176921E-01	3.138539E-01	3.229755E-01	
100	3.158098E-01	3.158510E-01	3.226810E-01	
101	3.157947E-01	3.127112E-01	3.210282E-01	
102	3.173690E-01	3.143513E-01	3.232725E-01	
103	3.190091E-01	3.140627E-01	3.219738E-01	
104	3.181443E-01	3.156293E-01	3.223610E-01	
105	3.194201E-01	3.136834E-01	3.213820E-01	
106	3.194255E-01	3.157714E-01	3.229880E-01	
107	3.214874E-01	3.153603E-01	3.241468E-01	
108	3.229752E-01	3.180188E-01	3.221113E-01	
109	3.223311E-01	3.166431E-01	3.247809E-01	
110	3.250555E-01	3.169991E-01	3.244217E-01	
111	3.232660E-01	3.169518E-01	3.261915E-01	
112	3.240727E-01	3.190755E-01	3.237345E-01	
113	3.238879E-01	3.174158E-01	3.228491E-01	
114	3.253358E-01	3.190805E-01	3.261931E-01	
115	3.257402E-01	3.179462E-01	3.278280E-01	
116	3.280271E-01	3.222499E-01	3.251047E-01	
117	3.279324E-01	3.207293E-01	3.261255E-01	
118	3.288002E-01	3.221327E-01	3.277943E-01	
119	3.310789E-01	3.230265E-01	3.278141E-01	
120	3.332493E-01	3.235476E-01	3.275653E-01	
121	3.328809E-01	3.229752E-01	3.273426E-01	
122	3.333074E-01	3.250291E-01	3.295477E-01	
123	3.344614E-01	3.276182E-01	3.286676E-01	
124	3.373789E-01	3.270455E-01	3.293527E-01	
125	3.376484E-01	3.283037E-01	3.291849E-01	
126	3.384137E-01	3.279140E-01	3.309573E-01	
127	3.405782E-01	3.319363E-01	3.318512E-01	
128	3.414133E-01	3.321678E-01	3.322846E-01	
129	3.414765E-01	3.318630E-01	3.335470E-01	
130	3.431342E-01	3.326206E-01	3.341061E-01	
131	3.444957E-01	3.354652E-01	3.346963E-01	
132	3.463173E-01	3.345104E-01	3.362105E-01	
133	3.471186E-01	3.367591E-01	3.367095E-01	
134	3.487193E-01	3.394003E-01	3.429227E-01	
135	3.486070E-01	3.402517E-01	3.428588E-01	
136	3.527176E-01	3.375325E-01	3.440068E-01	
137	3.542886E-01	3.421718E-01	3.453570E-01	
138	3.544829E-01	3.416586E-01	3.465333E-01	
139	3.573820E-01	3.434241E-01	3.492278E-01	
140	3.589286E-01	3.446250E-01	3.496035E-01	
141	3.613207E-01	3.469451E-01	3.510347E-01	
142	3.632122E-01	3.461978E-01	3.516493E-01	
143	3.628232E-01	3.496083E-01	3.546425E-01	
144	3.638855E-01	3.510263E-01	3.555826E-01	
145	3.689387E-01	3.522138E-01	3.583072E-01	
146	3.697181E-01	3.541359E-01	3.590149E-01	
147	3.702438E-01	3.535330E-01	3.613560E-01	
148	3.742647E-01	3.560249E-01	3.628850E-01	
149	3.732111E-01	3.593769E-01	3.625854E-01	
150	3.762785E-01	3.589636E-01	3.656037E-01	
151	3.776579E-01	3.602111E-01	3.661384E-01	
152	3.814382E-01	3.651115E-01	3.682289E-01	
153	3.833305E-01	3.651156E-01	3.697067E-01	
154	3.849641E-01	3.675913E-01	3.692116E-01	
155	3.848475E-01	3.708390E-01	3.727026E-01	
156	3.900153E-01	3.710766E-01	3.738747E-01	
157	3.880222E-01	3.740667E-01	3.755521E-01	
158	3.912957E-01	3.779481E-01	3.772655E-01	
159	3.934990E-01	3.769257E-01	3.801185E-01	
160	3.982475E-01	3.819236E-01	3.824845E-01	
161	3.985511E-01	3.835280E-01	3.816473E-01	
162	4.014551E-01	3.847224E-01	3.845563E-01	
163	4.036065E-01	3.873613E-01	3.856308E-01	
164	4.076774E-01	3.854154E-01	3.873202E-01	
165	4.107414E-01	3.917614E-01	3.907320E-01	
166	4.144213E-01	3.930327E-01	3.933178E-01	
167	4.164588E-01	3.923374E-01	3.912182E-01	
168	4.187528E-01	3.957982E-01	3.962399E-01	
169	4.240631E-01	3.967059E-01	3.981046E-01	
170	4.277897E-01	3.955850E-01	3.975809E-01	
171	4.332041E-01	3.994919E-01	3.997950E-01	
172	4.344645E-01	3.988269E-01	4.008111E-01	
173	4.390682E-01	4.005885E-01	4.025405E-01	
174	4.388190E-01	4.022675E-01	4.034872E-01	
175	4.462471E-01	4.025473E-01	4.058059E-01	
176	4.464500E-01	4.027698E-01	4.058198E-01	
177	4.486971E-01	4.045989E-01	4.072441E-01	
178	4.514737E-01	4.079694E-01	4.073462E-01	
179	4.539867E-01	4.076238E-01	4.077633E-01	
180	4.569839E-01	4.096889E-01	4.088992E-01	
181	4.581525E-01	4.099737E-01	4.089089E-01	
182	4.611022E-01	4.124849E-01	4.077437E-01	
183	4.623652E-01	4.127567E-01	4.122226E-01	
184	4.665673E-01	4.108423E-01	4.110872E-01	
185	4.648935E-01	4.106637E-01	4.112616E-01	
186	4.715953E-01	4.132361E-01	4.138644E-01	
187	4.725310E-01	4.111201E-01	4.127208E-01	
188	4.745894E-01	4.118371E-01	4.102287E-01	
189	4.789688E-01	4.143075E-01	4.113115E-01	
190	4.739686E-01	4.135967E-01	4.148991E-01	
191	4.747951E-01	4.153486E-01	4.128585E-01	
192	4.764428E-01	4.141855E-01	4.129340E-01	
193	4.834297E-01	4.160893E-01	4.115786E-01	
194	4.831458E-01	4.173195E-01	4.072163E-01	
195	4.833192E-01	4.164056E-01	4.130494E-01	
196	4.880494E-01	4.157198E-01	4.137293E-01	
197	4.870156E-01	4.144889E-01	4.135067E-01	
198	4.939323E-01	4.141030E-01	4.116627E-01	
199	4.967989E-01	4.141921E-01	4.151066E-01	
200	4.987737E-01	4.136212E-01	4.115760E-01	
201	4.990574E-01	4.125872E-01	4.113245E-01	
202	4.977607E-01	4.131374E-01	4.127212E-01	
203	5.038231E-01	4.119299E-01	4.148325E-01	
204	5.069128E-01	4.127507E-01	4.127439E-01	
205	5.079572E-01	4.133222E-01	4.119016E-01	
206	5.083356E-01	4.117079E-01	4.102965E-01	
207	5.106240E-01	4.119663E-01	4.102660E-01	
208	5.201727E-01	4.064803E-01	4.088978E-01	
209	5.135512E-01	4.088107E-01	4.039340E-01	
210	5.188678E-01	4.073664E-01	4.072615E-01	
211	5.226191E-01	4.082931E-01	4.037287E-01	
212	5.202809E-01	4.067488E-01	4.045255E-01	
213	5.275803E-01	4.038269E-01	4.030336E-01	
214	5.263413E-01	4.058323E-01	4.030910E-01	
215	5.234184E-01	4.080011E-01	4.003366E-01	
216	5.295695E-01	4.038648E-01	4.000995E-01	
217	5.268676E-01	3.980528E-01	4.011531E-01	
218	5.304535E-01	4.038653E-01	3.953990E-01	
219	5.224155E-01	3.989617E-01	4.030246E-01	
220	5.234735E-01	3.965439E-01	3.999943E-01	
221	5.203160E-01	3.955964E-01	3.948398E-01	
222	5.122067E-01	3.908515E-01	3.975172E-01	
223	5.203881E-01	3.916227E-01	3.993889E-01	
224	5.163810E-01	3.890012E-01	3.918500E-01	
225	5.194571E-01	3.868677E-01	3.942292E-01	
226	5.125968E-01	3.845850E-01	3.876001E-01	
227	5.182665E-01	3.849537E-01	3.897130E-01	
228	5.149373E-01	3.839151E-01	3.868890E-01	
229	5.043392E-01	3.814795E-01	3.865713E-01	
230	5.148188E-01	3.813136E-01	3.838030E-01	
231	5.077130E-01	3.737492E-01	3.804583E-01	
232	5.141650E-01	3.739161E-01	3.831782E-01	
233	5.048849E-01	3.715425E-01	3.840499E-01	
234	5.108328E-01	3.712851E-01	3.794081E-01	
235	5.027781E-01	3.750036E-01	3.776825E-01	
236	5.163541E-01	3.682690E-01	3.754837E-01	
237	4.939154E-01	3.643971E-01	3.747165E-01	
238	4.952659E-01	3.631538E-01	3.726955E-01	
239	4.989950E-01	3.640698E-01	3.685965E-01	
240	4.829884E-01	3.613077E-01	3.716030E-01	
241	4.764699E-01	3.625850E-01	3.647841E-01	
242	4.625517E-01	3.589072E-01	3.674873E-01	
243	4.746937E-01	3.579916E-01	3.635718E-01	
244	4.638843E-01	3.559207E-01	3.623840E-01	
245	4.604737E-01	3.540057E-01	3.596463E-01	
246	4.528906E-01	3.517233E-01	3.598884E-01	
247	4.431892E-01	3.490310E-01	3.582403E-01	
248	4.448513E-01	3.506816E-01	3.579490E-01	
249	4.330961E-01	3.526733E-01	3.526353E-01	
250	4.183454E-01	3.485187E-01	3.558995E-01	
251	4.380679E-01	3.481363E-01	3.546711E-01	
252	4.252883E-01	3.427002E-01	3.512954E-01	
253	4.127468E-01	3.429627E-01	3.497961E-01	
254	4.130824E-01	3.385003E-01	3.495061E-01	
255	4.141013E-01	3.401311E-01	3.447804E-01	
256	4.084565E-01	3.409407E-01	3.451754E-01	
257	4.036980E-01	3.355728E-01	3.408377E-01	
258	3.851020E-01	3.364414E-01	3.419393E-01	
259	3.966063E-01	3.352905E-01	3.391748E-01	
260	3.985344E-01	3.311268E-01	3.406956E-01	
261	3.786997E-01	3.307597E-01	3.386254E-01	
262	3.807293E-01	3.281235E-01	3.314078E-01	
263	3.770549E-01	3.318605E-01	3.321847E-01	
264	3.736711E-01	3.247697E-01	3.326349E-01	
265	3.710702E-01	3.224862E-01	3.307800E-01	
266	3.878607E-01	3.263415E-01	3.262856E-01	
267	3.581028E-01	3.231283E-01	3.205764E-01	
268	3.642943E-01	3.211580E-01	3.250077E-01	
269	3.534008E-01	3.221680E-01	3.188907E-01	
270	3.717362E-01	3.216760E-01	3.142820E-01	
271	3.682815E-01	3.189741E-01	3.191288E-01	
272	3.680019E-01	3.128242E-01	3.169570E-01	
273	3.577344E-01	3.160462E-01	3.162190E-01	
274	3.589844E-01	3.176904E-01	3.095747E-01	
275	3.672379E-01	3.172101E-01	3.136135E-01	
276	3.647794E-01	3.119266E-01	3.109930E-01	
277	3.500889E-01	3.084197E-01	3.099301E-01	
278	3.476949E-01	3.131939E-01	3.068275E-01	
279	3.613313E-01	3.089605E-01	3.122145E-01	
280	3.391864E-01	3.068959E-01	3.071106E-01	
281	3.363668E-01	3.071614E-01	3.069331E-01	
282	3.391884E-01	3.020535E-01	3.053055E-01	
283	3.585734E-01	3.032460E-01	3.001390E-01	
284	3.299661E-01	3.014459E-01	3.038369E-01	
285	3.165823E-01	3.019196E-01	2.994158E-01	
286	3.234597E-01	3.018324E-01	3.025050E-01	
287	3.246895E-01	3.011792E-01	2.989248E-01	
288	3.070902E-01	2.951527E-01	2.938214E-01	
289	3.205848E-01	2.956702E-01	2.957438E-01	
290	3.074602E-01	2.934344E-01	2.932363E-01	
291	3.158577E-01	2.962952E-01	2.938211E-01	
292	3.021651E-01	2.911465E-01	2.930531E-01	
293	3.027150E-01	2.929762E-01	2.918332E-01	
294	2.988509E-01	2.893681E-01	2.931161E-01	
295	3.025543E-01	2.887242E-01	2.949988E-01	
296	3.102810E-01	2.945192E-01	2.940324E-01	
297	3.002872E-01	2.919014E-01	2.907379E-01	
298	2.979532E-01	2.888793E-01	2.939333E-01	
299	2.875872E-01	2.883910E-01	2.930529E-01	
300	3.022783E-01	2.896935E-01	2.958974E-01	
301	3.033403E-01	2.922293E-01	2.941436E-01	
302	3.007954E-01	2.905926E-01	2.918797E-01	
303	3.017515E-01	2.920643E-01	2.965401E-01	
304	2.924878E-01	2.932271E-01	2.924241E-01	
305	2.959581E-01	2.933236E-01	2.934968E-01	
306	3.067553E-01	2.912781E-01	2.917069E-01	
307	3.068363E-01	2.882568E-01	2.950004E-01	
308	2.914464E-01	2.965966E-01	2.953186E-01	
309	3.083613E-01	2.921256E-01	2.967311E-01	
310	3.154950E-01	2.921025E-01	2.948603E-01	
311	3.083826E-01	2.911194E-01	2.909472E-01	
312	3.077881E-01	2.914559E-01	2.945737E-01	
313	3.202442E-01	2.918621E-01	2.908681E-01	
314	3.000237E-01	2.927631E-01	2.982193E-01	
315	3.020258E-01	2.896127E-01	2.908863E-01	
316	3.128308E-01	2.881902E-01	2.925154E-01	
317	3.016736E-01	2.879470E-01	2.954791E-01	
318	3.166704E-01	2.898015E-01	2.902904E-01	
319	3.043173E-01	2.887472E-01	2.912142E-01	
320	3.169885E-01	2.899267E-01	2.900965E-01	
321	3.180832E-01	2.903806E-01	2.919956E-01	
322	3.060791E-01	2.888397E-01	2.881362E-01	
323	3.105304E-01	2.919790E-01	2.931731E-01	
324	3.190007E-01	2.932271E-01	2.911981E-01	
325	3.158105E-01	2.959070E-01	2.930273E-01	
326	2.966811E-01	2.928366E-01	2.900706E-01	
327	2.991861E-01	2.938583E-01	2.917767E-01	
328	3.001991E-01	2.952832E-01	2.964489E-01	
329	2.975256E-01	2.920849E-01	2.939643E-01	
330	2.905645E-01	2.879407E-01	2.887426E-01	
331	2.931879E-01	2.932849E-01	2.929966E-01	
332	3.032872E-01	2.879668E-01	2.896805E-01	
333	2.953287E-01	2.881324E-01	2.874603E-01	
334	3.006827E-01	2.899985E-01	2.892203E-01	
335	2.856255E-01	2.909521E-01	2.876646E-01	
336	2.999989E-01	2.919966E-01	2.874700E-01	
337	2.970655E-01	2.898094E-01	2.897909E-01	
338	2.896077E-01	2.927246E-01	2.854492E-01	
339	3.070359E-01	2.914054E-01	2.866333E-01	
340	2.885553E-01	2.903786E-01	2.876654E-01	
341	2.822548E-01	2.906563E-01	2.872869E-01	
342	2.916663E-01	2.904035E-01	2.862038E-01	
343	2.870595E-01	2.905322E-01	2.841579E-01	
344	2.976447E-01	2.888880E-01	2.851512E-01	
345	2.855994E-01	2.890296E-01	2.843558E-01	
346	2.912806E-01	2.904887E-01	2.891282E-01	
347	3.050054E-01	2.848938E-01	2.856717E-01	
348	3.032224E-01	2.866463E-01	2.855350E-01	
349	3.148685E-01	2.880764E-01	2.875987E-01	
350	3.105892E-01	2.867013E-01	2.838642E-01	
351	3.097960E-01	2.866946E-01	2.832815E-01	
352	3.101002E-01	2.867906E-01	2.853706E-01	
353	3.139899E-01	2.855778E-01	2.827287E-01	
354	3.075726E-01	2.855435E-01	2.838377E-01	
355	3.053360E-01	2.835840E-01	2.862229E-01	
356	3.255574E-01	2.829900E-01	2.811862E-01	
357	3.094426E-01	2.824726E-01	2.824497E-01	
358	3.134066E-01	2.814040E-01	2.871265E-01	
359	3.101565E-01	2.854362E-01	2.784415E-01	
360	3.028762E-01	2.852292E-01	2.857740E-01	
361	3.126336E-01	2.814795E-01	2.819657E-01	
362	3.032130E-01	2.803718E-01	2.806323E-01	
363	3.080103E-01	2.785206E-01	2.857425E-01	
364	3.027821E-01	2.825012E-01	2.885669E-01	
365	2.857694E-01	2.784439E-01	2.851397E-01	
366	3.002815E-01	2.756649E-01	2.837650E-01	
367	2.898203E-01	2.836543E-01	2.869967E-01	
368	2.834560E-01	2.753109E-01	2.795600E-01	
369	3.124697E-01	2.846113E-01	2.890078E-01	
370	3.003969E-01	2.779510E-01	2.851034E-01	
371	2.827141E-01	2.801768E-01	2.851809E-01	
372	2.782587E-01	2.799967E-01	2.874468E-01	
373	2.836212E-01	2.804961E-01	2.819998E-01	
374	2.766856E-01	2.790805E-01	2.887352E-01	
375	2.949466E-01	2.834816E-01	2.896295E-01	
376	2.993107E-01	2.803594E-01	2.880323E-01	
377	2.919523E-01	2.805464E-01	2.890941E-01	
378	2.966661E-01	2.809584E-01	2.929681E-01	
379	2.889575E-01	2.802297E-01	2.884495E-01	
380	2.890494E-01	2.799082E-01	2.840640E-01	
381	2.990953E-01	2.818946E-01	2.932237E-01	
382	2.810129E-01	2.788304E-01	2.891013E-01	
383	2.901810E-01	2.772051E-01	2.869286E-01	
384	2.660526E-01	2.788024E-01	2.857228E-01	
385	2.784551E-01	2.750944E-01	2.829587E-01	
386	2.862083E-01	2.849918E-01	2.867736E-01	
387	2.670038E-01	2.757711E-01	2.838212E-01	
388	2.680133E-01	2.805040E-01	2.819125E-01	
389	2.636042E-01	2.796206E-01	2.865993E-01	
390	2.631982E-01	2.795480E-01	2.854866E-01	
391	2.818042E-01	2.782484E-01	2.817460E-01	
392	2.796783E-01	2.800628E-01	2.839611E-01	
393	2.693194E-01	2.762715E-01	2.803554E-01	
394	2.850432E-01	2.775387E-01	2.823887E-01	
395	2.748647E-01	2.815284E-01	2.864619E-01	
396	2.550072E-01	2.741270E-01	2.786258E-01	
397	2.651436E-01	2.796916E-01	2.829714E-01	
398	2.714109E-01	2.779271E-01	2.821361E-01	
399	2.722918E-01	2.834524E-01	2.815468E-01	
400	2.794015E-01	2.787971E-01	2.790438E-01	
401	2.736964E-01	2.788410E-01	2.765508E-01	
402	2.970711E-01	2.817225E-01	2.813649E-01	
403	2.866299E-01	2.836034E-01	2.774257E-01	
404	3.052684E-01	2.796894E-01	2.823702E-01	
405	2.878636E-01	2.823968E-01	2.801147E-01	
406	2.917301E-01	2.843016E-01	2.778981E-01	
407	3.064878E-01	2.876470E-01	2.932243E-01	
408	3.011382E-01	2.827962E-01	2.790284E-01	
409	2.894969E-01	2.881889E-01	2.841341E-01	
410	3.139761E-01	2.900251E-01	2.949662E-01	
411	3.056501E-01	2.939648E-01	2.911646E-01	
412	2.913642E-01	2.826238E-01	2.895028E-01	
413	3.213100E-01	2.966799E-01	2.961577E-01	
414	3.065641E-01	2.921234E-01	2.905993E-01	
415	3.206471E-01	2.985701E-01	2.947929E-01	
416	3.089313E-01	3.041359E-01	2.958413E-01	
417	3.053676E-01	2.922068E-01	2.907129E-01	
418	2.919709E-01	3.004414E-01	2.938447E-01	
419	3.225835E-01	3.002979E-01	2.989647E-01	
420	3.046890E-01	2.986678E-01	2.916674E-01	
421	3.058963E-01	2.966180E-01	2.987225E-01	
422	3.131067E-01	2.985465E-01	2.976629E-01	
423	3.275894E-01	2.920953E-01	2.946588E-01	
424	3.038519E-01	2.951447E-01	2.993983E-01	
425	3.023416E-01	2.963246E-01	2.967620E-01	
426	3.284449E-01	3.049614E-01	3.017978E-01	
427	3.041858E-01	2.904627E-01	2.948400E-01	
428	3.262294E-01	2.962626E-01	3.045522E-01	
429	3.172539E-01	2.971197E-01	2.965300E-01	
430	2.864195E-01	2.962997E-01	3.007869E-01	
431	3.269377E-01	2.981171E-01	3.056669E-01	
432	3.011099E-01	2.977059E-01	3.028052E-01	
433	3.431503E-01	3.015111E-01	3.048347E-01	
434	3.222891E-01	3.012100E-01	3.095856E-01	
435	3.162922E-01	3.093480E-01	3.119945E-01	
436	3.326847E-01	2.969721E-01	3.121554E-01	
437	2.969850E-01	3.079417E-01	3.056954E-01	
438	3.260135E-01	3.061411E-01	3.050649E-01	
439	3.281312E-01	3.131440E-01	2.948294E-01	
440	3.516464E-01	3.052455E-01	3.025605E-01	
441	3.516519E-01	3.041715E-01	2.983362E-01	
442	3.379455E-01	3.107951E-01	2.986236E-01	
443	3.587695E-01	2.932846E-01	2.833583E-01	
444	3.645866E-01	3.090707E-01	2.890661E-01	
445	3.970393E-01	3.158006E-01	2.978022E-01	
446	4.073003E-01	2.957595E-01	2.937708E-01	
447	4.175843E-01	2.909731E-01	2.950741E-01	
448	3.741148E-01	2.976727E-01	2.914964E-01	
449	4.013565E-01	3.039684E-01	3.053843E-01	
450	3.584396E-01	2.956035E-01	2.879334E-01	
451	4.188786E-01	3.052974E-01	3.079135E-01	
452	3.959983E-01	3.079404E-01	3.141626E-01	
453	3.718707E-01	2.871591E-01	2.897273E-01	
454	3.842859E-01	3.022537E-01	2.995796E-01	
455	3.789691E-01	2.885654E-01	3.012881E-01	
456	3.570411E-01	2.946746E-01	2.890285E-01	
457	3.604759E-01	2.953826E-01	3.016761E-01	
458	3.376948E-01	3.110887E-01	2.978506E-01	
459	3.075994E-01	2.972335E-01	3.054092E-01	
460	2.457866E-01	2.986050E-01	2.797329E-01	
461	2.312704E-01	3.164506E-01	3.024256E-01	
462	2.239953E-01	2.974065E-01	2.851099E-01	
463	3.150670E-01	3.137598E-01	3.144076E-01	
464	2.176652E-01	3.056405E-01	2.879553E-01	
465	3.067648E-01	3.166319E-01	2.728437E-01	
466	1.785583E-01	3.110485E-01	2.876055E-01	
467	2.289673E-01	3.008424E-01	2.765227E-01	
468	2.265154E-01	3.263456E-01	2.889786E-01	
469	2.523724E-01	2.995307E-01	2.735579E-01	
470	2.399113E-01	3.388174E-01	3.199176E-01	
471	1.546200E-01	2.921987E-01	2.916550E-01	
472	2.088851E-01	3.403502E-01	3.048836E-01	
473	1.760831E-01	2.935925E-01	2.772540E-01	
474	2.586470E-01	3.253677E-01	2.971419E-01	
475	2.471791E-01	2.957086E-01	2.939611E-01	
476	1.576387E-01	2.977585E-01	2.910185E-01	
477	3.120336E-01	3.586759E-01	3.429938E-01	
478	2.241566E-01	2.888212E-01	2.976052E-01	
479	2.873874E-01	3.411387E-01	3.274908E-01	
480	2.617350E-01	2.827963E-01	3.140759E-01	
481	2.668473E-01	3.418736E-01	3.272009E-01	
482	2.680643E-01	3.203970E-01	3.187977E-01	
483	2.997060E-01	3.324558E-01	3.269392E-01	
484	4.596784E-01	3.970195E-01	3.709828E-01	
485	2.241146E-01	3.018983E-01	3.306464E-01	
486	4.923226E-01	4.159580E-01	3.788747E-01	
487	2.102873E-01	3.080008E-01	3.377151E-01	
488	3.662206E-01	3.814834E-01	3.985674E-01	
489	2.062086E-01	3.226523E-01	3.455711E-01	
490	3.537713E-01	3.591172E-01	4.031283E-01	
491	2.550874E-01	3.281942E-01	3.681429E-01	
492	2.426977E-01	3.638926E-01	3.710077E-01	
493	0	4.803802E-01	5.065445E-01	
494	2.958972E-01	3.599229E-01	3.671499E-01	
495	0	4.795736E-01	4.579318E-01	
496	2.635412E-01	3.889931E-01	3.513597E-01	
497	2.302968E-01	4.505172E-01	4.505143E-01	
498	3.955526E-01	3.856417E-01	3.589868E-01	
499	2.498166E-01	4.015031E-01	3.899033E-01	
500	0	0	0	
501	3.397383E-01	4.223579E-01	3.815721E-01	
502	0	0	0	
503	4.403683E-01	4.552558E-01	4.204530E-01	
504	0	0	0	
505	5.317302E-01	4.742306E-01	4.138760E-01	
506	5.575735E-01	4.951315E-01	4.152688E-01	
507	0	0	0	
508	3.446822E-01	5.374149E-01	4.797155E-01	
509	0	0	0	
510	5.542791E-01	5.737389E-01	4.656961E-01	
511	0	0	0	
512	0	6.457282E-01	5.349147E-01	
513	0	0	0	
514	0	0	0	
515	0	6.774289E-01	7.011342E-01	
516	0	0	0	
517	0	7.692812E-01	6.248196E-01	
518	0	0	0	
519	0	8.084633E-01	9.696970E-01	
520	0	0	0	
521	0	0	0	
522	0	0	0	
523	0	0	0	
524	0	0	0	
525	0	0	0	
526	0	0	0	
527	0	0	0	
528	0	0	0	
529	0	0	0	
530	0	0	0	
531	0	0	0	
532	0	0	0	
533	0	0	0	
534	0	0	0	
535	0	0	0	
536	0	0	0	
537	0	0	0	
538	0	0	0	
539	0	0	0	
540	0	0	0	
541	0	0	0	
542	0	0	0	
543	0	0	0	
544	0	0	0	
545	0	0	0	
546	0	0	0	
547	0	0	0	
548	0	0	0	
549	0	0	0	
550	0	0	0	
551	0	0	0	
552	0	0	0	
553	0	0	0	
554	0	0	0	
555	0	0	0	
556	0	0	0	
557	0	0	0	
558	0	0	0	
559	0	0	0	
560	0	0	0	
561	0	0	0	
562	0	0	0	
563	0	0	0	
564	0	0	0	
565	0	0	0	
566	0	0	0	
567	0	0	0	
568	0	0	0	
569	0	0	0	
570	0	0	0	
571	0	0	0	
572	0	0	0	
573	0	0	0	
574	0	0	0	
575	0	0	0	
576	0	0	0	
577	0	0	0	
578	0	0	0	
579	0	0	0	
580	0	0	0	
581	0	0	0	
582	0	0	0	
583	0	0	0	
584	0	0	0	
585	0	0	0	
586	0	0	0	
587	0	0	0	
588	0	0	0	
589	0	0	0	
590	0	0	0	
591	0	0	0	
592	0	0	0	
593	0	0	0	
594	0	0	0	
595	0	0	0	
596	0	0	0	
597	0	0	0	
598	0	0	0	
599	0	0	0	
#NewRun
0	0	0	0	
1	0	0	0	
2	0	0	0	
3	0	0	0	
4	3.321975E-01	3.332576E-01	3.292739E-01	
5	3.262869E-01	3.273215E-01	3.497132E-01	
6	3.451861E-01	3.313303E-01	3.393881E-01	
7	0	0	0	
8	3.347759E-01	3.407527E-01	3.411340E-01	
9	3.224094E-01	3.240376E-01	3.411080E-01	
10	0	0	0	
11	3.309626E-01	3.317500E-01	3.447339E-01	
12	3.325658E-01	3.351338E-01	3.332529E-01	
13	3.268520E-01	3.210614E-01	3.429723E-01	
14	3.352930E-01	3.367423E-01	3.359674E-01	
15	0	0	0	
16	3.307900E-01	3.269379E-01	3.408957E-01	
17	3.314076E-01	3.392721E-01	3.385448E-01	
18	3.291102E-01	3.341583E-01	3.348536E-01	
19	3.300788E-01	3.291666E-01	3.391614E-01	
20	3.302742E-01	3.326395E-01	3.289946E-01	
21	3.321000E-01	3.402477E-01	3.310204E-01	
22	3.272616E-01	3.397670E-01	3.260275E-01	
23	3.304509E-01	3.302384E-01	3.311369E-01	
24	3.312072E-01	3.347204E-01	3.298144E-01	
25	3.341907E-01	3.358759E-01	3.242350E-01	
26	3.338313E-01	3.364797E-01	3.267665E-01	
27	3.323397E-01	3.370836E-01	3.295710E-01	
28	3.341752E-01	3.376320E-01	3.298438E-01	
29	3.353760E-01	3.288351E-01	3.263528E-01	
30	3.371363E-01	3.301477E-01	3.242758E-01	
31	3.348375E-01	3.272574E-01	3.306918E-01	
32	3.358734E-01	3.322121E-01	3.303818E-01	
33	3.371791E-01	3.295926E-01	3.297139E-01	
34	3.347979E-01	3.268994E-01	3.305792E-01	
35	3.375736E-01	3.248668E-01	3.254718E-01	
36	3.358449E-01	3.296508E-01	3.284434E-01	
37	3.352895E-01	3.267126E-01	3.281189E-01	
38	3.370288E-01	3.300290E-01	3.312638E-01	
39	3.329510E-01	3.273134E-01	3.322840E-01	
40	3.376690E-01	3.279166E-01	3.301488E-01	
41	3.314905E-01	3.261827E-01	3.336761E-01	
42	3.326697E-01	3.235108E-01	3.327062E-01	
43	3.362668E-01	3.249328E-01	3.351529E-01	
44	3.320617E-01	3.232640E-01	3.325940E-01	
45	3.357834E-01	3.268750E-01	3.346252E-01	
46	3.322154E-01	3.243051E-01	3.328753E-01	
47	3.355351E-01	3.205611E-01	3.355057E-01	
48	3.298101E-01	3.243986E-01	3.349323E-01	
49	3.335420E-01	3.224105E-01	3.344982E-01	
50	3.314029E-01	3.239646E-01	3.287769E-01	
51	3.316197E-01	3.222394E-01	3.325714E-01	
52	3.309456E-01	3.267774E-01	3.331359E-01	
53	3.306214E-01	3.254202E-01	3.329386E-01	
54	3.314550E-01	3.219068E-01	3.340780E-01	
55	3.291107E-01	3.262574E-01	3.335658E-01	
56	3.302922E-01	3.225489E-01	3.337134E-01	
57	3.257408E-01	3.242675E-01	3.331664E-01	
58	3.286596E-01	3.210842E-01	3.354445E-01	
59	3.286449E-01	3.203849E-01	3.305922E-01	
60	3.270057E-01	3.221211E-01	3.321244E-01	
61	3.250463E-01	3.229447E-01	3.318268E-01	
62	3.224017E-01	3.225241E-01	3.297028E-01	
63	3.226194E-01	3.220203E-01	3.283936E-01	
64	3.216505E-01	3.214922E-01	3.300093E-01	
65	3.224213E-01	3.219560E-01	3.284393E-01	
66	3.198187E-01	3.203948E-01	3.295785E-01	
67	3.213090E-01	3.185496E-01	3.301272E-01	
68	3.212890E-01	3.218276E-01	3.254913E-01	
69	3.201595E-01	3.195405E-01	3.271073E-01	
70	3.200378E-01	3.199351E-01	3.271848E-01	
71	3.190905E-01	3.162537E-01	3.240058E-01	
72	3.184391E-01	3.181971E-01	3.233102E-01	
73	3.175952E-01	3.163903E-01	3.233264E-01	
74	3.187667E-01	3.174934E-01	3.237405E-01	
75	3.176052E-01	3.169149E-01	3.242606E-01	
76	3.168214E-01	3.174210E-01	3.212866E-01	
77	3.172444E-01	3.175466E-01	3.224151E-01	
78	3.156991E-01	3.151807E-01	3.216153E-01	
79	3.158573E-01	3.171774E-01	3.229251E-01	
80	3.143274E-01	3.172300E-01	3.206194E-01	
81	3.149860E-01	3.183109E-01	3.220360E-01	
82	3.147386E-01	3.191958E-01	3.225731E-01	
83	3.149315E-01	3.197912E-01	3.212091E-01	
84	3.149559E-01	3.188800E-01	3.202598E-01	
85	3.155079E-01	3.185784E-01	3.220479E-01	
86	3.147727E-01	3.190553E-01	3.215136E-01	
87	3.164945E-01	3.162135E-01	3.204504E-01	
88	3.144454E-01	3.190986E-01	3.211870E-01	
89	3.151062E-01	3.173172E-01	3.205653E-01	
90	3.132906E-01	3.176918E-01	3.215852E-01	
91	3.144286E-01	3.186361E-01	3.208114E-01	
92	3.162066E-01	3.170193E-01	3.222575E-01	
93	3.157554E-01	3.171038E-01	3.212001E-01	
94	3.136503E-01	3.171199E-01	3.189980E-01	
95	3.154240E-01	3.162496E-01	3.181975E-01	
96	3.170282E-01	3.166817E-01	3.214855E-01	
97	3.159287E-01	3.178153E-01	3.208837E-01	
98	3.174920E-01	3.153270E-01	3.206000E-01	
99	3.176691E-01	3.168791E-01	3.217487E-01	
100	3.187339E-01	3.176284E-01	3.195948E-01	
101	3.178271E-01	3.171987E-01	3.167699E-01	
102	3.199269E-01	3.181034E-01	3.189897E-01	
103	3.184376E-01	3.189358E-01	3.169865E-01	
104	3.179956E-01	3.178234E-01	3.184767E-01	
105	3.188796E-01	3.197751E-01	3.190533E-01	
106	3.208848E-01	3.190132E-01	3.182732E-01	
107	3.199960E-01	3.195191E-01	3.192336E-01	
108	3.208654E-01	3.204578E-01	3.179114E-01	
109	3.212512E-01	3.208537E-01	3.189189E-01	
110	3.230626E-01	3.210380E-01	3.209226E-01	
111	3.231156E-01	3.210028E-01	3.215333E-01	
112	3.244060E-01	3.199839E-01	3.225052E-01	
113	3.240351E-01	3.218793E-01	3.239212E-01	
114	3.260328E-01	3.225367E-01	3.217332E-01	
115	3.261674E-01	3.199976E-01	3.232813E-01	
116	3.272350E-01	3.221587E-01	3.243459E-01	
117	3.305470E-01	3.237393E-01	3.255064E-01	
118	3.301214E-01	3.238461E-01	3.259781E-01	
119	3.296461E-01	3.236439E-01	3.263653E-01	
120	3.319077E-01	3.258999E-01	3.268402E-01	
121	3.334987E-01	3.273920E-01	3.288554E-01	
122	3.357804E-01	3.282037E-01	3.302186E-01	
123	3.354915E-01	3.295996E-01	3.329254E-01	
124	3.377574E-01	3.295133E-01	3.326536E-01	
125	3.388037E-01	3.311225E-01	3.345673E-01	
126	3.396827E-01	3.325238E-01	3.354529E-01	
127	3.418394E-01	3.341656E-01	3.364519E-01	
128	3.423414E-01	3.355945E-01	3.388480E-01	
129	3.441354E-01	3.359094E-01	3.388347E-01	
130	3.465314E-01	3.379539E-01	3.397289E-01	
131	3.475228E-01	3.395697E-01	3.420919E-01	
132	3.491120E-01	3.423007E-01	3.417105E-01	
133	3.515118E-01	3.406436E-01	3.444248E-01	
134	3.525564E-01	3.433274E-01	3.455986E-01	
135	3.556353E-01	3.433063E-01	3.466942E-01	
136	3.592612E-01	3.456239E-01	3.487803E-01	
137	3.594345E-01	3.472511E-01	3.484909E-01	
138	3.642670E-01	3.463565E-01	3.505489E-01	
139	3.653587E-01	3.476579E-01	3.542011E-01	
140	3.657058E-01	3.500775E-01	3.531810E-01	
141	3.693958E-01	3.525862E-01	3.543946E-01	
142	3.687661E-01	3.539776E-01	3.566329E-01	
143	3.719635E-01	3.564074E-01	3.563111E-01	
144	3.736996E-01	3.557442E-01	3.600114E-01	
145	3.782595E-01	3.589112E-01	3.608730E-01	
146	3.777398E-01	3.605135E-01	3.610626E-01	
147	3.790545E-01	3.630029E-01	3.637890E-01	
148	3.820347E-01	3.659717E-01	3.646069E-01	
149	3.837129E-01	3.658785E-01	3.697066E-01	
150	3.866684E-01	3.674694E-01	3.671508E-01	
151	3.874253E-01	3.695422E-01	3.714687E-01	
152	3.902477E-01	3.719343E-01	3.733709E-01	
153	3.938600E-01	3.724471E-01	3.737000E-01	
154	3.931705E-01	3.751439E-01	3.765940E-01	
155	3.959915E-01	3.770981E-01	3.780489E-01	
156	3.976070E-01	3.759236E-01	3.786347E-01	
157	4.005922E-01	3.785909E-01	3.836087E-01	
158	4.040065E-01	3.807383E-01	3.824915E-01	
159	4.048366E-01	3.838025E-01	3.886371E-01	
160	4.058197E-01	3.844794E-01	3.877312E-01	
161	4.098823E-01	3.856621E-01	3.889185E-01	
162	4.142986E-01	3.875989E-01	3.903222E-01	
163	4.152825E-01	3.906044E-01	3.929906E-01	
164	4.157105E-01	3.923455E-01	3.948345E-01	
165	4.191778E-01	3.945656E-01	3.959894E-01	
166	4.205021E-01	3.955797E-01	3.986749E-01	
167	4.263288E-01	3.981613E-01	3.982840E-01	
168	4.264911E-01	3.973543E-01	3.955532E-01	
169	4.268441E-01	4.006527E-01	4.015533E-01	
170	4.339918E-01	4.025105E-01	4.013227E-01	
171	4.347978E-01	4.009976E-01	4.035643E-01	
172	4.384914E-01	4.018792E-01	4.021161E-01	
173	4.426741E-01	4.034819E-01	4.045666E-01	
174	4.443353E-01	4.060269E-01	4.074469E-01	
175	4.464763E-01	4.100292E-01	4.072831E-01	
176	4.503149E-01	4.090420E-01	4.057294E-01	
177	4.510242E-01	4.103596E-01	4.078832E-01	
178	4.533194E-01	4.119364E-01	4.089083E-01	
179	4.563274E-01	4.131146E-01	4.107056E-01	
180	4.592318E-01	4.157088E-01	4.079814E-01	
181	4.593887E-01	4.154653E-01	4.138549E-01	
182	4.561966E-01	4.161625E-01	4.155124E-01	
183	4.644282E-01	4.179892E-01	4.170405E-01	
184	4.720239E-01	4.175690E-01	4.160816E-01	
185	4.696366E-01	4.182910E-01	4.201391E-01	
186	4.765634E-01	4.187158E-01	4.158711E-01	
187	4.799083E-01	4.209068E-01	4.196683E-01	
188	4.822922E-01	4.199659E-01	4.178228E-01	
189	4.848721E-01	4.179602E-01	4.198713E-01	
190	4.915247E-01	4.201468E-01	4.200023E-01	
191	4.893925E-01	4.207247E-01	4.189020E-01	
192	4.906912E-01	4.227195E-01	4.196898E-01	
193	4.936778E-01	4.214112E-01	4.158643E-01	
194	4.903491E-01	4.193194E-01	4.191531E-01	
195	5.001287E-01	4.210778E-01	4.178390E-01	
196	4.968374E-01	4.196513E-01	4.193934E-01	
197	4.940413E-01	4.207857E-01	4.172614E-01	
198	4.941176E-01	4.224334E-01	4.185180E-01	
199	5.004218E-01	4.252254E-01	4.207801E-01	
200	5.041265E-01	4.197577E-01	4.199884E-01	
201	5.009013E-01	4.234485E-01	4.182676E-01	
202	5.023605E-01	4.239808E-01	4.175238E-01	
203	5.105031E-01	4.221893E-01	4.175267E-01	
204	5.070060E-01	4.206588E-01	4.117110E-01	
205	5.064583E-01	4.194630E-01	4.130236E-01	
206	5.084611E-01	4.215564E-01	4.095858E-01	
207	5.130247E-01	4.170767E-01	4.104600E-01	
208	5.099386E-01	4.171688E-01	4.070020E-01	
209	5.096154E-01	4.164604E-01	4.041782E-01	
210	5.163710E-01	4.159185E-01	4.103382E-01	
211	5.271797E-01	4.144697E-01	4.072010E-01	
212	5.213708E-01	4.111138E-01	4.026882E-01	
213	5.207286E-01	4.096317E-01	4.026275E-01	
214	5.246070E-01	4.031944E-01	3.993154E-01	
215	5.197747E-01	4.051351E-01	4.005930E-01	
216	5.196772E-01	4.003142E-01	3.969787E-01	
217	5.275654E-01	3.974253E-01	3.988314E-01	
218	5.210918E-01	3.979573E-01	3.945959E-01	
219	5.203077E-01	3.958605E-01	3.949935E-01	
220	5.198179E-01	3.948094E-01	3.890121E-01	
221	5.136739E-01	3.890095E-01	3.904397E-01	
222	5.157845E-01	3.943777E-01	3.907405E-01	
223	5.081228E-01	3.864313E-01	3.896287E-01	
224	5.144116E-01	3.851304E-01	3.866417E-01	
225	5.018471E-01	3.852588E-01	3.827465E-01	
226	5.054868E-01	3.823989E-01	3.821262E-01	
227	4.836380E-01	3.762843E-01	3.807458E-01	
228	4.921338E-01	3.748356E-01	3.776375E-01	
229	4.885871E-01	3.794595E-01	3.767275E-01	
230	4.818439E-01	3.774069E-01	3.769480E-01	
231	4.802992E-01	3.771784E-01	3.707014E-01	
232	4.722060E-01	3.719089E-01	3.663283E-01	
233	4.692091E-01	3.758446E-01	3.721086E-01	
234	4.620112E-01	3.721935E-01	3.691955E-01	
235	4.581443E-01	3.697722E-01	3.700379E-01	
236	4.557163E-01	3.635190E-01	3.629685E-01	
237	4.645941E-01	3.652351E-01	3.648231E-01	
238	4.425573E-01	3.678516E-01	3.646761E-01	
239	4.590836E-01	3.668595E-01	3.636924E-01	
240	4.446079E-01	3.614312E-01	3.640856E-01	
241	4.573330E-01	3.665374E-01	3.619247E-01	
242	4.406087E-01	3.604090E-01	3.597466E-01	
243	4.413319E-01	3.594821E-01	3.591785E-01	
244	4.347961E-01	3.571080E-01	3.568011E-01	
245	4.348143E-01	3.601347E-01	3.555591E-01	
246	4.327240E-01	3.556486E-01	3.521623E-01	
247	4.368667E-01	3.519418E-01	3.506803E-01	
248	4.330300E-01	3.523414E-01	3.496504E-01	
249	4.403120E-01	3.467682E-01	3.481826E-01	
250	4.519383E-01	3.480487E-01	3.491279E-01	
251	4.274857E-01	3.445258E-01	3.482404E-01	
252	4.421313E-01	3.417005E-01	3.440714E-01	
253	4.318303E-01	3.433272E-01	3.470553E-01	
254	4.288204E-01	3.437561E-01	3.400159E-01	
255	4.165456E-01	3.404506E-01	3.442807E-01	
256	4.249618E-01	3.354472E-01	3.383577E-01	
257	4.148770E-01	3.382481E-01	3.392194E-01	
258	4.039245E-01	3.327178E-01	3.348492E-01	
259	4.082647E-01	3.344619E-01	3.298779E-01	
260	3.760870E-01	3.308142E-01	3.361691E-01	
261	3.924964E-01	3.283089E-01	3.326048E-01	
262	3.812854E-01	3.261288E-01	3.331819E-01	
263	3.797078E-01	3.240359E-01	3.326958E-01	
264	3.852654E-01	3.241462E-01	3.265459E-01	
265	3.703110E-01	3.224317E-01	3.255082E-01	
266	3.737636E-01	3.227399E-01	3.284967E-01	
267	3.721713E-01	3.194600E-01	3.251225E-01	
268	3.673145E-01	3.189782E-01	3.247301E-01	
269	3.787304E-01	3.183967E-01	3.237590E-01	
270	3.547152E-01	3.169932E-01	3.195739E-01	
271	3.726298E-01	3.122116E-01	3.202469E-01	
272	3.561897E-01	3.113727E-01	3.134001E-01	
273	3.605841E-01	3.084830E-01	3.174973E-01	
274	3.593876E-01	3.111475E-01	3.147003E-01	
275	3.463686E-01	3.118334E-01	3.156769E-01	
276	3.353715E-01	3.074235E-01	3.108714E-01	
277	3.532192E-01	3.056999E-01	3.078687E-01	
278	3.533968E-01	3.064011E-01	3.051895E-01	
279	3.358928E-01	3.088633E-01	3.089025E-01	
280	3.336365E-01	3.069555E-01	3.040293E-01	
281	3.338062E-01	3.039382E-01	3.013235E-01	
282	3.303290E-01	3.025276E-01	2.985103E-01	
283	3.324372E-01	3.033404E-01	3.019667E-01	
284	3.308380E-01	3.015847E-01	2.968630E-01	
285	3.079004E-01	2.978972E-01	2.981651E-01	
286	3.025381E-01	3.029643E-01	2.966366E-01	
287	3.247460E-01	3.003153E-01	2.978383E-01	
288	3.023309E-01	2.976694E-01	2.915015E-01	
289	2.926535E-01	3.013727E-01	3.000042E-01	
290	2.937916E-01	3.003245E-01	2.947771E-01	
291	2.952322E-01	2.994854E-01	2.987334E-01	
292	3.009645E-01	2.986261E-01	2.943346E-01	
293	2.886866E-01	2.931970E-01	2.948918E-01	
294	2.936591E-01	2.992873E-01	2.986272E-01	
295	2.972094E-01	2.971911E-01	2.944693E-01	
296	2.793492E-01	2.945264E-01	2.922078E-01	
297	2.785692E-01	2.973882E-01	2.913468E-01	
298	2.765929E-01	2.934398E-01	2.948126E-01	
299	2.837679E-01	2.951643E-01	2.923878E-01	
300	2.980755E-01	2.943250E-01	2.933009E-01	
301	2.702979E-01	2.933779E-01	2.959597E-01	
302	2.907589E-01	2.970414E-01	2.938294E-01	
303	2.859439E-01	3.001687E-01	2.974550E-01	
304	2.988859E-01	2.972789E-01	2.889156E-01	
305	2.949059E-01	2.970104E-01	2.922541E-01	
306	2.927247E-01	2.997899E-01	2.923962E-01	
307	2.997033E-01	2.952146E-01	2.930042E-01	
308	3.177841E-01	2.971152E-01	2.942499E-01	
309	2.999238E-01	2.971484E-01	2.937537E-01	
310	3.092714E-01	2.970702E-01	2.914750E-01	
311	2.935173E-01	2.953581E-01	2.925681E-01	
312	2.966589E-01	2.942986E-01	2.911851E-01	
313	3.015970E-01	2.930683E-01	2.911499E-01	
314	2.945358E-01	2.949857E-01	2.944304E-01	
315	2.975660E-01	2.913833E-01	2.910215E-01	
316	2.867057E-01	2.912066E-01	2.900994E-01	
317	2.994581E-01	2.893372E-01	2.887172E-01	
318	2.836420E-01	2.878984E-01	2.890055E-01	
319	2.814979E-01	2.880408E-01	2.895976E-01	
320	2.840481E-01	2.846222E-01	2.882188E-01	
321	2.926560E-01	2.919507E-01	2.878439E-01	
322	2.739748E-01	2.832523E-01	2.865797E-01	
323	2.912590E-01	2.895071E-01	2.853295E-01	
324	2.870623E-01	2.882473E-01	2.873299E-01	
325	2.855737E-01	2.894947E-01	2.900374E-01	
326	2.892294E-01	2.886400E-01	2.912644E-01	
327	2.782334E-01	2.867325E-01	2.879628E-01	
328	2.815337E-01	2.916962E-01	2.924491E-01	
329	2.799869E-01	2.931550E-01	2.927431E-01	
330	2.865573E-01	2.888607E-01	2.911404E-01	
331	2.817823E-01	2.879239E-01	2.929620E-01	
332	2.702614E-01	2.884097E-01	2.915319E-01	
333	2.815709E-01	2.905381E-01	2.899162E-01	
334	2.846136E-01	2.902277E-01	2.886431E-01	
335	2.814603E-01	2.910877E-01	2.924193E-01	
336	2.733487E-01	2.889483E-01	2.919145E-01	
337	2.726497E-01	2.928942E-01	2.934464E-01	
338	2.644611E-01	2.910069E-01	2.926331E-01	
339	2.778881E-01	2.897411E-01	2.904080E-01	
340	2.880305E-01	2.919870E-01	2.922694E-01	
341	2.633622E-01	2.927056E-01	2.885218E-01	
342	2.685126E-01	2.928287E-01	2.930879E-01	
343	2.837742E-01	2.852868E-01	2.921224E-01	
344	2.795631E-01	2.912517E-01	2.931789E-01	
345	2.761766E-01	2.896888E-01	2.879289E-01	
346	2.842371E-01	2.849756E-01	2.882593E-01	
347	2.725850E-01	2.854484E-01	2.914205E-01	
348	2.824116E-01	2.856201E-01	2.888853E-01	
349	2.857983E-01	2.865847E-01	2.906585E-01	
350	2.846301E-01	2.860436E-01	2.904978E-01	
351	2.811137E-01	2.853208E-01	2.854515E-01	
352	2.887452E-01	2.849842E-01	2.884111E-01	
353	2.761192E-01	2.852334E-01	2.810602E-01	
354	2.809507E-01	2.831248E-01	2.877655E-01	
355	2.826127E-01	2.860378E-01	2.829181E-01	
356	2.806410E-01	2.804087E-01	2.894540E-01	
357	2.890580E-01	2.807990E-01	2.852406E-01	
358	2.732088E-01	2.834316E-01	2.878022E-01	
359	2.900372E-01	2.811584E-01	2.839050E-01	
360	2.689569E-01	2.826538E-01	2.848007E-01	
361	2.821226E-01	2.764198E-01	2.847786E-01	
362	2.838572E-01	2.790161E-01	2.835959E-01	
363	2.836158E-01	2.811943E-01	2.818321E-01	
364	2.673445E-01	2.785619E-01	2.838905E-01	
365	2.828779E-01	2.789504E-01	2.847916E-01	
366	2.816044E-01	2.797147E-01	2.801420E-01	
367	2.906510E-01	2.821134E-01	2.828546E-01	
368	2.817028E-01	2.807179E-01	2.817977E-01	
369	2.820741E-01	2.798625E-01	2.817613E-01	
370	2.635703E-01	2.806907E-01	2.803477E-01	
371	2.788885E-01	2.770202E-01	2.802611E-01	
372	2.713340E-01	2.815346E-01	2.844816E-01	
373	2.768661E-01	2.813051E-01	2.782580E-01	
374	2.773438E-01	2.798382E-01	2.798622E-01	
375	2.725294E-01	2.792560E-01	2.795959E-01	
376	2.694640E-01	2.788626E-01	2.790691E-01	
377	2.711786E-01	2.784245E-01	2.779043E-01	
378	2.887720E-01	2.834489E-01	2.797517E-01	
379	2.964111E-01	2.762889E-01	2.783335E-01	
380	2.727354E-01	2.768179E-01	2.778995E-01	
381	2.762685E-01	2.787621E-01	2.783814E-01	
382	2.930902E-01	2.726283E-01	2.795833E-01	
383	2.821238E-01	2.794559E-01	2.811851E-01	
384	3.007432E-01	2.769622E-01	2.800632E-01	
385	2.710536E-01	2.760719E-01	2.803835E-01	
386	2.803902E-01	2.806447E-01	2.788268E-01	
387	2.913446E-01	2.763339E-01	2.726487E-01	
388	2.848553E-01	2.787535E-01	2.761240E-01	
389	2.843855E-01	2.788153E-01	2.759399E-01	
390	2.925363E-01	2.758435E-01	2.750866E-01	
391	3.011592E-01	2.796002E-01	2.761474E-01	
392	2.914048E-01	2.765538E-01	2.753833E-01	
393	2.889937E-01	2.720499E-01	2.753759E-01	
394	2.941731E-01	2.781597E-01	2.748559E-01	
395	2.716493E-01	2.827161E-01	2.827913E-01	
396	2.860842E-01	2.804547E-01	2.786111E-01	
397	2.780728E-01	2.830474E-01	2.791086E-01	
398	2.790432E-01	2.797431E-01	2.758498E-01	
399	2.959488E-01	2.812589E-01	2.792134E-01	
400	2.568343E-01	2.871457E-01	2.778355E-01	
401	2.885609E-01	2.764977E-01	2.741309E-01	
402	2.939924E-01	2.905587E-01	2.859867E-01	
403	2.662866E-01	2.834703E-01	2.811754E-01	
404	2.851680E-01	2.828158E-01	2.807604E-01	
405	2.738489E-01	2.870176E-01	2.791091E-01	
406	2.647032E-01	2.869124E-01	2.829486E-01	
407	2.701089E-01	2.916511E-01	2.845912E-01	
408	2.700814E-01	2.913497E-01	2.792962E-01	
409	2.610347E-01	2.893808E-01	2.825172E-01	
410	2.485085E-01	2.991689E-01	2.850637E-01	
411	2.459176E-01	3.013969E-01	2.871517E-01	
412	2.427019E-01	2.918352E-01	2.801276E-01	
413	2.710449E-01	3.060763E-01	2.880730E-01	
414	2.489311E-01	2.961654E-01	2.912450E-01	
415	2.578507E-01	3.051153E-01	2.927246E-01	
416	2.564730E-01	3.075258E-01	2.859159E-01	
417	2.647310E-01	2.968197E-01	2.878953E-01	
418	2.587614E-01	3.070518E-01	2.904736E-01	
419	2.796429E-01	3.064922E-01	2.919617E-01	
420	2.590572E-01	3.048398E-01	2.949361E-01	
421	2.641188E-01	2.958638E-01	2.917944E-01	
422	2.643983E-01	3.063109E-01	2.931669E-01	
423	2.711298E-01	3.058542E-01	2.876189E-01	
424	2.545934E-01	3.076954E-01	2.985093E-01	
425	2.699088E-01	2.985797E-01	2.970091E-01	
426	2.747678E-01	3.028987E-01	2.964495E-01	
427	2.924748E-01	3.034999E-01	2.969322E-01	
428	2.882887E-01	2.993427E-01	2.986582E-01	
429	2.945710E-01	2.926997E-01	2.937415E-01	
430	3.000953E-01	2.843798E-01	3.071142E-01	
431	3.027478E-01	2.933365E-01	2.964505E-01	
432	3.033837E-01	2.859722E-01	3.010671E-01	
433	2.966719E-01	2.930686E-01	3.000472E-01	
434	2.937740E-01	2.840167E-01	2.957488E-01	
435	2.810948E-01	2.853844E-01	2.995659E-01	
436	2.870432E-01	2.881235E-01	3.058310E-01	
437	3.071781E-01	2.877917E-01	3.063913E-01	
438	2.960697E-01	2.836354E-01	2.995917E-01	
439	2.853875E-01	2.792799E-01	2.864498E-01	
440	2.883402E-01	2.909015E-01	3.126964E-01	
441	2.867141E-01	2.858353E-01	2.980617E-01	
442	2.595471E-01	2.844516E-01	3.065950E-01	
443	2.619673E-01	2.786044E-01	2.901732E-01	
444	2.946129E-01	2.865780E-01	3.056266E-01	
445	2.842194E-01	2.974814E-01	3.083450E-01	
446	2.467519E-01	2.761053E-01	2.870947E-01	
447	2.799319E-01	2.745390E-01	3.048174E-01	
448	2.835580E-01	2.775776E-01	2.923556E-01	
449	2.512993E-01	2.848402E-01	3.088377E-01	
450	3.021431E-01	2.913711E-01	3.002273E-01	
451	2.705123E-01	2.929556E-01	3.054782E-01	
452	2.954006E-01	2.830488E-01	3.076117E-01	
453	2.422976E-01	2.981695E-01	3.036636E-01	
454	2.523579E-01	2.899159E-01	3.056304E-01	
455	2.841569E-01	3.010129E-01	3.090794E-01	
456	2.356403E-01	2.964209E-01	3.026397E-01	
457	2.932757E-01	2.983987E-01	3.081442E-01	
458	2.383636E-01	3.164296E-01	3.072691E-01	
459	3.055700E-01	3.059671E-01	3.090346E-01	
460	2.538859E-01	2.923288E-01	2.921194E-01	
461	3.173416E-01	3.200090E-01	3.050435E-01	
462	2.624662E-01	2.924856E-01	3.013721E-01	
463	3.141594E-01	3.467428E-01	3.025889E-01	
464	2.714619E-01	2.993293E-01	3.016524E-01	
465	2.637807E-01	3.313995E-01	2.930383E-01	
466	2.957461E-01	2.986075E-01	3.077488E-01	
467	3.045621E-01	3.220073E-01	3.096282E-01	
468	3.650152E-01	3.104871E-01	3.109406E-01	
469	2.668415E-01	3.038409E-01	3.098333E-01	
470	2.932408E-01	3.349314E-01	3.288368E-01	
471	3.248276E-01	2.888699E-01	3.043263E-01	
472	3.143733E-01	3.197254E-01	3.274610E-01	
473	3.204025E-01	2.753517E-01	3.040077E-01	
474	3.470227E-01	3.231877E-01	3.255276E-01	
475	3.550906E-01	2.870952E-01	3.454518E-01	
476	3.548766E-01	3.032208E-01	3.251544E-01	
477	3.709359E-01	3.510248E-01	3.736970E-01	
478	3.551246E-01	2.943674E-01	3.091677E-01	
479	4.559953E-01	3.331575E-01	3.779056E-01	
480	4.440014E-01	3.048914E-01	3.265879E-01	
481	3.858739E-01	3.350696E-01	3.606743E-01	
482	3.789366E-01	2.991541E-01	3.198952E-01	
483	3.986696E-01	3.230769E-01	3.486885E-01	
484	5.014111E-01	3.793850E-01	3.694297E-01	
485	4.302693E-01	3.269876E-01	3.273952E-01	
486	4.556688E-01	4.007974E-01	3.841278E-01	
487	4.872885E-01	3.217406E-01	3.150073E-01	
488	3.775882E-01	4.152379E-01	4.459844E-01	
489	5.563079E-01	3.371092E-01	3.162044E-01	
490	5.714931E-01	3.892576E-01	4.007350E-01	
491	6.166748E-01	3.842057E-01	3.741362E-01	
492	5.826563E-01	3.696536E-01	3.740989E-01	
493	5.873410E-01	4.890332E-01	4.612594E-01	
494	5.534764E-01	3.788031E-01	3.774295E-01	
495	5.613810E-01	4.987219E-01	3.971063E-01	
496	5.312526E-01	4.009057E-01	3.946963E-01	
497	7.746101E-01	4.273395E-01	4.598361E-01	
498	6.508309E-01	4.029083E-01	4.097012E-01	
499	6.663078E-01	4.520538E-01	4.338047E-01	
500	0	0	0	
501	6.594720E-01	4.302405E-01	4.303761E-01	
502	0	0	0	
503	6.436920E-01	4.963022E-01	4.378860E-01	
504	0	0	0	
505	6.459040E-01	5.392985E-01	4.992262E-01	
506	2.502742E-01	5.579980E-01	4.375797E-01	
507	0	0	0	
508	6.395178E-01	5.467686E-01	5.307472E-01	
509	0	0	0	
510	6.557358E-01	6.039393E-01	5.942492E-01	
511	0	0	0	
512	7.374125E-01	6.698979E-01	6.503004E-01	
513	0	0	0	
514	0	0	0	
515	0	6.189306E-01	7.272566E-01	
516	0	0	0	
517	0	6.728427E-01	7.162780E-01	
518	0	0	0	
519	0	6.967003E-01	0	
520	0	0	0	
521	0	0	0	
522	0	0	0	
523	0	0	0	
524	0	0	0	
525	0	0	0	
526	0	0	0	
527	0	0	0	
528	0	0	0	
529	0	0	0	
530	0	0	0	
531	0	0	0	
532	0	0	0	
533	0	0	0	
534	0	0	0	
535	0	0	0	
536	0	0	0	
537	0	0	0	
538	0	0	0	
539	0	0	0	
540	0	0	0	
541	0	0	0	
542	0	0	0	
543	0	0	0	
544	0	0	0	
545	0	0	0	
546	0	0	0	
547	0	0	0	
548	0	0	0	
549	0	0	0	
550	0	0	0	
551	0	0	0	
552	0	0	0	
553	0	0	0	
554	0	0	0	
555	0	0	0	
556	0	0	0	
557	0	0	0	
558	0	0	0	
559	0	0	0	
560	0	0	0	
561	0	0	0	
562	0	0	0	
563	0	0	0	
564	0	0	0	
565	0	0	0	
566	0	0	0	
567	0	0	0	
568	0	0	0	
569	0	0	0	
570	0	0	0	
571	0	0	0	
572	0	0	0	
573	0	0	0	
574	0	0	0	
575	0	0	0	
576	0	0	0	
577	0	0	0	
578	0	0	0	
579	0	0	0	
580	0	0	0	
581	0	0	0	
582	0	0	0	
583	0	0	0	
584	0	0	0	
585	0	0	0	
586	0	0	0	
587	0	0	0	
588	0	0	0	
589	0	0	0	
590	0	0	0	
591	0	0	0	
592	0	0	0	
593	0	0	0	
594	0	0	0	
595	0	0	0	
596	0	0	0	
597	0	0	0	
598	0	0	0	
599	0	0	0	
#NewRun
0	0	0	0	
1	0	0	0	
2	0	0	0	
3	0	0	0	
4	3.205478E-01	3.376556E-01	3.347919E-01	
5	3.333930E-01	3.327864E-01	3.139581E-01	
6	3.320709E-01	3.380053E-01	3.473638E-01	
7	0	0	0	
8	3.321803E-01	3.558387E-01	3.317312E-01	
9	3.497813E-01	3.401827E-01	3.445691E-01	
10	0	0	0	
11	3.477355E-01	3.495533E-01	3.317469E-01	
12	3.350317E-01	3.534641E-01	3.295137E-01	
13	3.390023E-01	3.409127E-01	3.457778E-01	
14	3.347426E-01	3.339643E-01	3.257978E-01	
15	0	0	0	
16	3.400722E-01	3.390982E-01	3.343881E-01	
17	3.348151E-01	3.383708E-01	3.408404E-01	
18	3.421854E-01	3.266974E-01	3.369171E-01	
19	3.419755E-01	3.419083E-01	3.344916E-01	
20	3.355410E-01	3.433233E-01	3.342028E-01	
21	3.363530E-01	3.291950E-01	3.409697E-01	
22	3.440241E-01	3.304880E-01	3.383357E-01	
23	3.355449E-01	3.328773E-01	3.439218E-01	
24	3.372291E-01	3.334903E-01	3.373826E-01	
25	3.374706E-01	3.317400E-01	3.374677E-01	
26	3.361256E-01	3.354670E-01	3.350625E-01	
27	3.408685E-01	3.298676E-01	3.347533E-01	
28	3.390072E-01	3.317906E-01	3.339011E-01	
29	3.374714E-01	3.337367E-01	3.369665E-01	
30	3.333777E-01	3.209842E-01	3.331550E-01	
31	3.378864E-01	3.289682E-01	3.331063E-01	
32	3.354247E-01	3.263474E-01	3.395206E-01	
33	3.344834E-01	3.260475E-01	3.362878E-01	
34	3.377445E-01	3.260506E-01	3.368099E-01	
35	3.348832E-01	3.232946E-01	3.368944E-01	
36	3.308378E-01	3.264604E-01	3.366088E-01	
37	3.329274E-01	3.258913E-01	3.422012E-01	
38	3.336028E-01	3.329026E-01	3.359038E-01	
39	3.325471E-01	3.294291E-01	3.375121E-01	
40	3.289372E-01	3.297472E-01	3.361183E-01	
41	3.302850E-01	3.314655E-01	3.351913E-01	
42	3.290691E-01	3.324905E-01	3.345474E-01	
43	3.303399E-01	3.329125E-01	3.290058E-01	
44	3.280797E-01	3.298446E-01	3.325456E-01	
45	3.269959E-01	3.334074E-01	3.316387E-01	
46	3.298233E-01	3.312384E-01	3.305304E-01	
47	3.280037E-01	3.293255E-01	3.282423E-01	
48	3.282418E-01	3.325691E-01	3.284902E-01	
49	3.256465E-01	3.331200E-01	3.305096E-01	
50	3.234188E-01	3.310040E-01	3.314638E-01	
51	3.273516E-01	3.308522E-01	3.303723E-01	
52	3.245042E-01	3.299639E-01	3.260319E-01	
53	3.271975E-01	3.329790E-01	3.267155E-01	
54	3.259655E-01	3.294394E-01	3.250518E-01	
55	3.259208E-01	3.286725E-01	3.225020E-01	
56	3.241407E-01	3.286626E-01	3.266239E-01	
57	3.233666E-01	3.298491E-01	3.245440E-01	
58	3.247750E-01	3.292341E-01	3.258588E-01	
59	3.230460E-01	3.273501E-01	3.250739E-01	
60	3.183435E-01	3.246780E-01	3.230158E-01	
61	3.201383E-01	3.281316E-01	3.227156E-01	
62	3.222470E-01	3.261352E-01	3.221148E-01	
63	3.189737E-01	3.239929E-01	3.223034E-01	
64	3.179748E-01	3.258406E-01	3.204484E-01	
65	3.193832E-01	3.227441E-01	3.226838E-01	
66	3.188254E-01	3.214586E-01	3.184100E-01	
67	3.213740E-01	3.251106E-01	3.211539E-01	
68	3.191765E-01	3.236163E-01	3.218944E-01	
69	3.217470E-01	3.216555E-01	3.225897E-01	
70	3.207281E-01	3.212151E-01	3.223685E-01	
71	3.182609E-01	3.217537E-01	3.190133E-01	
72	3.204824E-01	3.178628E-01	3.201296E-01	
73	3.187632E-01	3.231642E-01	3.198495E-01	
74	3.196673E-01	3.206621E-01	3.215536E-01	
75	3.188723E-01	3.190361E-01	3.190213E-01	
76	3.192224E-01	3.195303E-01	3.202803E-01	
77	3.196718E-01	3.224587E-01	3.210301E-01	
78	3.190628E-01	3.207716E-01	3.199888E-01	
79	3.167500E-01	3.206187E-01	3.217996E-01	
80	3.175613E-01	3.219512E-01	3.208841E-01	
81	3.172070E-01	3.209012E-01	3.192716E-01	
82	3.184518E-01	3.219160E-01	3.207590E-01	
83	3.192358E-01	3.237183E-01	3.191202E-01	
84	3.160797E-01	3.216028E-01	3.199940E-01	
85	3.167955E-01	3.231125E-01	3.217609E-01	
86	3.174438E-01	3.223041E-01	3.185615E-01	
87	3.152021E-01	3.233064E-01	3.196687E-01	
88	3.144907E-01	3.231694E-01	3.186111E-01	
89	3.161147E-01	3.226189E-01	3.172004E-01	
90	3.154085E-01	3.222652E-01	3.197512E-01	
91	3.154081E-01	3.238257E-01	3.186964E-01	
92	3.158850E-01	3.240264E-01	3.173124E-01	
93	3.153472E-01	3.214597E-01	3.196169E-01	
94	3.158953E-01	3.237056E-01	3.202033E-01	
95	3.165514E-01	3.213495E-01	3.195768E-01	
96	3.168261E-01	3.242210E-01	3.214147E-01	
97	3.170022E-01	3.229720E-01	3.186622E-01	
98	3.161223E-01	3.220120E-01	3.195816E-01	
99	3.168456E-01	3.222003E-01	3.206083E-01	
100	3.159471E-01	3.230080E-01	3.186798E-01	
101	3.174311E-01	3.239039E-01	3.196706E-01	
102	3.174342E-01	3.246601E-01	3.194968E-01	
103	3.146937E-01	3.215883E-01	3.228842E-01	
104	3.171747E-01	3.242697E-01	3.196794E-01	
105	3.175655E-01	3.246792E-01	3.204492E-01	
106	3.182062E-01	3.240812E-01	3.218762E-01	
107	3.184450E-01	3.239838E-01	3.220594E-01	
108	3.173218E-01	3.255655E-01	3.211798E-01	
109	3.176618E-01	3.251154E-01	3.234118E-01	
110	3.187865E-01	3.256516E-01	3.226267E-01	
111	3.189619E-01	3.235659E-01	3.239922E-01	
112	3.193769E-01	3.265889E-01	3.240423E-01	
113	3.211080E-01	3.258394E-01	3.258768E-01	
114	3.228128E-01	3.263131E-01	3.276496E-01	
115	3.224427E-01	3.278989E-01	3.270350E-01	
116	3.254798E-01	3.272362E-01	3.278730E-01	
117	3.259275E-01	3.295023E-01	3.269981E-01	
118	3.262164E-01	3.282417E-01	3.286730E-01	
119	3.272283E-01	3.309775E-01	3.293711E-01	
120	3.289607E-01	3.290476E-01	3.285102E-01	
121	3.300622E-01	3.293424E-01	3.316303E-01	
122	3.318127E-01	3.330198E-01	3.323556E-01	
123	3.317892E-01	3.328638E-01	3.335747E-01	
124	3.314874E-01	3.338010E-01	3.336393E-01	
125	3.359178E-01	3.329146E-01	3.344379E-01	
126	3.359565E-01	3.351215E-01	3.354133E-01	
127	3.365613E-01	3.331754E-01	3.371862E-01	
128	3.363930E-01	3.364023E-01	3.376412E-01	
129	3.395418E-01	3.349830E-01	3.409556E-01	
130	3.423091E-01	3.353619E-01	3.424312E-01	
131	3.429529E-01	3.369651E-01	3.418726E-01	
132	3.429375E-01	3.375216E-01	3.418157E-01	
133	3.446601E-01	3.369758E-01	3.454919E-01	
134	3.475570E-01	3.411897E-01	3.440078E-01	
135	3.493165E-01	3.422126E-01	3.457611E-01	
136	3.501593E-01	3.429392E-01	3.456336E-01	
137	3.514261E-01	3.447085E-01	3.483487E-01	
138	3.540672E-01	3.445978E-01	3.503563E-01	
139	3.544979E-01	3.446254E-01	3.502699E-01	
140	3.561503E-01	3.475718E-01	3.509316E-01	
141	3.575798E-01	3.466200E-01	3.532674E-01	
142	3.581205E-01	3.479044E-01	3.542023E-01	
143	3.613249E-01	3.493497E-01	3.544984E-01	
144	3.628123E-01	3.494386E-01	3.582264E-01	
145	3.629378E-01	3.532065E-01	3.575165E-01	
146	3.654823E-01	3.542437E-01	3.594431E-01	
147	3.675060E-01	3.547393E-01	3.619227E-01	
148	3.685699E-01	3.548877E-01	3.618445E-01	
149	3.703957E-01	3.569697E-01	3.646410E-01	
150	3.716057E-01	3.581208E-01	3.644911E-01	
151	3.724052E-01	3.606668E-01	3.633775E-01	
152	3.731183E-01	3.605758E-01	3.676821E-01	
153	3.769787E-01	3.626832E-01	3.675334E-01	
154	3.797326E-01	3.648651E-01	3.704485E-01	
155	3.838125E-01	3.632607E-01	3.703999E-01	
156	3.812078E-01	3.683387E-01	3.711457E-01	
157	3.846940E-01	3.680874E-01	3.759756E-01	
158	3.870675E-01	3.697868E-01	3.761417E-01	
159	3.904111E-01	3.735860E-01	3.757190E-01	
160	3.915733E-01	3.733184E-01	3.787680E-01	
161	3.950683E-01	3.769981E-01	3.790156E-01	
162	3.953086E-01	3.776246E-01	3.810909E-01	
163	4.018321E-01	3.777620E-01	3.801067E-01	
164	4.022079E-01	3.834103E-01	3.821603E-01	
165	4.021533E-01	3.842700E-01	3.860056E-01	
166	4.049698E-01	3.863221E-01	3.869852E-01	
167	4.056580E-01	3.872241E-01	3.870814E-01	
168	4.082444E-01	3.898400E-01	3.881998E-01	
169	4.127550E-01	3.906191E-01	3.943456E-01	
170	4.108043E-01	3.922224E-01	3.928830E-01	
171	4.163105E-01	3.905267E-01	3.927644E-01	
172	4.188065E-01	3.953691E-01	3.957984E-01	
173	4.208864E-01	3.944818E-01	3.968844E-01	
174	4.250766E-01	3.963832E-01	3.975772E-01	
175	4.249057E-01	3.991098E-01	3.982260E-01	
176	4.318069E-01	3.984099E-01	4.009741E-01	
177	4.302429E-01	3.998432E-01	4.040504E-01	
178	4.351818E-01	4.044185E-01	4.028798E-01	
179	4.390561E-01	4.023532E-01	4.055058E-01	
180	4.391757E-01	4.051697E-01	4.096337E-01	
181	4.413423E-01	4.052053E-01	4.088937E-01	
182	4.427276E-01	4.055721E-01	4.092408E-01	
183	4.454844E-01	4.012132E-01	4.115781E-01	
184	4.487068E-01	4.066826E-01	4.130150E-01	
185	4.491335E-01	4.081754E-01	4.128439E-01	
186	4.533370E-01	4.065313E-01	4.137671E-01	
187	4.563768E-01	4.104731E-01	4.129455E-01	
188	4.576788E-01	4.095664E-01	4.180078E-01	
189	4.636950E-01	4.110820E-01	4.189901E-01	
190	4.643544E-01	4.103414E-01	4.177698E-01	
191	4.661357E-01	4.112687E-01	4.188578E-01	
192	4.716925E-01	4.139744E-01	4.195777E-01	
193	4.670537E-01	4.149369E-01	4.217577E-01	
194	4.703714E-01	4.143469E-01	4.162340E-01	
195	4.693226E-01	4.124784E-01	4.156811E-01	
196	4.751068E-01	4.183290E-01	4.173046E-01	
197	4.719011E-01	4.137997E-01	4.189217E-01	
198	4.752397E-01	4.147249E-01	4.158504E-01	
199	4.780548E-01	4.171875E-01	4.170370E-01	
200	4.811559E-01	4.137989E-01	4.191362E-01	
201	4.865234E-01	4.144541E-01	4.196737E-01	
202	4.849711E-01	4.132701E-01	4.186334E-01	
203	4.889866E-01	4.102884E-01	4.163921E-01	
204	4.889938E-01	4.096881E-01	4.213929E-01	
205	4.892497E-01	4.093717E-01	4.182897E-01	
206	4.932248E-01	4.109527E-01	4.141496E-01	
207	4.878361E-01	4.085173E-01	4.168929E-01	
208	4.893366E-01	4.055695E-01	4.171184E-01	
209	4.877680E-01	4.054634E-01	4.121848E-01	
210	4.916022E-01	4.127866E-01	4.141952E-01	
211	4.901690E-01	4.081233E-01	4.128742E-01	
212	4.942416E-01	4.057139E-01	4.089160E-01	
213	4.921490E-01	4.092386E-01	4.124129E-01	
214	4.881746E-01	4.035963E-01	4.072721E-01	
215	4.971060E-01	4.039783E-01	4.097521E-01	
216	5.027384E-01	4.050472E-01	4.102360E-01	
217	5.001078E-01	4.020681E-01	4.099159E-01	
218	4.995635E-01	4.017536E-01	4.040236E-01	
219	4.945105E-01	4.027370E-01	4.079944E-01	
220	4.993264E-01	3.981331E-01	4.047163E-01	
221	4.942599E-01	3.960665E-01	4.029598E-01	
222	4.991803E-01	4.000552E-01	4.002808E-01	
223	4.897581E-01	3.949817E-01	3.951572E-01	
224	5.042775E-01	3.984226E-01	3.921348E-01	
225	4.954535E-01	3.932080E-01	3.919957E-01	
226	4.848201E-01	3.908461E-01	3.920207E-01	
227	4.929580E-01	3.914688E-01	3.834051E-01	
228	4.992930E-01	3.913469E-01	3.808408E-01	
229	4.862421E-01	3.852178E-01	3.834305E-01	
230	4.890818E-01	3.823809E-01	3.825781E-01	
231	4.972527E-01	3.810028E-01	3.749368E-01	
232	4.882393E-01	3.818639E-01	3.771778E-01	
233	4.959021E-01	3.783514E-01	3.751387E-01	
234	4.952405E-01	3.770469E-01	3.720277E-01	
235	4.830226E-01	3.728916E-01	3.731650E-01	
236	4.930278E-01	3.694230E-01	3.685766E-01	
237	4.946185E-01	3.720558E-01	3.715087E-01	
238	5.032312E-01	3.688367E-01	3.664295E-01	
239	4.913122E-01	3.694912E-01	3.711614E-01	
240	5.004130E-01	3.672290E-01	3.625982E-01	
241	4.933218E-01	3.658778E-01	3.630055E-01	
242	5.066771E-01	3.652260E-01	3.561512E-01	
243	5.074426E-01	3.650251E-01	3.658534E-01	
244	5.067773E-01	3.616704E-01	3.597047E-01	
245	5.074666E-01	3.636976E-01	3.574850E-01	
246	5.112456E-01	3.592358E-01	3.581837E-01	
247	5.090257E-01	3.562991E-01	3.572418E-01	
248	4.878715E-01	3.599806E-01	3.530491E-01	
249	4.855186E-01	3.538994E-01	3.524209E-01	
250	5.056795E-01	3.565543E-01	3.517411E-01	
251	4.925638E-01	3.561721E-01	3.500657E-01	
252	4.844073E-01	3.533448E-01	3.461694E-01	
253	4.835990E-01	3.471437E-01	3.466827E-01	
254	4.669167E-01	3.537726E-01	3.492324E-01	
255	4.531579E-01	3.536531E-01	3.458710E-01	
256	4.665393E-01	3.520042E-01	3.454081E-01	
257	4.624960E-01	3.472181E-01	3.434563E-01	
258	4.542885E-01	3.445292E-01	3.396126E-01	
259	4.568312E-01	3.439587E-01	3.451308E-01	
260	4.488125E-01	3.421809E-01	3.407981E-01	
261	4.464236E-01	3.405863E-01	3.378952E-01	
262	4.486857E-01	3.403452E-01	3.351811E-01	
263	4.373285E-01	3.393685E-01	3.343568E-01	
264	4.456240E-01	3.379647E-01	3.311751E-01	
265	4.325172E-01	3.348719E-01	3.289123E-01	
266	4.106398E-01	3.393484E-01	3.327588E-01	
267	4.286709E-01	3.317780E-01	3.282609E-01	
268	4.247822E-01	3.326261E-01	3.202352E-01	
269	3.965688E-01	3.259844E-01	3.261133E-01	
270	4.100811E-01	3.294375E-01	3.199500E-01	
271	4.050065E-01	3.250532E-01	3.238383E-01	
272	3.971595E-01	3.216033E-01	3.130317E-01	
273	3.946722E-01	3.187735E-01	3.161088E-01	
274	3.814852E-01	3.184457E-01	3.182910E-01	
275	3.887957E-01	3.195620E-01	3.201351E-01	
276	3.720273E-01	3.153465E-01	3.134189E-01	
277	3.799715E-01	3.151653E-01	3.132019E-01	
278	3.728380E-01	3.160284E-01	3.151199E-01	
279	3.604737E-01	3.153426E-01	3.098204E-01	
280	3.407083E-01	3.130373E-01	3.113519E-01	
281	3.631484E-01	3.103393E-01	3.091227E-01	
282	3.404795E-01	3.116834E-01	3.089750E-01	
283	3.542825E-01	3.093461E-01	3.038356E-01	
284	3.405636E-01	3.057227E-01	3.019088E-01	
285	3.161605E-01	3.050803E-01	3.015923E-01	
286	3.474738E-01	3.042839E-01	3.045929E-01	
287	3.059820E-01	3.037507E-01	3.101312E-01	
288	3.267917E-01	2.961717E-01	3.019871E-01	
289	3.174599E-01	3.002068E-01	3.036923E-01	
290	3.242042E-01	2.996184E-01	3.010259E-01	
291	3.108819E-01	2.989676E-01	3.001049E-01	
292	3.085009E-01	2.938652E-01	2.991885E-01	
293	3.232234E-01	2.922002E-01	2.984905E-01	
294	3.108777E-01	2.950482E-01	3.011272E-01	
295	3.289649E-01	2.970670E-01	2.999225E-01	
296	3.143949E-01	2.929706E-01	2.999406E-01	
297	3.032200E-01	2.955091E-01	2.994680E-01	
298	3.187594E-01	2.948233E-01	2.962559E-01	
299	2.881441E-01	2.936719E-01	2.944524E-01	
300	3.013471E-01	2.935575E-01	2.973920E-01	
301	3.106752E-01	2.945713E-01	2.916619E-01	
302	2.998972E-01	2.944447E-01	2.942255E-01	
303	2.992714E-01	2.938503E-01	2.969370E-01	
304	2.897893E-01	2.925292E-01	2.939221E-01	
305	2.952434E-01	2.945461E-01	2.902486E-01	
306	2.874529E-01	2.930791E-01	2.922018E-01	
307	2.957973E-01	2.934935E-01	2.896087E-01	
308	2.885694E-01	2.981784E-01	2.921284E-01	
309	3.034119E-01	2.896545E-01	2.915203E-01	
310	2.972132E-01	2.920931E-01	2.948050E-01	
311	2.945362E-01	2.932742E-01	2.912287E-01	
312	2.841196E-01	2.940174E-01	2.943643E-01	
313	2.738621E-01	2.894971E-01	2.890666E-01	
314	2.880884E-01	2.959215E-01	2.948201E-01	
315	2.827606E-01	2.918760E-01	2.961396E-01	
316	2.832970E-01	2.926788E-01	2.906824E-01	
317	2.641103E-01	2.916106E-01	2.906703E-01	
318	2.664107E-01	2.911178E-01	2.915820E-01	
319	2.750366E-01	2.901444E-01	2.915389E-01	
320	2.736026E-01	2.870829E-01	2.907259E-01	
321	2.936214E-01	2.924988E-01	2.922632E-01	
322	2.729191E-01	2.860644E-01	2.900277E-01	
323	2.710729E-01	2.920577E-01	2.910592E-01	
324	2.734529E-01	2.904301E-01	2.887381E-01	
325	2.773595E-01	2.896289E-01	2.916047E-01	
326	2.893558E-01	2.927490E-01	2.896220E-01	
327	2.908647E-01	2.882767E-01	2.890667E-01	
328	3.019444E-01	2.950127E-01	2.916372E-01	
329	2.742317E-01	2.922382E-01	2.888093E-01	
330	2.876564E-01	2.927514E-01	2.883911E-01	
331	2.899065E-01	2.955244E-01	2.901951E-01	
332	2.857956E-01	2.922780E-01	2.921325E-01	
333	2.989774E-01	2.941508E-01	2.886766E-01	
334	2.885080E-01	2.921390E-01	2.888551E-01	
335	2.684931E-01	2.931626E-01	2.880517E-01	
336	2.851477E-01	2.926635E-01	2.869717E-01	
337	2.938241E-01	2.952384E-01	2.923663E-01	
338	2.802284E-01	2.921577E-01	2.892142E-01	
339	2.862790E-01	2.928473E-01	2.889183E-01	
340	2.835494E-01	2.936332E-01	2.899596E-01	
341	2.621290E-01	2.917928E-01	2.884206E-01	
342	2.838021E-01	2.895682E-01	2.951016E-01	
343	2.604703E-01	2.904924E-01	2.891338E-01	
344	2.775816E-01	2.914390E-01	2.969621E-01	
345	2.562205E-01	2.884100E-01	2.923985E-01	
346	2.864317E-01	2.906089E-01	2.899731E-01	
347	2.641743E-01	2.920733E-01	2.941643E-01	
348	2.816835E-01	2.904331E-01	2.919274E-01	
349	2.789846E-01	2.893834E-01	2.910367E-01	
350	2.715675E-01	2.870568E-01	2.919890E-01	
351	2.629585E-01	2.913755E-01	2.956535E-01	
352	2.762240E-01	2.930432E-01	2.941768E-01	
353	2.671697E-01	2.892270E-01	2.937057E-01	
354	2.626832E-01	2.907935E-01	2.926213E-01	
355	2.880262E-01	2.907288E-01	2.955807E-01	
356	2.678407E-01	2.915495E-01	2.961295E-01	
357	2.657683E-01	2.927748E-01	2.952023E-01	
358	2.743598E-01	2.937204E-01	2.940997E-01	
359	2.544967E-01	2.874782E-01	2.951516E-01	
360	2.859349E-01	2.869333E-01	2.899118E-01	
361	2.691997E-01	2.876926E-01	2.927442E-01	
362	2.663949E-01	2.906082E-01	2.886569E-01	
363	2.741607E-01	2.909302E-01	2.910423E-01	
364	2.700205E-01	2.851679E-01	2.887773E-01	
365	2.741045E-01	2.877993E-01	2.877186E-01	
366	2.674876E-01	2.879565E-01	2.887717E-01	
367	2.672890E-01	2.888537E-01	2.844289E-01	
368	2.746920E-01	2.859737E-01	2.857424E-01	
369	2.697299E-01	2.868397E-01	2.860016E-01	
370	2.812151E-01	2.855919E-01	2.890199E-01	
371	2.956382E-01	2.842137E-01	2.824156E-01	
372	2.803081E-01	2.867412E-01	2.860136E-01	
373	2.904245E-01	2.855713E-01	2.839904E-01	
374	2.868182E-01	2.844182E-01	2.815374E-01	
375	2.845208E-01	2.865580E-01	2.891587E-01	
376	2.925399E-01	2.812911E-01	2.792153E-01	
377	2.960466E-01	2.814887E-01	2.867901E-01	
378	2.871775E-01	2.845324E-01	2.826316E-01	
379	2.970443E-01	2.836551E-01	2.813042E-01	
380	2.768334E-01	2.823875E-01	2.836244E-01	
381	2.997717E-01	2.845588E-01	2.843630E-01	
382	2.947422E-01	2.814431E-01	2.784270E-01	
383	2.938578E-01	2.803878E-01	2.852810E-01	
384	2.816613E-01	2.820971E-01	2.818660E-01	
385	3.010369E-01	2.788679E-01	2.827166E-01	
386	2.829344E-01	2.800257E-01	2.910223E-01	
387	3.117472E-01	2.758672E-01	2.784434E-01	
388	3.010658E-01	2.795852E-01	2.848394E-01	
389	2.812061E-01	2.795752E-01	2.844049E-01	
390	2.931494E-01	2.743251E-01	2.853544E-01	
391	3.027419E-01	2.798895E-01	2.872538E-01	
392	2.923358E-01	2.771150E-01	2.840660E-01	
393	2.832242E-01	2.776979E-01	2.865026E-01	
394	2.810972E-01	2.825784E-01	2.858688E-01	
395	2.905861E-01	2.791221E-01	2.884429E-01	
396	2.858338E-01	2.788573E-01	2.848428E-01	
397	2.903960E-01	2.838116E-01	2.868047E-01	
398	2.968911E-01	2.822101E-01	2.846058E-01	
399	2.831923E-01	2.844322E-01	2.873129E-01	
400	3.207141E-01	2.853332E-01	2.870509E-01	
401	3.043597E-01	2.808072E-01	2.881206E-01	
402	3.062082E-01	2.902665E-01	2.888940E-01	
403	3.191652E-01	2.804100E-01	2.887019E-01	
404	2.998933E-01	2.810084E-01	2.897451E-01	
405	3.014407E-01	2.899135E-01	2.861990E-01	
406	3.063495E-01	2.789526E-01	2.928647E-01	
407	3.182650E-01	2.955197E-01	2.964104E-01	
408	3.020634E-01	2.825400E-01	2.903200E-01	
409	3.007608E-01	2.825187E-01	2.897230E-01	
410	3.214103E-01	2.851531E-01	2.961329E-01	
411	3.074392E-01	2.870273E-01	2.916076E-01	
412	3.034125E-01	2.833765E-01	2.892040E-01	
413	3.245252E-01	2.919213E-01	2.967188E-01	
414	3.197524E-01	2.908966E-01	2.893321E-01	
415	3.312817E-01	2.928896E-01	2.971430E-01	
416	3.209188E-01	2.937768E-01	3.022994E-01	
417	3.100090E-01	2.895975E-01	2.965248E-01	
418	2.979469E-01	2.988269E-01	3.083947E-01	
419	3.057770E-01	2.963397E-01	2.980834E-01	
420	2.937433E-01	2.954018E-01	2.968485E-01	
421	3.084439E-01	2.964159E-01	3.036013E-01	
422	3.029797E-01	3.043227E-01	2.992319E-01	
423	3.022924E-01	2.952637E-01	3.008650E-01	
424	3.025190E-01	3.006030E-01	3.010379E-01	
425	2.741462E-01	2.980804E-01	3.024480E-01	
426	2.969688E-01	3.009281E-01	3.007913E-01	
427	2.984879E-01	3.017985E-01	3.008801E-01	
428	2.900420E-01	2.934253E-01	2.969529E-01	
429	2.979696E-01	2.882025E-01	2.929796E-01	
430	2.982362E-01	2.980535E-01	2.994611E-01	
431	3.133121E-01	2.860436E-01	2.996327E-01	
432	2.706449E-01	2.893568E-01	2.875507E-01	
433	2.964031E-01	2.934343E-01	2.991593E-01	
434	3.043119E-01	2.866278E-01	2.911382E-01	
435	3.160338E-01	2.981697E-01	2.877813E-01	
436	3.003000E-01	2.937464E-01	2.925456E-01	
437	2.988295E-01	2.939398E-01	2.893225E-01	
438	3.253699E-01	3.043322E-01	2.947832E-01	
439	3.183311E-01	2.961103E-01	2.908209E-01	
440	3.279518E-01	2.929744E-01	2.964561E-01	
441	3.058234E-01	2.938080E-01	2.974450E-01	
442	3.049562E-01	2.902137E-01	3.017742E-01	
443	2.909342E-01	2.908245E-01	2.840156E-01	
444	3.301598E-01	2.948436E-01	2.900182E-01	
445	2.928125E-01	3.030086E-01	3.048065E-01	
446	2.854167E-01	2.912116E-01	2.906052E-01	
447	3.015410E-01	2.771606E-01	2.922778E-01	
448	2.523373E-01	2.964695E-01	2.913509E-01	
449	2.610778E-01	2.837098E-01	3.010488E-01	
450	3.011203E-01	2.904992E-01	2.887017E-01	
451	2.696838E-01	2.733334E-01	2.872850E-01	
452	2.409168E-01	2.826417E-01	2.946983E-01	
453	2.738738E-01	2.842229E-01	2.877426E-01	
454	2.826568E-01	2.844669E-01	2.876213E-01	
455	2.242666E-01	2.806274E-01	2.879085E-01	
456	2.426444E-01	2.759396E-01	2.948955E-01	
457	2.399342E-01	2.826928E-01	2.929255E-01	
458	2.487001E-01	2.857794E-01	2.832783E-01	
459	2.316751E-01	2.907293E-01	2.915413E-01	
460	2.102663E-01	2.804908E-01	2.724334E-01	
461	2.555151E-01	2.976195E-01	2.953447E-01	
462	1.870520E-01	2.911632E-01	2.773941E-01	
463	2.420751E-01	3.038565E-01	2.929053E-01	
464	2.213848E-01	2.935183E-01	2.895949E-01	
465	2.444036E-01	2.973433E-01	2.823484E-01	
466	2.305491E-01	3.007393E-01	3.030877E-01	
467	2.332934E-01	2.882840E-01	2.804116E-01	
468	2.717877E-01	3.091326E-01	2.942436E-01	
469	2.918668E-01	2.904778E-01	2.842919E-01	
470	3.038989E-01	3.043635E-01	2.969221E-01	
471	2.860556E-01	3.233939E-01	2.755259E-01	
472	2.559891E-01	2.984549E-01	3.199916E-01	
473	2.641739E-01	3.007083E-01	2.759399E-01	
474	3.045248E-01	3.228740E-01	2.822124E-01	
475	3.003776E-01	3.234632E-01	3.048595E-01	
476	3.429137E-01	3.154096E-01	2.907403E-01	
477	3.607396E-01	3.442143E-01	3.300378E-01	
478	2.964218E-01	3.188066E-01	2.867462E-01	
479	3.299729E-01	3.711369E-01	3.163674E-01	
480	2.834615E-01	3.028393E-01	2.837547E-01	
481	3.063721E-01	3.486207E-01	3.241290E-01	
482	3.424189E-01	3.391297E-01	3.143568E-01	
483	3.134410E-01	3.267864E-01	3.099255E-01	
484	1.748923E-01	3.849989E-01	3.997255E-01	
485	2.969913E-01	3.155531E-01	3.075128E-01	
486	2.276266E-01	3.537363E-01	3.999195E-01	
487	2.775257E-01	3.392334E-01	3.021165E-01	
488	4.155915E-01	3.619517E-01	3.702364E-01	
489	2.733972E-01	3.340563E-01	3.280817E-01	
490	3.255843E-01	3.524949E-01	3.470537E-01	
491	1.454578E-01	3.579815E-01	4.121635E-01	
492	2.712716E-01	3.574288E-01	3.290696E-01	
493	4.404497E-01	5.034264E-01	4.002514E-01	
494	3.004547E-01	3.748849E-01	3.486564E-01	
495	6.330944E-01	3.968077E-01	3.457668E-01	
496	2.942483E-01	3.573007E-01	3.857787E-01	
497	1.595033E-01	4.436794E-01	3.880246E-01	
498	3.375505E-01	3.778646E-01	4.022915E-01	
499	3.827718E-01	4.047947E-01	4.095937E-01	
500	0	0	0	
501	4.102182E-01	4.199154E-01	4.394197E-01	
502	0	0	0	
503	4.926299E-01	4.355442E-01	4.794316E-01	
504	0	0	0	
505	4.586460E-01	4.876207E-01	5.156107E-01	
506	7.013786E-01	4.333327E-01	5.141125E-01	
507	0	0	0	
508	5.275122E-01	5.061695E-01	5.751732E-01	
509	0	0	0	
510	6.126393E-01	5.324070E-01	6.119422E-01	
511	0	0	0	
512	8.427676E-01	5.852949E-01	6.475490E-01	
513	0	0	0	
514	0	0	0	
515	7.746412E-01	6.562524E-01	6.614503E-01	
516	0	0	0	
517	0	6.748803E-01	7.754308E-01	
518	0	0	0	
519	0	5.333333E-01	7.596899E-01	
520	0	0	0	
521	0	0	0	
522	0	0	0	
523	0	0	0	
524	0	0	0	
525	0	0	0	
526	0	0	0	
527	0	0	0	
528	0	0	0	
529	0	0	0	
530	0	0	0	
531	0	0	0	
532	0	0	0	
533	0	0	0	
534	0	0	0	
535	0	0	0	
536	0	0	0	
537	0	0	0	
538	0	0	0	
539	0	0	0	
540	0	0	0	
541	0	0	0	
542	0	0	0	
543	0	0	0	
544	0	0	0	
545	0	0	0	
546	0	0	0	
547	0	0	0	
548	0	0	0	
549	0	0	0	
550	0	0	0	
551	0	0	0	
552	0	0	0	
553	0	0	0	
554	0	0	0	
555	0	0	0	
556	0	0	0	
557	0	0	0	
558	0	0	0	
559	0	0	0	
560	0	0	0	
561	0	0	0	
562	0	0	0	
563	0	0	0	
564	0	0	0	
565	0	0	0	
566	0	0	0	
567	0	0	0	
568	0	0	0	
569	0	0	0	
570	0	0	0	
571	0	0	0	
572	0	0	0	
573	0	0	0	
574	0	0	0	
575	0	0	0	
576	0	0	0	
577	0	0	0	
578	0	0	0	
579	0	0	0	
580	0	0	0	
581	0	0	0	
582	0	0	0	
583	0	0	0	
584	0	0	0	
585	0	0	0	
586	0	0	0	
587	0	0	0	
588	0	0	0	
589	0	0	0	
590	0	0	0	
591	0	0	0	
592	0	0	0	
593	0	0	0	
594	0	0	0	
595	0	0	0	
596	0	0	0	
597	0	0	0	
598	0	0	0	
599	0	0	0	
#NewRun
