#COM_Bin	Avg_cosine_squared
#Order is chain type
0	0	0	0	
1	0	0	0	
2	0	0	0	
3	0	0	0	
4	3.472347E-01	3.864013E-01	3.323254E-01	
5	3.249725E-01	3.450879E-01	3.227281E-01	
6	3.448443E-01	3.551197E-01	3.140002E-01	
7	0	0	0	
8	3.336296E-01	3.391665E-01	3.454244E-01	
9	3.404206E-01	3.500605E-01	3.441023E-01	
10	0	0	0	
11	3.323651E-01	3.144777E-01	3.222253E-01	
12	3.314641E-01	3.326891E-01	3.325545E-01	
13	3.334762E-01	3.506261E-01	3.362978E-01	
14	3.301755E-01	3.311512E-01	3.229561E-01	
15	0	0	0	
16	3.308628E-01	3.442724E-01	3.288492E-01	
17	3.267201E-01	3.387818E-01	3.298181E-01	
18	3.334481E-01	3.370382E-01	3.382491E-01	
19	3.268860E-01	3.337751E-01	3.244403E-01	
20	3.306599E-01	3.408663E-01	3.321466E-01	
21	3.293181E-01	3.321573E-01	3.359922E-01	
22	3.298015E-01	3.346705E-01	3.299769E-01	
23	3.276852E-01	3.356984E-01	3.313905E-01	
24	3.272615E-01	3.349763E-01	3.371886E-01	
25	3.309140E-01	3.351155E-01	3.292695E-01	
26	3.266841E-01	3.393202E-01	3.284775E-01	
27	3.315483E-01	3.325567E-01	3.367157E-01	
28	3.253219E-01	3.364302E-01	3.330587E-01	
29	3.254989E-01	3.348097E-01	3.318906E-01	
30	3.231237E-01	3.408770E-01	3.272003E-01	
31	3.246653E-01	3.345572E-01	3.303187E-01	
32	3.206604E-01	3.375882E-01	3.329641E-01	
33	3.259110E-01	3.373731E-01	3.320366E-01	
34	3.269963E-01	3.324494E-01	3.371039E-01	
35	3.237960E-01	3.385939E-01	3.354632E-01	
36	3.268543E-01	3.337708E-01	3.356890E-01	
37	3.249114E-01	3.273466E-01	3.300858E-01	
38	3.234577E-01	3.367833E-01	3.324248E-01	
39	3.249992E-01	3.286253E-01	3.306889E-01	
40	3.256346E-01	3.322210E-01	3.314354E-01	
41	3.198057E-01	3.358331E-01	3.263426E-01	
42	3.234540E-01	3.280749E-01	3.253199E-01	
43	3.213626E-01	3.333478E-01	3.236178E-01	
44	3.232553E-01	3.361660E-01	3.271129E-01	
45	3.180276E-01	3.357519E-01	3.260854E-01	
46	3.199424E-01	3.345510E-01	3.228319E-01	
47	3.171951E-01	3.374222E-01	3.212242E-01	
48	3.197068E-01	3.351149E-01	3.240486E-01	
49	3.170829E-01	3.354618E-01	3.207131E-01	
50	3.162641E-01	3.334750E-01	3.193084E-01	
51	3.195211E-01	3.344868E-01	3.191765E-01	
52	3.209048E-01	3.324395E-01	3.200104E-01	
53	3.184501E-01	3.318872E-01	3.212456E-01	
54	3.182005E-01	3.339886E-01	3.186336E-01	
55	3.158302E-01	3.285352E-01	3.200977E-01	
56	3.159833E-01	3.302565E-01	3.153980E-01	
57	3.180017E-01	3.285244E-01	3.195629E-01	
58	3.167144E-01	3.274959E-01	3.162017E-01	
59	3.155570E-01	3.296342E-01	3.168515E-01	
60	3.168428E-01	3.256825E-01	3.200767E-01	
61	3.154805E-01	3.251562E-01	3.212652E-01	
62	3.144389E-01	3.268417E-01	3.204784E-01	
63	3.132501E-01	3.239141E-01	3.201907E-01	
64	3.148609E-01	3.203207E-01	3.200192E-01	
65	3.143708E-01	3.244562E-01	3.205575E-01	
66	3.118580E-01	3.208945E-01	3.226763E-01	
67	3.138205E-01	3.175294E-01	3.201580E-01	
68	3.132053E-01	3.184748E-01	3.206314E-01	
69	3.134872E-01	3.189121E-01	3.208710E-01	
70	3.093360E-01	3.179107E-01	3.225528E-01	
71	3.124655E-01	3.206014E-01	3.207145E-01	
72	3.106443E-01	3.168605E-01	3.202529E-01	
73	3.113553E-01	3.158559E-01	3.223235E-01	
74	3.117364E-01	3.179848E-01	3.185592E-01	
75	3.106689E-01	3.133935E-01	3.206667E-01	
76	3.104956E-01	3.157231E-01	3.185021E-01	
77	3.107280E-01	3.142778E-01	3.177443E-01	
78	3.109186E-01	3.123762E-01	3.183717E-01	
79	3.100988E-01	3.127849E-01	3.161173E-01	
80	3.102601E-01	3.098867E-01	3.190436E-01	
81	3.097427E-01	3.106438E-01	3.187422E-01	
82	3.098370E-01	3.111791E-01	3.178483E-01	
83	3.095881E-01	3.104041E-01	3.171108E-01	
84	3.111343E-01	3.083697E-01	3.215982E-01	
85	3.112555E-01	3.073418E-01	3.183192E-01	
86	3.100604E-01	3.090521E-01	3.186957E-01	
87	3.103184E-01	3.116627E-01	3.200631E-01	
88	3.108683E-01	3.088057E-01	3.196723E-01	
89	3.101263E-01	3.108874E-01	3.195907E-01	
90	3.109382E-01	3.090332E-01	3.206558E-01	
91	3.102927E-01	3.100631E-01	3.211464E-01	
92	3.098285E-01	3.092504E-01	3.202529E-01	
93	3.111696E-01	3.102578E-01	3.193396E-01	
94	3.097811E-01	3.091599E-01	3.193543E-01	
95	3.098762E-01	3.104753E-01	3.195795E-01	
96	3.090595E-01	3.094774E-01	3.205144E-01	
97	3.106158E-01	3.091648E-01	3.198640E-01	
98	3.115492E-01	3.108691E-01	3.206989E-01	
99	3.115910E-01	3.098680E-01	3.198985E-01	
100	3.110449E-01	3.110816E-01	3.213645E-01	
101	3.115237E-01	3.126935E-01	3.222211E-01	
102	3.131567E-01	3.127018E-01	3.198536E-01	
103	3.116588E-01	3.152067E-01	3.192242E-01	
104	3.133662E-01	3.127098E-01	3.215861E-01	
105	3.140969E-01	3.133237E-01	3.203495E-01	
106	3.148779E-01	3.138965E-01	3.232286E-01	
107	3.155160E-01	3.153125E-01	3.203378E-01	
108	3.170405E-01	3.150846E-01	3.244660E-01	
109	3.181201E-01	3.179268E-01	3.222868E-01	
110	3.197405E-01	3.179696E-01	3.236430E-01	
111	3.210634E-01	3.193861E-01	3.249071E-01	
112	3.220933E-01	3.213793E-01	3.266354E-01	
113	3.237597E-01	3.204098E-01	3.256997E-01	
114	3.228698E-01	3.221189E-01	3.270570E-01	
115	3.253139E-01	3.238331E-01	3.302161E-01	
116	3.265153E-01	3.234434E-01	3.297950E-01	
117	3.274374E-01	3.266887E-01	3.296302E-01	
118	3.303403E-01	3.280255E-01	3.313797E-01	
119	3.321820E-01	3.278597E-01	3.314582E-01	
120	3.341988E-01	3.300317E-01	3.362977E-01	
121	3.364562E-01	3.319163E-01	3.347676E-01	
122	3.379100E-01	3.322726E-01	3.349991E-01	
123	3.401141E-01	3.341373E-01	3.362684E-01	
124	3.441978E-01	3.369443E-01	3.397959E-01	
125	3.446760E-01	3.384040E-01	3.380704E-01	
126	3.472123E-01	3.398889E-01	3.381185E-01	
127	3.499380E-01	3.410722E-01	3.406108E-01	
128	3.519166E-01	3.439580E-01	3.433519E-01	
129	3.555653E-01	3.450195E-01	3.427148E-01	
130	3.576416E-01	3.462184E-01	3.455791E-01	
131	3.605573E-01	3.456164E-01	3.474766E-01	
132	3.624501E-01	3.480365E-01	3.486615E-01	
133	3.654612E-01	3.499359E-01	3.524343E-01	
134	3.677818E-01	3.510391E-01	3.508700E-01	
135	3.694684E-01	3.527889E-01	3.570578E-01	
136	3.735104E-01	3.549184E-01	3.559052E-01	
137	3.758847E-01	3.548177E-01	3.559190E-01	
138	3.783944E-01	3.572568E-01	3.593791E-01	
139	3.805437E-01	3.590894E-01	3.611358E-01	
140	3.840458E-01	3.617500E-01	3.628468E-01	
141	3.885465E-01	3.651795E-01	3.643560E-01	
142	3.908532E-01	3.648405E-01	3.666696E-01	
143	3.924921E-01	3.673135E-01	3.684374E-01	
144	3.981901E-01	3.680873E-01	3.717894E-01	
145	4.005011E-01	3.725547E-01	3.715099E-01	
146	4.025172E-01	3.724075E-01	3.747438E-01	
147	4.070532E-01	3.731536E-01	3.788951E-01	
148	4.085323E-01	3.760336E-01	3.784094E-01	
149	4.107873E-01	3.771318E-01	3.795869E-01	
150	4.135422E-01	3.799568E-01	3.857371E-01	
151	4.187730E-01	3.822093E-01	3.852710E-01	
152	4.204593E-01	3.842703E-01	3.911611E-01	
153	4.249492E-01	3.859162E-01	3.903133E-01	
154	4.291653E-01	3.875535E-01	3.929947E-01	
155	4.308485E-01	3.886856E-01	3.965460E-01	
156	4.329161E-01	3.936569E-01	3.960011E-01	
157	4.362283E-01	3.945499E-01	3.984771E-01	
158	4.401073E-01	3.959166E-01	4.034862E-01	
159	4.446394E-01	3.980046E-01	4.027582E-01	
160	4.478535E-01	4.025462E-01	4.047231E-01	
161	4.488106E-01	4.046056E-01	4.093704E-01	
162	4.548952E-01	4.036739E-01	4.111154E-01	
163	4.587828E-01	4.047859E-01	4.122847E-01	
164	4.608855E-01	4.079046E-01	4.144499E-01	
165	4.625484E-01	4.110719E-01	4.142332E-01	
166	4.683659E-01	4.118326E-01	4.188838E-01	
167	4.727459E-01	4.169146E-01	4.181237E-01	
168	4.744548E-01	4.174990E-01	4.226754E-01	
169	4.814219E-01	4.223778E-01	4.239247E-01	
170	4.810058E-01	4.248985E-01	4.275586E-01	
171	4.849261E-01	4.213674E-01	4.279396E-01	
172	4.924996E-01	4.278062E-01	4.295969E-01	
173	4.928056E-01	4.280517E-01	4.300379E-01	
174	5.020359E-01	4.287014E-01	4.325998E-01	
175	5.020269E-01	4.293477E-01	4.345782E-01	
176	5.067009E-01	4.281339E-01	4.318611E-01	
177	5.103104E-01	4.342925E-01	4.371993E-01	
178	5.145049E-01	4.336026E-01	4.355659E-01	
179	5.172403E-01	4.320003E-01	4.397515E-01	
180	5.208314E-01	4.343769E-01	4.397428E-01	
181	5.223722E-01	4.350661E-01	4.408520E-01	
182	5.262091E-01	4.378565E-01	4.411630E-01	
183	5.274013E-01	4.408140E-01	4.410106E-01	
184	5.340142E-01	4.378060E-01	4.400754E-01	
185	5.338383E-01	4.374456E-01	4.426082E-01	
186	5.385026E-01	4.403730E-01	4.471100E-01	
187	5.361930E-01	4.432354E-01	4.443870E-01	
188	5.469817E-01	4.448541E-01	4.418211E-01	
189	5.497199E-01	4.416010E-01	4.458658E-01	
190	5.483024E-01	4.438357E-01	4.462775E-01	
191	5.507420E-01	4.450312E-01	4.498237E-01	
192	5.591697E-01	4.427889E-01	4.457599E-01	
193	5.615675E-01	4.432259E-01	4.454591E-01	
194	5.670140E-01	4.457483E-01	4.479248E-01	
195	5.625834E-01	4.460485E-01	4.483666E-01	
196	5.683052E-01	4.429135E-01	4.457336E-01	
197	5.715124E-01	4.489198E-01	4.474336E-01	
198	5.792101E-01	4.440588E-01	4.429682E-01	
199	5.802421E-01	4.468498E-01	4.476986E-01	
200	5.844952E-01	4.441330E-01	4.414851E-01	
201	5.809004E-01	4.466870E-01	4.434667E-01	
202	5.897763E-01	4.497040E-01	4.442671E-01	
203	5.973847E-01	4.422815E-01	4.461587E-01	
204	5.957922E-01	4.458732E-01	4.415323E-01	
205	6.035049E-01	4.424898E-01	4.402072E-01	
206	6.016492E-01	4.408219E-01	4.440078E-01	
207	6.028758E-01	4.387688E-01	4.421130E-01	
208	6.020350E-01	4.436550E-01	4.386475E-01	
209	6.141199E-01	4.378704E-01	4.409752E-01	
210	6.061031E-01	4.395633E-01	4.428330E-01	
211	6.202574E-01	4.384250E-01	4.382244E-01	
212	6.092916E-01	4.319647E-01	4.357044E-01	
213	6.181182E-01	4.365623E-01	4.353638E-01	
214	6.212800E-01	4.321653E-01	4.360931E-01	
215	6.228677E-01	4.330194E-01	4.343048E-01	
216	6.047215E-01	4.301723E-01	4.319722E-01	
217	6.150036E-01	4.302232E-01	4.293724E-01	
218	6.107723E-01	4.238352E-01	4.256406E-01	
219	6.232384E-01	4.269936E-01	4.287062E-01	
220	6.166963E-01	4.227339E-01	4.237098E-01	
221	6.077093E-01	4.192797E-01	4.182452E-01	
222	6.199092E-01	4.184462E-01	4.214830E-01	
223	6.117976E-01	4.182436E-01	4.159507E-01	
224	6.173342E-01	4.200717E-01	4.169342E-01	
225	6.182275E-01	4.143627E-01	4.143494E-01	
226	6.080490E-01	4.211709E-01	4.135640E-01	
227	6.098164E-01	4.131070E-01	4.092312E-01	
228	6.094394E-01	4.157459E-01	4.144154E-01	
229	5.970106E-01	4.077722E-01	4.104898E-01	
230	6.169236E-01	4.128527E-01	4.043431E-01	
231	6.127724E-01	4.107645E-01	4.030666E-01	
232	5.989705E-01	4.019435E-01	4.018457E-01	
233	5.956330E-01	4.013626E-01	4.000577E-01	
234	5.995480E-01	3.976117E-01	3.968688E-01	
235	5.983791E-01	4.007819E-01	3.996702E-01	
236	5.979325E-01	3.879141E-01	3.951027E-01	
237	6.033582E-01	3.891263E-01	3.935546E-01	
238	6.002133E-01	3.839103E-01	3.895838E-01	
239	5.876775E-01	3.837288E-01	3.912252E-01	
240	5.840679E-01	3.802458E-01	3.862918E-01	
241	5.711732E-01	3.781998E-01	3.832815E-01	
242	5.703654E-01	3.736746E-01	3.800393E-01	
243	5.691755E-01	3.699242E-01	3.832623E-01	
244	5.635234E-01	3.691058E-01	3.815170E-01	
245	5.564624E-01	3.702628E-01	3.788381E-01	
246	5.591433E-01	3.682246E-01	3.714340E-01	
247	5.480598E-01	3.663358E-01	3.718483E-01	
248	5.454082E-01	3.655559E-01	3.678560E-01	
249	5.284921E-01	3.659113E-01	3.711355E-01	
250	5.356358E-01	3.593229E-01	3.645687E-01	
251	5.462390E-01	3.552724E-01	3.611113E-01	
252	5.207155E-01	3.568942E-01	3.611332E-01	
253	5.410074E-01	3.534087E-01	3.550628E-01	
254	5.448921E-01	3.521027E-01	3.584187E-01	
255	5.311629E-01	3.489840E-01	3.589041E-01	
256	5.113357E-01	3.428529E-01	3.507196E-01	
257	5.151713E-01	3.442552E-01	3.504472E-01	
258	5.176487E-01	3.435277E-01	3.455222E-01	
259	5.087103E-01	3.416754E-01	3.430793E-01	
260	4.892025E-01	3.389832E-01	3.434191E-01	
261	5.019457E-01	3.402525E-01	3.386043E-01	
262	4.774162E-01	3.410949E-01	3.335522E-01	
263	4.811217E-01	3.371548E-01	3.345507E-01	
264	4.828130E-01	3.342821E-01	3.274061E-01	
265	4.738088E-01	3.319476E-01	3.267674E-01	
266	4.546163E-01	3.345192E-01	3.308395E-01	
267	4.542413E-01	3.248876E-01	3.226794E-01	
268	4.587847E-01	3.243306E-01	3.250791E-01	
269	4.384521E-01	3.253078E-01	3.166902E-01	
270	4.208206E-01	3.222877E-01	3.214095E-01	
271	4.504149E-01	3.202566E-01	3.203254E-01	
272	4.323852E-01	3.201760E-01	3.175790E-01	
273	4.268482E-01	3.183086E-01	3.192136E-01	
274	4.314512E-01	3.171917E-01	3.182099E-01	
275	4.061404E-01	3.147218E-01	3.164846E-01	
276	3.790890E-01	3.118202E-01	3.115068E-01	
277	3.907555E-01	3.090261E-01	3.106505E-01	
278	3.953976E-01	3.076556E-01	3.170287E-01	
279	3.875573E-01	3.069397E-01	3.102333E-01	
280	3.982866E-01	3.071024E-01	3.116177E-01	
281	3.640589E-01	3.075133E-01	3.035608E-01	
282	4.000929E-01	3.022374E-01	3.038849E-01	
283	3.760343E-01	3.081539E-01	3.008165E-01	
284	3.740561E-01	3.033150E-01	3.017099E-01	
285	3.682695E-01	3.012633E-01	2.989609E-01	
286	3.473685E-01	3.027845E-01	3.011389E-01	
287	3.414542E-01	2.982134E-01	2.981190E-01	
288	3.580982E-01	2.932522E-01	2.973243E-01	
289	3.501552E-01	2.972910E-01	2.965160E-01	
290	3.284664E-01	2.966341E-01	2.926437E-01	
291	3.091546E-01	2.975329E-01	2.948849E-01	
292	3.144986E-01	2.902422E-01	2.923540E-01	
293	3.128053E-01	2.950374E-01	2.932639E-01	
294	2.969445E-01	2.939977E-01	2.925589E-01	
295	3.092177E-01	2.910544E-01	2.912572E-01	
296	3.359344E-01	2.952267E-01	2.872778E-01	
297	2.982699E-01	2.919949E-01	2.911715E-01	
298	3.104582E-01	2.931950E-01	2.870165E-01	
299	3.026947E-01	2.882612E-01	2.868906E-01	
300	3.116059E-01	2.928965E-01	2.907562E-01	
301	2.936076E-01	2.939262E-01	2.838341E-01	
302	3.017619E-01	2.893637E-01	2.882104E-01	
303	3.068639E-01	2.928877E-01	2.904088E-01	
304	2.941900E-01	2.882724E-01	2.877312E-01	
305	3.043228E-01	2.914980E-01	2.919208E-01	
306	2.858766E-01	2.883133E-01	2.854626E-01	
307	2.815695E-01	2.909571E-01	2.895256E-01	
308	3.168710E-01	2.925739E-01	2.915303E-01	
309	2.933049E-01	2.890891E-01	2.926672E-01	
310	2.795387E-01	2.909934E-01	2.946011E-01	
311	2.947040E-01	2.916744E-01	2.893747E-01	
312	3.014496E-01	2.930830E-01	2.931563E-01	
313	2.927996E-01	2.903889E-01	2.895182E-01	
314	3.075474E-01	2.934712E-01	2.931653E-01	
315	3.000040E-01	2.951392E-01	2.910029E-01	
316	2.982618E-01	2.906129E-01	2.901065E-01	
317	2.994754E-01	2.911580E-01	2.923796E-01	
318	3.206039E-01	2.905694E-01	2.877833E-01	
319	3.117399E-01	2.931982E-01	2.903208E-01	
320	3.115198E-01	2.888851E-01	2.859611E-01	
321	2.832603E-01	2.926349E-01	2.869493E-01	
322	3.430918E-01	2.912382E-01	2.854344E-01	
323	3.190661E-01	2.887730E-01	2.862666E-01	
324	3.252067E-01	2.877006E-01	2.841688E-01	
325	3.390640E-01	2.890006E-01	2.843844E-01	
326	3.073226E-01	2.888319E-01	2.824704E-01	
327	3.352646E-01	2.857409E-01	2.832686E-01	
328	3.183819E-01	2.927025E-01	2.905084E-01	
329	3.003275E-01	2.885859E-01	2.839659E-01	
330	3.212078E-01	2.903151E-01	2.864463E-01	
331	3.385363E-01	2.883427E-01	2.881388E-01	
332	3.249159E-01	2.888316E-01	2.848531E-01	
333	3.145833E-01	2.890112E-01	2.838247E-01	
334	3.177833E-01	2.902467E-01	2.873573E-01	
335	3.399591E-01	2.844879E-01	2.855770E-01	
336	3.079824E-01	2.873416E-01	2.870092E-01	
337	3.058642E-01	2.910450E-01	2.837816E-01	
338	2.888517E-01	2.868185E-01	2.841020E-01	
339	2.795987E-01	2.898892E-01	2.822787E-01	
340	2.964992E-01	2.889191E-01	2.837781E-01	
341	3.043677E-01	2.864917E-01	2.845340E-01	
342	3.172458E-01	2.921673E-01	2.809309E-01	
343	3.091137E-01	2.907020E-01	2.819364E-01	
344	3.198946E-01	2.915032E-01	2.827424E-01	
345	3.259389E-01	2.911505E-01	2.828543E-01	
346	3.110971E-01	2.896873E-01	2.796803E-01	
347	3.028197E-01	2.880925E-01	2.810804E-01	
348	3.209518E-01	2.886112E-01	2.793218E-01	
349	2.846023E-01	2.889761E-01	2.778626E-01	
350	2.908126E-01	2.857316E-01	2.772140E-01	
351	3.038727E-01	2.860126E-01	2.806518E-01	
352	2.891454E-01	2.872490E-01	2.809891E-01	
353	2.792864E-01	2.856317E-01	2.815708E-01	
354	3.179981E-01	2.803518E-01	2.789832E-01	
355	2.931748E-01	2.827618E-01	2.797222E-01	
356	3.147285E-01	2.800760E-01	2.784633E-01	
357	3.208950E-01	2.806602E-01	2.764110E-01	
358	3.326093E-01	2.811708E-01	2.780288E-01	
359	3.080283E-01	2.761761E-01	2.741737E-01	
360	3.231324E-01	2.793467E-01	2.813557E-01	
361	3.419914E-01	2.803173E-01	2.742184E-01	
362	3.240301E-01	2.769970E-01	2.722964E-01	
363	3.106404E-01	2.787112E-01	2.770083E-01	
364	3.252704E-01	2.786152E-01	2.764597E-01	
365	2.945225E-01	2.785325E-01	2.740156E-01	
366	3.340565E-01	2.822640E-01	2.759944E-01	
367	3.128267E-01	2.784010E-01	2.733826E-01	
368	2.809587E-01	2.811781E-01	2.734685E-01	
369	3.139581E-01	2.858005E-01	2.761874E-01	
370	2.930879E-01	2.830967E-01	2.707519E-01	
371	3.006800E-01	2.797841E-01	2.756328E-01	
372	2.814424E-01	2.832130E-01	2.741627E-01	
373	2.666031E-01	2.764100E-01	2.749693E-01	
374	2.935466E-01	2.823669E-01	2.760720E-01	
375	2.998657E-01	2.774832E-01	2.731421E-01	
376	2.727189E-01	2.770076E-01	2.707712E-01	
377	2.608438E-01	2.780180E-01	2.749621E-01	
378	2.889324E-01	2.793574E-01	2.754768E-01	
379	2.706842E-01	2.744709E-01	2.693791E-01	
380	2.648969E-01	2.716476E-01	2.704299E-01	
381	2.916684E-01	2.758384E-01	2.710861E-01	
382	2.755073E-01	2.752559E-01	2.660008E-01	
383	3.017934E-01	2.774555E-01	2.633683E-01	
384	2.502565E-01	2.742872E-01	2.685300E-01	
385	2.759701E-01	2.712553E-01	2.671670E-01	
386	2.760262E-01	2.735096E-01	2.747253E-01	
387	2.762061E-01	2.706851E-01	2.657406E-01	
388	2.657540E-01	2.765073E-01	2.723680E-01	
389	2.947896E-01	2.779933E-01	2.723161E-01	
390	2.563597E-01	2.703334E-01	2.742003E-01	
391	2.497981E-01	2.820011E-01	2.753973E-01	
392	2.595230E-01	2.771271E-01	2.752502E-01	
393	2.737941E-01	2.743843E-01	2.769721E-01	
394	2.848316E-01	2.783499E-01	2.763836E-01	
395	3.317377E-01	2.844655E-01	2.745350E-01	
396	3.273409E-01	2.811366E-01	2.799108E-01	
397	2.796010E-01	2.849960E-01	2.778508E-01	
398	3.082757E-01	2.789940E-01	2.767371E-01	
399	3.020276E-01	2.871772E-01	2.782232E-01	
400	2.951134E-01	2.776787E-01	2.749613E-01	
401	3.136216E-01	2.804280E-01	2.801388E-01	
402	2.735912E-01	2.804059E-01	2.843486E-01	
403	2.626863E-01	2.758263E-01	2.790360E-01	
404	2.794610E-01	2.805448E-01	2.846751E-01	
405	2.963519E-01	2.826326E-01	2.808754E-01	
406	2.500004E-01	2.889278E-01	2.860797E-01	
407	2.462992E-01	2.894258E-01	2.862673E-01	
408	2.628304E-01	2.858039E-01	2.828913E-01	
409	2.556296E-01	2.853853E-01	2.819463E-01	
410	2.618059E-01	2.971382E-01	2.916232E-01	
411	2.594688E-01	2.958042E-01	2.959770E-01	
412	2.575602E-01	2.904036E-01	2.856981E-01	
413	2.712730E-01	3.042993E-01	2.980463E-01	
414	2.532587E-01	2.960660E-01	2.894049E-01	
415	2.650501E-01	2.974771E-01	3.037756E-01	
416	2.517976E-01	3.081099E-01	2.973249E-01	
417	2.986848E-01	3.045386E-01	2.969751E-01	
418	2.540831E-01	3.070175E-01	3.038393E-01	
419	2.735062E-01	3.100009E-01	3.011812E-01	
420	2.879865E-01	3.020110E-01	3.035556E-01	
421	2.663017E-01	3.068654E-01	2.917248E-01	
422	2.576092E-01	3.047213E-01	3.036060E-01	
423	2.406687E-01	2.955576E-01	2.951273E-01	
424	2.633976E-01	3.079334E-01	3.015842E-01	
425	2.591071E-01	3.077014E-01	2.991259E-01	
426	2.488972E-01	3.037792E-01	2.965226E-01	
427	2.506256E-01	2.989812E-01	3.012280E-01	
428	2.895581E-01	3.035146E-01	3.015810E-01	
429	2.542039E-01	2.949193E-01	2.983199E-01	
430	2.700419E-01	3.023276E-01	2.897047E-01	
431	2.895418E-01	2.932095E-01	3.060567E-01	
432	2.808021E-01	3.016790E-01	3.007495E-01	
433	2.678065E-01	3.104855E-01	3.097091E-01	
434	2.672528E-01	3.057754E-01	3.010844E-01	
435	2.222263E-01	3.133636E-01	2.972753E-01	
436	2.889904E-01	3.181950E-01	3.056950E-01	
437	2.891369E-01	3.155826E-01	3.004130E-01	
438	2.205082E-01	3.224025E-01	3.168697E-01	
439	2.499912E-01	3.030309E-01	2.966725E-01	
440	2.744302E-01	3.192470E-01	3.168890E-01	
441	2.630985E-01	3.006347E-01	3.107999E-01	
442	2.852491E-01	3.179041E-01	3.143499E-01	
443	2.213292E-01	3.055879E-01	3.044075E-01	
444	2.330383E-01	3.224077E-01	3.193975E-01	
445	2.733634E-01	3.207555E-01	3.145445E-01	
446	2.134011E-01	3.147099E-01	3.107054E-01	
447	1.775818E-01	3.151780E-01	2.991243E-01	
448	2.250316E-01	3.172759E-01	2.960386E-01	
449	2.522946E-01	3.291743E-01	3.031247E-01	
450	2.420518E-01	3.173525E-01	3.071473E-01	
451	2.495438E-01	3.142665E-01	3.106734E-01	
452	2.565586E-01	3.256935E-01	3.016570E-01	
453	2.760347E-01	3.196173E-01	2.994337E-01	
454	3.450712E-01	3.396827E-01	3.031668E-01	
455	3.673142E-01	3.280373E-01	2.930798E-01	
456	3.373568E-01	3.270282E-01	3.014753E-01	
457	3.266777E-01	3.326435E-01	3.133307E-01	
458	4.049121E-01	3.335031E-01	3.064570E-01	
459	3.897836E-01	3.349607E-01	3.177115E-01	
460	4.586866E-01	3.221941E-01	3.006686E-01	
461	3.101622E-01	3.187320E-01	3.065966E-01	
462	3.675409E-01	3.188161E-01	3.063599E-01	
463	3.550156E-01	3.330324E-01	3.270354E-01	
464	2.695846E-01	3.303336E-01	3.172372E-01	
465	2.930848E-01	3.231406E-01	3.182625E-01	
466	2.278114E-01	3.185513E-01	3.228186E-01	
467	2.306545E-01	3.327697E-01	3.341107E-01	
468	2.796200E-01	3.363622E-01	3.446161E-01	
469	3.103665E-01	3.287235E-01	3.312640E-01	
470	4.330604E-01	3.493516E-01	3.536894E-01	
471	3.045134E-01	3.205772E-01	3.229087E-01	
472	3.855393E-01	3.446835E-01	3.456093E-01	
473	3.603501E-01	3.097464E-01	3.346412E-01	
474	2.976865E-01	3.407281E-01	3.456841E-01	
475	4.306178E-01	3.228426E-01	3.577972E-01	
476	3.677023E-01	3.348970E-01	3.480138E-01	
477	5.128617E-01	3.873547E-01	4.030278E-01	
478	4.108859E-01	3.229134E-01	3.406997E-01	
479	5.233459E-01	3.786337E-01	4.070923E-01	
480	3.850511E-01	3.215936E-01	3.485156E-01	
481	3.749174E-01	3.688478E-01	3.873206E-01	
482	3.811858E-01	3.457104E-01	3.617204E-01	
483	4.180082E-01	3.772386E-01	3.826621E-01	
484	0	3.758498E-01	4.081123E-01	
485	9.146604E-02	3.593448E-01	3.677631E-01	
486	0	4.132978E-01	4.348370E-01	
487	1.661419E-01	3.585831E-01	3.318850E-01	
488	0	4.285447E-01	4.213016E-01	
489	2.523708E-01	3.702183E-01	3.606862E-01	
490	2.688899E-01	4.315770E-01	3.983682E-01	
491	0	4.104035E-01	4.267105E-01	
492	2.921002E-01	3.982847E-01	3.802295E-01	
493	0	5.186621E-01	5.090369E-01	
494	3.477098E-01	4.107120E-01	4.214882E-01	
495	0	5.145144E-01	4.928065E-01	
496	4.161510E-01	4.370631E-01	4.234557E-01	
497	0	4.603875E-01	3.917022E-01	
498	0	4.793346E-01	4.327390E-01	
499	3.634852E-01	4.779991E-01	4.206463E-01	
500	0	0	0	
501	4.516240E-01	5.141863E-01	4.537218E-01	
502	0	0	0	
503	0	5.361087E-01	4.845083E-01	
504	0	0	0	
505	0	5.783960E-01	4.824762E-01	
506	0	6.695414E-01	4.493314E-01	
507	0	0	0	
508	0	6.038687E-01	5.680513E-01	
509	0	0	0	
510	0	6.125926E-01	5.404887E-01	
511	0	0	0	
512	0	6.534780E-01	5.542884E-01	
513	0	0	0	
514	0	0	0	
515	0	6.981354E-01	6.329033E-01	
516	0	0	0	
517	0	7.189920E-01	7.459565E-01	
518	0	0	0	
519	0	0	9.132420E-01	
520	0	0	0	
521	0	0	0	
522	0	0	0	
523	0	0	0	
524	0	0	0	
525	0	0	0	
526	0	0	0	
527	0	0	0	
528	0	0	0	
529	0	0	0	
530	0	0	0	
531	0	0	0	
532	0	0	0	
533	0	0	0	
534	0	0	0	
535	0	0	0	
536	0	0	0	
537	0	0	0	
538	0	0	0	
539	0	0	0	
540	0	0	0	
541	0	0	0	
542	0	0	0	
543	0	0	0	
544	0	0	0	
545	0	0	0	
546	0	0	0	
547	0	0	0	
548	0	0	0	
549	0	0	0	
550	0	0	0	
551	0	0	0	
552	0	0	0	
553	0	0	0	
554	0	0	0	
555	0	0	0	
556	0	0	0	
557	0	0	0	
558	0	0	0	
559	0	0	0	
560	0	0	0	
561	0	0	0	
562	0	0	0	
563	0	0	0	
564	0	0	0	
565	0	0	0	
566	0	0	0	
567	0	0	0	
568	0	0	0	
569	0	0	0	
570	0	0	0	
571	0	0	0	
572	0	0	0	
573	0	0	0	
574	0	0	0	
575	0	0	0	
576	0	0	0	
577	0	0	0	
578	0	0	0	
579	0	0	0	
580	0	0	0	
581	0	0	0	
582	0	0	0	
583	0	0	0	
584	0	0	0	
585	0	0	0	
586	0	0	0	
587	0	0	0	
588	0	0	0	
589	0	0	0	
590	0	0	0	
591	0	0	0	
592	0	0	0	
593	0	0	0	
594	0	0	0	
595	0	0	0	
596	0	0	0	
597	0	0	0	
598	0	0	0	
599	0	0	0	
#NewRun
0	0	0	0	
1	0	0	0	
2	0	0	0	
3	0	0	0	
4	3.373662E-01	3.130499E-01	3.500398E-01	
5	3.187149E-01	3.491829E-01	3.342702E-01	
6	3.146678E-01	3.432718E-01	3.290291E-01	
7	0	0	0	
8	3.429418E-01	3.356792E-01	3.292019E-01	
9	3.335539E-01	3.305515E-01	3.382766E-01	
10	0	0	0	
11	3.320394E-01	3.194598E-01	3.466278E-01	
12	3.300728E-01	3.345887E-01	3.321653E-01	
13	3.326204E-01	3.275245E-01	3.304222E-01	
14	3.309077E-01	3.286641E-01	3.307709E-01	
15	0	0	0	
16	3.269231E-01	3.283833E-01	3.387310E-01	
17	3.217404E-01	3.302863E-01	3.319359E-01	
18	3.260091E-01	3.399929E-01	3.369296E-01	
19	3.455168E-01	3.300441E-01	3.445587E-01	
20	3.305115E-01	3.337186E-01	3.282706E-01	
21	3.261661E-01	3.375650E-01	3.317228E-01	
22	3.298243E-01	3.378345E-01	3.197696E-01	
23	3.232736E-01	3.372644E-01	3.214505E-01	
24	3.270442E-01	3.401061E-01	3.273645E-01	
25	3.228073E-01	3.372594E-01	3.246957E-01	
26	3.278622E-01	3.349157E-01	3.351282E-01	
27	3.187413E-01	3.350579E-01	3.244857E-01	
28	3.287587E-01	3.377614E-01	3.228730E-01	
29	3.242444E-01	3.367107E-01	3.283373E-01	
30	3.275335E-01	3.418597E-01	3.307755E-01	
31	3.272875E-01	3.353598E-01	3.314898E-01	
32	3.283117E-01	3.345340E-01	3.290119E-01	
33	3.300915E-01	3.362357E-01	3.343010E-01	
34	3.285005E-01	3.365774E-01	3.250628E-01	
35	3.223585E-01	3.405806E-01	3.314357E-01	
36	3.286756E-01	3.311555E-01	3.287251E-01	
37	3.253960E-01	3.327500E-01	3.254494E-01	
38	3.273414E-01	3.327876E-01	3.262935E-01	
39	3.261858E-01	3.336473E-01	3.264619E-01	
40	3.266560E-01	3.275655E-01	3.215887E-01	
41	3.240196E-01	3.260618E-01	3.206932E-01	
42	3.298585E-01	3.258104E-01	3.270836E-01	
43	3.261347E-01	3.257570E-01	3.196648E-01	
44	3.243118E-01	3.271277E-01	3.198410E-01	
45	3.241291E-01	3.238786E-01	3.238187E-01	
46	3.235031E-01	3.280943E-01	3.171374E-01	
47	3.246843E-01	3.242468E-01	3.192394E-01	
48	3.216756E-01	3.259686E-01	3.164539E-01	
49	3.231126E-01	3.240029E-01	3.127929E-01	
50	3.203938E-01	3.249661E-01	3.152259E-01	
51	3.166677E-01	3.235983E-01	3.184721E-01	
52	3.204091E-01	3.250558E-01	3.162594E-01	
53	3.193588E-01	3.210540E-01	3.145335E-01	
54	3.214134E-01	3.258845E-01	3.138876E-01	
55	3.178854E-01	3.213895E-01	3.122259E-01	
56	3.195971E-01	3.230204E-01	3.177945E-01	
57	3.204621E-01	3.234612E-01	3.171185E-01	
58	3.163700E-01	3.224738E-01	3.179220E-01	
59	3.206502E-01	3.225187E-01	3.160286E-01	
60	3.195213E-01	3.249931E-01	3.135329E-01	
61	3.205219E-01	3.229266E-01	3.161223E-01	
62	3.193972E-01	3.237869E-01	3.152237E-01	
63	3.186612E-01	3.247211E-01	3.125507E-01	
64	3.176579E-01	3.264622E-01	3.115761E-01	
65	3.209861E-01	3.250799E-01	3.104152E-01	
66	3.220882E-01	3.277603E-01	3.094905E-01	
67	3.201036E-01	3.266672E-01	3.084613E-01	
68	3.203160E-01	3.248880E-01	3.089045E-01	
69	3.175496E-01	3.259985E-01	3.071652E-01	
70	3.162255E-01	3.251420E-01	3.053803E-01	
71	3.207069E-01	3.260568E-01	3.083627E-01	
72	3.179214E-01	3.245318E-01	3.056937E-01	
73	3.153997E-01	3.242149E-01	3.091536E-01	
74	3.144478E-01	3.246195E-01	3.034055E-01	
75	3.178872E-01	3.229341E-01	3.073157E-01	
76	3.164242E-01	3.255095E-01	3.072577E-01	
77	3.158397E-01	3.217235E-01	3.097490E-01	
78	3.138632E-01	3.228843E-01	3.081714E-01	
79	3.151300E-01	3.223896E-01	3.094548E-01	
80	3.155672E-01	3.196403E-01	3.087599E-01	
81	3.134078E-01	3.218816E-01	3.082540E-01	
82	3.150566E-01	3.195949E-01	3.100376E-01	
83	3.117671E-01	3.209486E-01	3.092195E-01	
84	3.153617E-01	3.204210E-01	3.127217E-01	
85	3.135815E-01	3.190403E-01	3.120612E-01	
86	3.147462E-01	3.190379E-01	3.128665E-01	
87	3.125299E-01	3.198498E-01	3.131627E-01	
88	3.131027E-01	3.180542E-01	3.128963E-01	
89	3.128680E-01	3.165883E-01	3.137455E-01	
90	3.099825E-01	3.176484E-01	3.145792E-01	
91	3.136389E-01	3.139645E-01	3.130348E-01	
92	3.113313E-01	3.148220E-01	3.133004E-01	
93	3.121964E-01	3.160076E-01	3.128383E-01	
94	3.117919E-01	3.166339E-01	3.157860E-01	
95	3.122147E-01	3.168644E-01	3.134948E-01	
96	3.121308E-01	3.155358E-01	3.156682E-01	
97	3.118151E-01	3.176517E-01	3.142956E-01	
98	3.147559E-01	3.165370E-01	3.166960E-01	
99	3.142857E-01	3.174228E-01	3.143355E-01	
100	3.145726E-01	3.162153E-01	3.153998E-01	
101	3.153288E-01	3.167594E-01	3.142166E-01	
102	3.153576E-01	3.159722E-01	3.172182E-01	
103	3.172769E-01	3.151423E-01	3.163825E-01	
104	3.168109E-01	3.208178E-01	3.174298E-01	
105	3.193947E-01	3.197409E-01	3.175241E-01	
106	3.193453E-01	3.199262E-01	3.169119E-01	
107	3.195302E-01	3.186764E-01	3.175272E-01	
108	3.207315E-01	3.211728E-01	3.192170E-01	
109	3.216750E-01	3.213105E-01	3.211357E-01	
110	3.220997E-01	3.209215E-01	3.214812E-01	
111	3.234973E-01	3.221509E-01	3.211384E-01	
112	3.242603E-01	3.249596E-01	3.221016E-01	
113	3.266594E-01	3.231968E-01	3.226568E-01	
114	3.277131E-01	3.270377E-01	3.251418E-01	
115	3.281085E-01	3.276381E-01	3.238555E-01	
116	3.285003E-01	3.282537E-01	3.262133E-01	
117	3.304961E-01	3.280305E-01	3.252297E-01	
118	3.322472E-01	3.310776E-01	3.267925E-01	
119	3.347483E-01	3.299466E-01	3.273869E-01	
120	3.357359E-01	3.336470E-01	3.306966E-01	
121	3.373735E-01	3.347772E-01	3.326776E-01	
122	3.403147E-01	3.370723E-01	3.330919E-01	
123	3.412813E-01	3.374968E-01	3.333633E-01	
124	3.428610E-01	3.399221E-01	3.340308E-01	
125	3.425408E-01	3.418911E-01	3.369935E-01	
126	3.460788E-01	3.451489E-01	3.360978E-01	
127	3.504390E-01	3.439028E-01	3.371917E-01	
128	3.515888E-01	3.455105E-01	3.392870E-01	
129	3.525880E-01	3.489717E-01	3.387930E-01	
130	3.562552E-01	3.489911E-01	3.416679E-01	
131	3.592636E-01	3.511556E-01	3.441745E-01	
132	3.610907E-01	3.559295E-01	3.423063E-01	
133	3.645864E-01	3.540572E-01	3.445731E-01	
134	3.659010E-01	3.568184E-01	3.444950E-01	
135	3.666086E-01	3.575655E-01	3.453856E-01	
136	3.722767E-01	3.590735E-01	3.468722E-01	
137	3.733824E-01	3.618045E-01	3.478384E-01	
138	3.745890E-01	3.618093E-01	3.492263E-01	
139	3.790877E-01	3.643880E-01	3.489540E-01	
140	3.810015E-01	3.666458E-01	3.512257E-01	
141	3.827042E-01	3.690022E-01	3.534215E-01	
142	3.862513E-01	3.700143E-01	3.548545E-01	
143	3.893153E-01	3.740638E-01	3.552772E-01	
144	3.932873E-01	3.740532E-01	3.574758E-01	
145	3.947792E-01	3.745632E-01	3.572829E-01	
146	3.990253E-01	3.767534E-01	3.618045E-01	
147	3.990963E-01	3.792174E-01	3.654357E-01	
148	4.048896E-01	3.826396E-01	3.634610E-01	
149	4.078080E-01	3.835087E-01	3.641757E-01	
150	4.105069E-01	3.850011E-01	3.670428E-01	
151	4.150175E-01	3.880283E-01	3.679932E-01	
152	4.162550E-01	3.930219E-01	3.676726E-01	
153	4.212690E-01	3.910458E-01	3.724144E-01	
154	4.230927E-01	3.940370E-01	3.728593E-01	
155	4.267831E-01	3.941972E-01	3.749683E-01	
156	4.298027E-01	3.941661E-01	3.785497E-01	
157	4.348361E-01	4.005276E-01	3.793370E-01	
158	4.369101E-01	3.990792E-01	3.821427E-01	
159	4.403855E-01	4.018610E-01	3.855513E-01	
160	4.444260E-01	4.068159E-01	3.861742E-01	
161	4.461018E-01	4.041551E-01	3.908262E-01	
162	4.495635E-01	4.089854E-01	3.909491E-01	
163	4.527282E-01	4.099087E-01	3.914192E-01	
164	4.573075E-01	4.108837E-01	3.960439E-01	
165	4.601424E-01	4.130581E-01	3.992571E-01	
166	4.652035E-01	4.167368E-01	4.008914E-01	
167	4.652554E-01	4.152723E-01	4.016327E-01	
168	4.744884E-01	4.158374E-01	4.031748E-01	
169	4.765772E-01	4.191377E-01	4.078715E-01	
170	4.766605E-01	4.205851E-01	4.102261E-01	
171	4.851566E-01	4.214495E-01	4.122997E-01	
172	4.891340E-01	4.247929E-01	4.143726E-01	
173	4.887484E-01	4.257527E-01	4.144509E-01	
174	4.953359E-01	4.258675E-01	4.156716E-01	
175	4.949282E-01	4.270467E-01	4.175161E-01	
176	5.008437E-01	4.317302E-01	4.208441E-01	
177	5.060536E-01	4.316763E-01	4.210456E-01	
178	5.053665E-01	4.348038E-01	4.235703E-01	
179	5.104009E-01	4.338065E-01	4.238167E-01	
180	5.180822E-01	4.399262E-01	4.249598E-01	
181	5.225825E-01	4.358763E-01	4.295529E-01	
182	5.260324E-01	4.391888E-01	4.307170E-01	
183	5.286877E-01	4.384175E-01	4.313798E-01	
184	5.302126E-01	4.386656E-01	4.358114E-01	
185	5.357547E-01	4.438660E-01	4.338098E-01	
186	5.409705E-01	4.419932E-01	4.365904E-01	
187	5.367169E-01	4.427239E-01	4.377510E-01	
188	5.508082E-01	4.428909E-01	4.376169E-01	
189	5.475437E-01	4.479002E-01	4.358405E-01	
190	5.498677E-01	4.460648E-01	4.356565E-01	
191	5.573182E-01	4.442341E-01	4.395290E-01	
192	5.575477E-01	4.484627E-01	4.375515E-01	
193	5.606257E-01	4.506502E-01	4.388458E-01	
194	5.677986E-01	4.462805E-01	4.395153E-01	
195	5.651698E-01	4.475158E-01	4.396561E-01	
196	5.766081E-01	4.482101E-01	4.430189E-01	
197	5.813002E-01	4.480939E-01	4.427923E-01	
198	5.747696E-01	4.468972E-01	4.417067E-01	
199	5.801483E-01	4.455453E-01	4.430138E-01	
200	5.861534E-01	4.459213E-01	4.429852E-01	
201	5.858997E-01	4.451869E-01	4.389849E-01	
202	5.926671E-01	4.440315E-01	4.415018E-01	
203	5.914986E-01	4.444116E-01	4.418764E-01	
204	5.968875E-01	4.444459E-01	4.428105E-01	
205	6.024880E-01	4.442160E-01	4.417985E-01	
206	6.009147E-01	4.485956E-01	4.418952E-01	
207	6.044094E-01	4.439144E-01	4.398860E-01	
208	6.143568E-01	4.433703E-01	4.409145E-01	
209	6.155192E-01	4.444421E-01	4.423005E-01	
210	6.159607E-01	4.413565E-01	4.391433E-01	
211	6.128188E-01	4.414223E-01	4.374997E-01	
212	6.131695E-01	4.405707E-01	4.374062E-01	
213	6.181445E-01	4.389187E-01	4.373967E-01	
214	6.180992E-01	4.397641E-01	4.327425E-01	
215	6.292946E-01	4.394930E-01	4.328548E-01	
216	6.285354E-01	4.348044E-01	4.313099E-01	
217	6.308659E-01	4.378132E-01	4.305179E-01	
218	6.353531E-01	4.331904E-01	4.315728E-01	
219	6.319376E-01	4.327223E-01	4.299360E-01	
220	6.345889E-01	4.252346E-01	4.290855E-01	
221	6.380789E-01	4.249203E-01	4.252203E-01	
222	6.414120E-01	4.280750E-01	4.271535E-01	
223	6.477817E-01	4.208582E-01	4.212999E-01	
224	6.491689E-01	4.215251E-01	4.176460E-01	
225	6.504790E-01	4.137715E-01	4.184310E-01	
226	6.444497E-01	4.155706E-01	4.162583E-01	
227	6.456065E-01	4.116556E-01	4.127671E-01	
228	6.624790E-01	4.108462E-01	4.018897E-01	
229	6.512963E-01	4.093183E-01	4.041406E-01	
230	6.393144E-01	4.079525E-01	3.935558E-01	
231	6.612665E-01	4.030593E-01	3.996947E-01	
232	6.452403E-01	4.033746E-01	3.966621E-01	
233	6.618726E-01	4.044143E-01	3.950379E-01	
234	6.640140E-01	4.004056E-01	3.975509E-01	
235	6.561688E-01	3.992277E-01	3.963278E-01	
236	6.309295E-01	3.984283E-01	3.927675E-01	
237	6.558041E-01	3.980447E-01	3.918785E-01	
238	6.495572E-01	3.978170E-01	3.877853E-01	
239	6.556759E-01	3.912245E-01	3.801135E-01	
240	6.388533E-01	3.840270E-01	3.829195E-01	
241	6.378486E-01	3.931717E-01	3.791336E-01	
242	6.381706E-01	3.870053E-01	3.760081E-01	
243	6.505361E-01	3.819498E-01	3.747164E-01	
244	6.159275E-01	3.767629E-01	3.757625E-01	
245	6.309451E-01	3.801511E-01	3.707742E-01	
246	6.538121E-01	3.802552E-01	3.681707E-01	
247	6.471693E-01	3.741085E-01	3.683323E-01	
248	6.128304E-01	3.782290E-01	3.692942E-01	
249	6.194828E-01	3.745000E-01	3.650738E-01	
250	6.336253E-01	3.694221E-01	3.622708E-01	
251	6.239305E-01	3.690077E-01	3.624119E-01	
252	5.972093E-01	3.637334E-01	3.636424E-01	
253	6.080787E-01	3.594613E-01	3.557478E-01	
254	6.095379E-01	3.621570E-01	3.574915E-01	
255	6.208775E-01	3.602805E-01	3.567117E-01	
256	5.950721E-01	3.520296E-01	3.531138E-01	
257	6.156921E-01	3.567637E-01	3.467777E-01	
258	5.936126E-01	3.516031E-01	3.474567E-01	
259	5.673705E-01	3.493582E-01	3.446206E-01	
260	5.616450E-01	3.433283E-01	3.416650E-01	
261	5.832277E-01	3.446740E-01	3.390069E-01	
262	5.844894E-01	3.396468E-01	3.370162E-01	
263	5.600430E-01	3.390415E-01	3.368598E-01	
264	5.729421E-01	3.333446E-01	3.356538E-01	
265	5.493054E-01	3.347435E-01	3.371077E-01	
266	5.336825E-01	3.313460E-01	3.354605E-01	
267	5.444921E-01	3.294448E-01	3.334789E-01	
268	5.221595E-01	3.274422E-01	3.307433E-01	
269	5.052877E-01	3.221010E-01	3.289245E-01	
270	5.024709E-01	3.248280E-01	3.281208E-01	
271	5.099188E-01	3.210134E-01	3.281064E-01	
272	5.045568E-01	3.177873E-01	3.259394E-01	
273	4.800171E-01	3.138648E-01	3.244963E-01	
274	4.479429E-01	3.166171E-01	3.214310E-01	
275	4.344615E-01	3.182793E-01	3.216521E-01	
276	4.725528E-01	3.095604E-01	3.232373E-01	
277	4.353721E-01	3.138213E-01	3.181870E-01	
278	4.416702E-01	3.099259E-01	3.147695E-01	
279	4.393511E-01	3.092920E-01	3.136990E-01	
280	4.382201E-01	3.101910E-01	3.153437E-01	
281	4.172551E-01	3.042965E-01	3.112090E-01	
282	4.151935E-01	3.077993E-01	3.111477E-01	
283	4.340039E-01	3.067799E-01	3.108372E-01	
284	4.113112E-01	3.023808E-01	3.082322E-01	
285	4.173698E-01	3.040894E-01	3.024683E-01	
286	4.240849E-01	3.031616E-01	3.018726E-01	
287	3.798820E-01	2.979161E-01	3.052843E-01	
288	4.212792E-01	2.980108E-01	2.980530E-01	
289	3.889799E-01	2.981101E-01	3.025172E-01	
290	4.150128E-01	2.943159E-01	2.978602E-01	
291	3.880955E-01	2.985554E-01	2.982021E-01	
292	3.645574E-01	2.929025E-01	2.950937E-01	
293	3.637731E-01	2.959419E-01	2.946162E-01	
294	3.569605E-01	2.929496E-01	2.972715E-01	
295	3.755767E-01	2.901657E-01	2.945489E-01	
296	3.624762E-01	2.966577E-01	2.977517E-01	
297	3.450916E-01	2.948245E-01	2.951550E-01	
298	3.524997E-01	2.938877E-01	2.937927E-01	
299	3.092111E-01	2.905218E-01	2.902465E-01	
300	3.613920E-01	2.963842E-01	2.934983E-01	
301	3.536937E-01	2.921339E-01	2.922808E-01	
302	3.412339E-01	2.957685E-01	2.915811E-01	
303	3.287868E-01	2.955965E-01	2.941431E-01	
304	3.511636E-01	2.894745E-01	2.855142E-01	
305	3.298067E-01	2.944461E-01	2.919124E-01	
306	3.497374E-01	2.944582E-01	2.885008E-01	
307	3.422150E-01	2.946688E-01	2.866013E-01	
308	3.354949E-01	2.918486E-01	2.875863E-01	
309	3.298790E-01	2.926487E-01	2.904893E-01	
310	3.305657E-01	2.923370E-01	2.879765E-01	
311	3.250310E-01	2.911603E-01	2.906235E-01	
312	3.250406E-01	2.937380E-01	2.881573E-01	
313	3.333903E-01	2.863013E-01	2.872591E-01	
314	3.064305E-01	2.908052E-01	2.904419E-01	
315	3.081503E-01	2.919500E-01	2.858427E-01	
316	3.098494E-01	2.922144E-01	2.869825E-01	
317	3.093449E-01	2.892842E-01	2.843217E-01	
318	3.013318E-01	2.902617E-01	2.855432E-01	
319	3.180142E-01	2.938015E-01	2.861695E-01	
320	2.913540E-01	2.932882E-01	2.864241E-01	
321	3.011122E-01	2.927721E-01	2.877410E-01	
322	3.001869E-01	2.906793E-01	2.867425E-01	
323	3.013847E-01	2.922318E-01	2.884742E-01	
324	2.792979E-01	2.891958E-01	2.855375E-01	
325	3.129599E-01	2.931734E-01	2.865321E-01	
326	2.738472E-01	2.905693E-01	2.875089E-01	
327	2.732506E-01	2.872083E-01	2.829240E-01	
328	2.987799E-01	2.881014E-01	2.831866E-01	
329	2.966700E-01	2.865669E-01	2.866972E-01	
330	2.859352E-01	2.887472E-01	2.826893E-01	
331	2.916565E-01	2.905114E-01	2.850296E-01	
332	2.893505E-01	2.883721E-01	2.856379E-01	
333	2.660899E-01	2.886041E-01	2.832302E-01	
334	2.711793E-01	2.887475E-01	2.853160E-01	
335	2.734694E-01	2.847797E-01	2.859826E-01	
336	2.446921E-01	2.908166E-01	2.811817E-01	
337	3.053418E-01	2.872778E-01	2.842914E-01	
338	2.619957E-01	2.847840E-01	2.833466E-01	
339	2.533000E-01	2.870876E-01	2.811779E-01	
340	2.404182E-01	2.860544E-01	2.805093E-01	
341	2.578504E-01	2.885650E-01	2.802117E-01	
342	2.583810E-01	2.917601E-01	2.799489E-01	
343	2.762207E-01	2.861222E-01	2.808751E-01	
344	2.662055E-01	2.899419E-01	2.844314E-01	
345	2.750569E-01	2.870765E-01	2.813765E-01	
346	2.763249E-01	2.854335E-01	2.809406E-01	
347	2.734375E-01	2.886503E-01	2.787015E-01	
348	2.730534E-01	2.850821E-01	2.812623E-01	
349	2.670013E-01	2.831250E-01	2.817885E-01	
350	2.623886E-01	2.789267E-01	2.772615E-01	
351	3.140423E-01	2.783358E-01	2.764090E-01	
352	2.839719E-01	2.784364E-01	2.783335E-01	
353	2.807465E-01	2.815234E-01	2.769692E-01	
354	3.182896E-01	2.797134E-01	2.770212E-01	
355	3.159036E-01	2.766676E-01	2.749090E-01	
356	3.187019E-01	2.791476E-01	2.768454E-01	
357	3.201517E-01	2.789138E-01	2.742866E-01	
358	2.761857E-01	2.776493E-01	2.804049E-01	
359	3.178637E-01	2.831815E-01	2.769316E-01	
360	3.040937E-01	2.797180E-01	2.773490E-01	
361	3.250023E-01	2.787730E-01	2.768253E-01	
362	3.339578E-01	2.762614E-01	2.728965E-01	
363	3.579498E-01	2.808499E-01	2.804618E-01	
364	3.039969E-01	2.752795E-01	2.760745E-01	
365	3.220186E-01	2.749721E-01	2.769446E-01	
366	3.357162E-01	2.744016E-01	2.791788E-01	
367	3.223740E-01	2.763647E-01	2.747866E-01	
368	3.378048E-01	2.771409E-01	2.774780E-01	
369	3.182995E-01	2.774709E-01	2.795698E-01	
370	3.467190E-01	2.737773E-01	2.737544E-01	
371	3.345153E-01	2.766296E-01	2.760522E-01	
372	3.129423E-01	2.777076E-01	2.785754E-01	
373	3.209932E-01	2.740532E-01	2.792950E-01	
374	3.110767E-01	2.789787E-01	2.764830E-01	
375	2.872032E-01	2.821165E-01	2.829648E-01	
376	3.191879E-01	2.738078E-01	2.777028E-01	
377	3.009723E-01	2.771451E-01	2.812982E-01	
378	2.895509E-01	2.807810E-01	2.807370E-01	
379	2.926911E-01	2.772674E-01	2.829293E-01	
380	3.203869E-01	2.793112E-01	2.797953E-01	
381	3.224393E-01	2.747789E-01	2.825261E-01	
382	3.200264E-01	2.752998E-01	2.777168E-01	
383	3.307609E-01	2.792055E-01	2.786559E-01	
384	3.189942E-01	2.725244E-01	2.808728E-01	
385	2.910592E-01	2.760056E-01	2.790912E-01	
386	3.470957E-01	2.756426E-01	2.822775E-01	
387	3.300166E-01	2.797418E-01	2.851603E-01	
388	2.763624E-01	2.709266E-01	2.804242E-01	
389	3.225704E-01	2.737218E-01	2.820313E-01	
390	2.477822E-01	2.730387E-01	2.807029E-01	
391	2.617821E-01	2.807102E-01	2.812620E-01	
392	2.972465E-01	2.754539E-01	2.792878E-01	
393	2.592308E-01	2.787792E-01	2.804259E-01	
394	2.560397E-01	2.838777E-01	2.787366E-01	
395	3.253519E-01	2.812419E-01	2.788267E-01	
396	2.613038E-01	2.783173E-01	2.759241E-01	
397	2.612251E-01	2.822025E-01	2.794414E-01	
398	3.134732E-01	2.823386E-01	2.821668E-01	
399	2.820163E-01	2.805212E-01	2.791628E-01	
400	2.601683E-01	2.803063E-01	2.790862E-01	
401	2.779668E-01	2.784301E-01	2.775135E-01	
402	2.708106E-01	2.904920E-01	2.827531E-01	
403	2.403106E-01	2.852982E-01	2.764319E-01	
404	2.970069E-01	2.880512E-01	2.812307E-01	
405	3.124048E-01	2.905978E-01	2.846645E-01	
406	2.762831E-01	2.853095E-01	2.897943E-01	
407	3.066302E-01	2.950447E-01	2.914465E-01	
408	2.685887E-01	2.882764E-01	2.889121E-01	
409	3.001157E-01	2.947662E-01	2.879932E-01	
410	2.753992E-01	2.965681E-01	2.951428E-01	
411	3.292902E-01	2.875067E-01	2.889632E-01	
412	3.340469E-01	2.963950E-01	2.907719E-01	
413	3.229582E-01	2.966787E-01	2.926710E-01	
414	2.983951E-01	2.943815E-01	2.947006E-01	
415	3.088445E-01	2.963186E-01	3.014388E-01	
416	3.565249E-01	3.020083E-01	2.933799E-01	
417	3.435561E-01	2.959992E-01	3.002962E-01	
418	3.408404E-01	3.042308E-01	2.972598E-01	
419	3.404210E-01	3.056788E-01	3.016088E-01	
420	3.805748E-01	3.067720E-01	2.989493E-01	
421	3.724758E-01	3.052835E-01	2.998717E-01	
422	3.179003E-01	3.070524E-01	3.004954E-01	
423	3.696315E-01	3.018064E-01	2.961755E-01	
424	3.806771E-01	3.070572E-01	3.000607E-01	
425	3.555507E-01	3.039432E-01	3.037096E-01	
426	3.910018E-01	3.099682E-01	3.074216E-01	
427	3.675231E-01	3.008558E-01	2.966473E-01	
428	3.673007E-01	3.074403E-01	3.001729E-01	
429	3.567780E-01	3.047229E-01	2.934473E-01	
430	3.738507E-01	3.085353E-01	2.987333E-01	
431	3.783048E-01	3.031473E-01	2.999865E-01	
432	4.448019E-01	3.021653E-01	2.970357E-01	
433	3.330963E-01	3.063135E-01	3.049237E-01	
434	4.286573E-01	2.999555E-01	2.991972E-01	
435	3.994612E-01	2.955023E-01	2.837114E-01	
436	3.832699E-01	3.072938E-01	2.936970E-01	
437	4.447423E-01	3.111057E-01	2.954629E-01	
438	2.814158E-01	3.067370E-01	3.026924E-01	
439	4.042996E-01	2.987011E-01	2.918057E-01	
440	3.789564E-01	2.979548E-01	2.953280E-01	
441	3.924700E-01	2.930253E-01	2.934651E-01	
442	4.783785E-01	2.976368E-01	3.005590E-01	
443	3.821248E-01	2.912064E-01	2.821816E-01	
444	4.686935E-01	2.990106E-01	3.002659E-01	
445	4.815811E-01	2.855868E-01	3.062780E-01	
446	4.562322E-01	2.899282E-01	2.888221E-01	
447	3.454148E-01	2.860690E-01	3.013236E-01	
448	5.484437E-01	2.953875E-01	2.847565E-01	
449	4.179761E-01	2.763129E-01	3.009935E-01	
450	4.762416E-01	2.864950E-01	2.992313E-01	
451	3.530298E-01	2.953851E-01	2.966953E-01	
452	4.206346E-01	3.077736E-01	3.068585E-01	
453	4.733717E-01	2.975881E-01	2.997698E-01	
454	4.451027E-01	3.097612E-01	3.111414E-01	
455	5.849604E-01	2.995350E-01	2.983858E-01	
456	4.552978E-01	3.084070E-01	3.189677E-01	
457	5.776757E-01	2.976958E-01	3.048642E-01	
458	5.469659E-01	3.045073E-01	3.146786E-01	
459	4.317406E-01	3.051698E-01	3.161607E-01	
460	3.368902E-01	2.958207E-01	3.014110E-01	
461	6.846829E-01	3.118578E-01	3.314709E-01	
462	3.196829E-01	3.011635E-01	3.062414E-01	
463	5.225441E-01	3.232012E-01	3.249323E-01	
464	2.809644E-01	3.021736E-01	3.167223E-01	
465	1.995715E-01	3.172461E-01	3.279747E-01	
466	4.005567E-01	3.118470E-01	3.209374E-01	
467	2.419454E-01	3.191694E-01	3.209054E-01	
468	2.868960E-01	3.199243E-01	3.207605E-01	
469	3.246328E-01	3.031207E-01	3.114878E-01	
470	2.251407E-01	3.065671E-01	3.336242E-01	
471	3.054581E-01	3.110315E-01	3.023204E-01	
472	3.388578E-01	3.186572E-01	3.328590E-01	
473	4.889367E-01	3.217329E-01	3.142015E-01	
474	3.744370E-01	3.227672E-01	3.103782E-01	
475	6.221970E-01	3.118493E-01	3.188737E-01	
476	4.960346E-01	3.266601E-01	3.148755E-01	
477	7.958768E-01	3.585441E-01	3.615547E-01	
478	3.553294E-01	3.271298E-01	3.046223E-01	
479	4.335335E-01	3.610657E-01	3.476911E-01	
480	4.291588E-01	3.442834E-01	3.184657E-01	
481	6.809627E-01	3.680215E-01	3.395924E-01	
482	3.194694E-01	3.521633E-01	3.318645E-01	
483	5.843127E-01	3.622662E-01	3.321112E-01	
484	0	3.960680E-01	3.807129E-01	
485	6.071470E-01	3.536255E-01	3.492082E-01	
486	7.757762E-01	4.203239E-01	3.645600E-01	
487	5.139221E-01	3.436035E-01	3.467778E-01	
488	7.977354E-01	4.442842E-01	3.636150E-01	
489	4.932621E-01	3.688462E-01	3.560928E-01	
490	7.257811E-01	4.170141E-01	3.847395E-01	
491	0	4.537999E-01	3.728680E-01	
492	5.863682E-01	3.885280E-01	4.075534E-01	
493	0	5.086676E-01	4.481741E-01	
494	6.269577E-01	3.940256E-01	4.041152E-01	
495	0	5.539538E-01	4.857495E-01	
496	6.078160E-01	4.025829E-01	4.107579E-01	
497	8.320908E-01	4.518281E-01	4.410264E-01	
498	5.972511E-01	4.424965E-01	4.207405E-01	
499	6.472854E-01	4.369360E-01	4.525848E-01	
500	0	0	0	
501	5.754851E-01	4.616849E-01	4.424550E-01	
502	0	0	0	
503	5.424333E-01	4.443607E-01	4.927737E-01	
504	0	0	0	
505	5.906119E-01	5.162302E-01	5.305774E-01	
506	0	4.917331E-01	6.723318E-01	
507	0	0	0	
508	5.837952E-01	5.223256E-01	5.407021E-01	
509	0	0	0	
510	6.292093E-01	5.748024E-01	5.886867E-01	
511	0	0	0	
512	6.744151E-01	5.619807E-01	6.154559E-01	
513	0	0	0	
514	0	0	0	
515	0	6.777597E-01	6.771529E-01	
516	0	0	0	
517	0	7.602193E-01	6.340556E-01	
518	0	0	0	
519	0	8.222222E-01	7.929669E-01	
520	0	0	0	
521	0	0	0	
522	0	0	0	
523	0	0	0	
524	0	0	0	
525	0	0	0	
526	0	0	0	
527	0	0	0	
528	0	0	0	
529	0	0	0	
530	0	0	0	
531	0	0	0	
532	0	0	0	
533	0	0	0	
534	0	0	0	
535	0	0	0	
536	0	0	0	
537	0	0	0	
538	0	0	0	
539	0	0	0	
540	0	0	0	
541	0	0	0	
542	0	0	0	
543	0	0	0	
544	0	0	0	
545	0	0	0	
546	0	0	0	
547	0	0	0	
548	0	0	0	
549	0	0	0	
550	0	0	0	
551	0	0	0	
552	0	0	0	
553	0	0	0	
554	0	0	0	
555	0	0	0	
556	0	0	0	
557	0	0	0	
558	0	0	0	
559	0	0	0	
560	0	0	0	
561	0	0	0	
562	0	0	0	
563	0	0	0	
564	0	0	0	
565	0	0	0	
566	0	0	0	
567	0	0	0	
568	0	0	0	
569	0	0	0	
570	0	0	0	
571	0	0	0	
572	0	0	0	
573	0	0	0	
574	0	0	0	
575	0	0	0	
576	0	0	0	
577	0	0	0	
578	0	0	0	
579	0	0	0	
580	0	0	0	
581	0	0	0	
582	0	0	0	
583	0	0	0	
584	0	0	0	
585	0	0	0	
586	0	0	0	
587	0	0	0	
588	0	0	0	
589	0	0	0	
590	0	0	0	
591	0	0	0	
592	0	0	0	
593	0	0	0	
594	0	0	0	
595	0	0	0	
596	0	0	0	
597	0	0	0	
598	0	0	0	
599	0	0	0	
#NewRun
0	0	0	0	
1	0	0	0	
2	0	0	0	
3	0	0	0	
4	3.403981E-01	3.285702E-01	3.194876E-01	
5	3.373823E-01	3.269447E-01	3.563551E-01	
6	3.283254E-01	3.304469E-01	3.287553E-01	
7	0	0	0	
8	3.320810E-01	3.256898E-01	3.308418E-01	
9	3.377907E-01	3.292256E-01	3.173912E-01	
10	0	0	0	
11	3.270789E-01	3.149138E-01	3.233042E-01	
12	3.300386E-01	3.191535E-01	3.236186E-01	
13	3.326546E-01	3.343534E-01	3.241799E-01	
14	3.348960E-01	3.333136E-01	3.317727E-01	
15	0	0	0	
16	3.355034E-01	3.273256E-01	3.218859E-01	
17	3.347986E-01	3.308668E-01	3.297213E-01	
18	3.378354E-01	3.359032E-01	3.290361E-01	
19	3.429909E-01	3.390006E-01	3.175747E-01	
20	3.333975E-01	3.326192E-01	3.250997E-01	
21	3.273039E-01	3.358999E-01	3.206174E-01	
22	3.328539E-01	3.356890E-01	3.227725E-01	
23	3.305218E-01	3.430538E-01	3.148714E-01	
24	3.280327E-01	3.364166E-01	3.188274E-01	
25	3.270650E-01	3.364727E-01	3.163254E-01	
26	3.259923E-01	3.425716E-01	3.232259E-01	
27	3.297666E-01	3.399516E-01	3.082047E-01	
28	3.279561E-01	3.349310E-01	3.213637E-01	
29	3.319390E-01	3.423257E-01	3.180960E-01	
30	3.316806E-01	3.401485E-01	3.111203E-01	
31	3.313789E-01	3.333321E-01	3.186234E-01	
32	3.345960E-01	3.360903E-01	3.080658E-01	
33	3.293091E-01	3.406082E-01	3.137748E-01	
34	3.312168E-01	3.364018E-01	3.085146E-01	
35	3.285340E-01	3.305511E-01	3.159016E-01	
36	3.317429E-01	3.305147E-01	3.069206E-01	
37	3.301943E-01	3.330150E-01	3.138789E-01	
38	3.310641E-01	3.295462E-01	3.092868E-01	
39	3.280327E-01	3.278492E-01	3.126533E-01	
40	3.307182E-01	3.283256E-01	3.061832E-01	
41	3.258173E-01	3.295316E-01	3.099914E-01	
42	3.258885E-01	3.275938E-01	3.103005E-01	
43	3.254424E-01	3.324131E-01	3.087670E-01	
44	3.257620E-01	3.256551E-01	3.087880E-01	
45	3.300309E-01	3.275048E-01	3.096859E-01	
46	3.253335E-01	3.289106E-01	3.115454E-01	
47	3.271169E-01	3.320991E-01	3.100263E-01	
48	3.258160E-01	3.255704E-01	3.087806E-01	
49	3.275825E-01	3.249152E-01	3.132843E-01	
50	3.246744E-01	3.283208E-01	3.149546E-01	
51	3.256835E-01	3.294064E-01	3.193034E-01	
52	3.266905E-01	3.226427E-01	3.178447E-01	
53	3.261416E-01	3.257661E-01	3.176989E-01	
54	3.270584E-01	3.257718E-01	3.201477E-01	
55	3.280406E-01	3.255159E-01	3.206441E-01	
56	3.260013E-01	3.224951E-01	3.177998E-01	
57	3.272137E-01	3.238116E-01	3.201351E-01	
58	3.241066E-01	3.224537E-01	3.223099E-01	
59	3.257947E-01	3.263074E-01	3.228527E-01	
60	3.250985E-01	3.238881E-01	3.196311E-01	
61	3.253489E-01	3.226218E-01	3.204642E-01	
62	3.246696E-01	3.252272E-01	3.211757E-01	
63	3.234922E-01	3.275080E-01	3.190172E-01	
64	3.234079E-01	3.233338E-01	3.200963E-01	
65	3.246121E-01	3.248678E-01	3.219104E-01	
66	3.237598E-01	3.229154E-01	3.219322E-01	
67	3.205116E-01	3.230119E-01	3.226604E-01	
68	3.213614E-01	3.198121E-01	3.196534E-01	
69	3.207994E-01	3.207451E-01	3.211154E-01	
70	3.209137E-01	3.210398E-01	3.225332E-01	
71	3.185424E-01	3.212241E-01	3.271349E-01	
72	3.180045E-01	3.204794E-01	3.234253E-01	
73	3.159331E-01	3.210912E-01	3.238119E-01	
74	3.147565E-01	3.198561E-01	3.234584E-01	
75	3.150416E-01	3.160076E-01	3.225418E-01	
76	3.147211E-01	3.157730E-01	3.218876E-01	
77	3.144319E-01	3.172523E-01	3.235105E-01	
78	3.131985E-01	3.147239E-01	3.211587E-01	
79	3.138905E-01	3.134525E-01	3.217532E-01	
80	3.136787E-01	3.146059E-01	3.170070E-01	
81	3.123919E-01	3.134992E-01	3.178781E-01	
82	3.116320E-01	3.128319E-01	3.168801E-01	
83	3.121244E-01	3.134235E-01	3.171180E-01	
84	3.115596E-01	3.128796E-01	3.160928E-01	
85	3.114684E-01	3.094312E-01	3.128396E-01	
86	3.114901E-01	3.127651E-01	3.153794E-01	
87	3.117466E-01	3.131028E-01	3.126861E-01	
88	3.111468E-01	3.093746E-01	3.110850E-01	
89	3.091804E-01	3.092915E-01	3.140703E-01	
90	3.114342E-01	3.116961E-01	3.097621E-01	
91	3.102790E-01	3.117293E-01	3.079849E-01	
92	3.118419E-01	3.128054E-01	3.071272E-01	
93	3.101001E-01	3.112968E-01	3.094129E-01	
94	3.121811E-01	3.127007E-01	3.094016E-01	
95	3.109058E-01	3.133824E-01	3.078059E-01	
96	3.109606E-01	3.142458E-01	3.057703E-01	
97	3.110513E-01	3.149312E-01	3.087792E-01	
98	3.114786E-01	3.155635E-01	3.082221E-01	
99	3.128264E-01	3.148123E-01	3.084019E-01	
100	3.120756E-01	3.182843E-01	3.083784E-01	
101	3.140079E-01	3.188500E-01	3.095277E-01	
102	3.123352E-01	3.194081E-01	3.082120E-01	
103	3.140126E-01	3.215616E-01	3.098341E-01	
104	3.153355E-01	3.216194E-01	3.099461E-01	
105	3.136815E-01	3.226936E-01	3.105885E-01	
106	3.156154E-01	3.267242E-01	3.107887E-01	
107	3.148119E-01	3.248561E-01	3.111739E-01	
108	3.180277E-01	3.264948E-01	3.137183E-01	
109	3.174555E-01	3.293286E-01	3.131264E-01	
110	3.197614E-01	3.286168E-01	3.154757E-01	
111	3.198933E-01	3.297785E-01	3.168300E-01	
112	3.207238E-01	3.320459E-01	3.177353E-01	
113	3.231979E-01	3.320349E-01	3.202003E-01	
114	3.236218E-01	3.329083E-01	3.199367E-01	
115	3.256605E-01	3.331592E-01	3.221662E-01	
116	3.271088E-01	3.333875E-01	3.244014E-01	
117	3.283689E-01	3.340895E-01	3.257069E-01	
118	3.303504E-01	3.346260E-01	3.265340E-01	
119	3.321855E-01	3.372573E-01	3.278621E-01	
120	3.339726E-01	3.378967E-01	3.264808E-01	
121	3.355829E-01	3.383292E-01	3.305420E-01	
122	3.361450E-01	3.409420E-01	3.315577E-01	
123	3.386010E-01	3.422162E-01	3.320623E-01	
124	3.413018E-01	3.436309E-01	3.329985E-01	
125	3.434749E-01	3.443851E-01	3.335155E-01	
126	3.442068E-01	3.488338E-01	3.358207E-01	
127	3.469696E-01	3.486502E-01	3.388285E-01	
128	3.509095E-01	3.502209E-01	3.381637E-01	
129	3.517417E-01	3.518226E-01	3.395469E-01	
130	3.563693E-01	3.534345E-01	3.415711E-01	
131	3.561359E-01	3.566097E-01	3.416015E-01	
132	3.601335E-01	3.568666E-01	3.450253E-01	
133	3.649325E-01	3.601802E-01	3.436392E-01	
134	3.662912E-01	3.629756E-01	3.472243E-01	
135	3.696728E-01	3.650087E-01	3.473829E-01	
136	3.728687E-01	3.643715E-01	3.487606E-01	
137	3.773167E-01	3.690050E-01	3.495605E-01	
138	3.787763E-01	3.694393E-01	3.512566E-01	
139	3.823910E-01	3.699155E-01	3.534202E-01	
140	3.842324E-01	3.716307E-01	3.527513E-01	
141	3.887366E-01	3.751363E-01	3.569392E-01	
142	3.928550E-01	3.759820E-01	3.589981E-01	
143	3.957322E-01	3.776727E-01	3.593073E-01	
144	3.997069E-01	3.789299E-01	3.611365E-01	
145	4.029056E-01	3.834301E-01	3.662505E-01	
146	4.061676E-01	3.840616E-01	3.629677E-01	
147	4.084529E-01	3.855357E-01	3.703925E-01	
148	4.138185E-01	3.867301E-01	3.708910E-01	
149	4.165856E-01	3.863305E-01	3.718893E-01	
150	4.215297E-01	3.864654E-01	3.730446E-01	
151	4.235365E-01	3.877140E-01	3.759973E-01	
152	4.269989E-01	3.923947E-01	3.778290E-01	
153	4.284180E-01	3.936661E-01	3.800625E-01	
154	4.343974E-01	3.951151E-01	3.807807E-01	
155	4.358476E-01	3.964006E-01	3.830244E-01	
156	4.378462E-01	3.984265E-01	3.843000E-01	
157	4.419040E-01	3.996296E-01	3.867725E-01	
158	4.465947E-01	4.032824E-01	3.886879E-01	
159	4.452675E-01	4.057938E-01	3.910316E-01	
160	4.495513E-01	4.083868E-01	3.946875E-01	
161	4.561828E-01	4.093249E-01	3.960382E-01	
162	4.565414E-01	4.132121E-01	3.974351E-01	
163	4.596803E-01	4.135186E-01	3.986002E-01	
164	4.664685E-01	4.177186E-01	4.007040E-01	
165	4.658363E-01	4.181072E-01	4.016697E-01	
166	4.713913E-01	4.242850E-01	4.044758E-01	
167	4.790410E-01	4.246874E-01	4.057638E-01	
168	4.779121E-01	4.251448E-01	4.091078E-01	
169	4.842019E-01	4.278397E-01	4.124730E-01	
170	4.875549E-01	4.309572E-01	4.113550E-01	
171	4.900853E-01	4.335970E-01	4.149553E-01	
172	4.956711E-01	4.345609E-01	4.181175E-01	
173	4.997993E-01	4.362994E-01	4.189255E-01	
174	5.003113E-01	4.369501E-01	4.197451E-01	
175	5.057709E-01	4.411037E-01	4.228037E-01	
176	5.062589E-01	4.387065E-01	4.235183E-01	
177	5.091349E-01	4.426414E-01	4.244228E-01	
178	5.110245E-01	4.444782E-01	4.301646E-01	
179	5.177050E-01	4.485225E-01	4.290014E-01	
180	5.145266E-01	4.490518E-01	4.294621E-01	
181	5.202382E-01	4.527659E-01	4.323335E-01	
182	5.271948E-01	4.534374E-01	4.336890E-01	
183	5.273863E-01	4.537451E-01	4.378691E-01	
184	5.369818E-01	4.560274E-01	4.320766E-01	
185	5.320655E-01	4.593072E-01	4.362529E-01	
186	5.416487E-01	4.594326E-01	4.387807E-01	
187	5.420164E-01	4.629112E-01	4.360594E-01	
188	5.460901E-01	4.604673E-01	4.388105E-01	
189	5.533536E-01	4.589840E-01	4.401045E-01	
190	5.507082E-01	4.632265E-01	4.440320E-01	
191	5.618082E-01	4.656936E-01	4.426591E-01	
192	5.660579E-01	4.607301E-01	4.411630E-01	
193	5.689744E-01	4.632989E-01	4.431721E-01	
194	5.723741E-01	4.610517E-01	4.430684E-01	
195	5.757165E-01	4.656340E-01	4.427322E-01	
196	5.798624E-01	4.692656E-01	4.439451E-01	
197	5.810995E-01	4.644254E-01	4.433945E-01	
198	5.832411E-01	4.654134E-01	4.429563E-01	
199	5.801564E-01	4.628992E-01	4.411028E-01	
200	5.860050E-01	4.681725E-01	4.382549E-01	
201	5.878712E-01	4.610654E-01	4.420646E-01	
202	5.903301E-01	4.647101E-01	4.393483E-01	
203	5.918758E-01	4.645617E-01	4.407699E-01	
204	5.972728E-01	4.620550E-01	4.394167E-01	
205	5.999034E-01	4.606285E-01	4.345052E-01	
206	5.960206E-01	4.604326E-01	4.353208E-01	
207	6.013359E-01	4.599986E-01	4.341574E-01	
208	6.045625E-01	4.539267E-01	4.323193E-01	
209	6.098672E-01	4.570156E-01	4.305726E-01	
210	6.143445E-01	4.541759E-01	4.305860E-01	
211	6.104801E-01	4.569166E-01	4.265118E-01	
212	6.131725E-01	4.546417E-01	4.296293E-01	
213	6.093748E-01	4.508780E-01	4.256550E-01	
214	6.121467E-01	4.500247E-01	4.283346E-01	
215	6.124429E-01	4.486247E-01	4.292301E-01	
216	6.096621E-01	4.469522E-01	4.272061E-01	
217	6.097332E-01	4.475215E-01	4.261516E-01	
218	6.121776E-01	4.425451E-01	4.243423E-01	
219	6.147766E-01	4.378855E-01	4.247309E-01	
220	6.108929E-01	4.361742E-01	4.219182E-01	
221	5.990271E-01	4.280621E-01	4.185450E-01	
222	6.141034E-01	4.292394E-01	4.185305E-01	
223	6.117700E-01	4.286114E-01	4.129292E-01	
224	5.949802E-01	4.226450E-01	4.120016E-01	
225	6.126888E-01	4.214495E-01	4.087292E-01	
226	6.078046E-01	4.209782E-01	4.136786E-01	
227	6.111395E-01	4.224800E-01	4.091036E-01	
228	6.137195E-01	4.166105E-01	4.068592E-01	
229	5.953663E-01	4.173878E-01	4.026138E-01	
230	6.148754E-01	4.097855E-01	3.994813E-01	
231	6.136514E-01	4.111082E-01	4.029313E-01	
232	6.214194E-01	4.101618E-01	3.944215E-01	
233	6.106233E-01	4.042119E-01	3.963485E-01	
234	6.202084E-01	4.060864E-01	3.937188E-01	
235	6.051750E-01	4.087792E-01	3.920214E-01	
236	6.055491E-01	4.012528E-01	3.870330E-01	
237	6.129210E-01	3.949128E-01	3.847733E-01	
238	6.010378E-01	3.936033E-01	3.847639E-01	
239	5.861590E-01	3.959954E-01	3.838665E-01	
240	5.987892E-01	3.903012E-01	3.810073E-01	
241	5.792148E-01	3.905016E-01	3.794749E-01	
242	5.810138E-01	3.875925E-01	3.763183E-01	
243	5.876932E-01	3.874838E-01	3.776156E-01	
244	5.788112E-01	3.799139E-01	3.724543E-01	
245	5.658452E-01	3.797420E-01	3.704551E-01	
246	5.668704E-01	3.786743E-01	3.687445E-01	
247	5.512404E-01	3.771505E-01	3.661659E-01	
248	5.680939E-01	3.696615E-01	3.637280E-01	
249	5.545343E-01	3.670164E-01	3.595953E-01	
250	5.353570E-01	3.716717E-01	3.607650E-01	
251	5.318444E-01	3.664255E-01	3.598586E-01	
252	5.328824E-01	3.652429E-01	3.549774E-01	
253	5.380747E-01	3.579215E-01	3.548664E-01	
254	4.926417E-01	3.605937E-01	3.514980E-01	
255	4.992956E-01	3.574464E-01	3.546353E-01	
256	4.756340E-01	3.532490E-01	3.473849E-01	
257	4.922665E-01	3.528508E-01	3.479150E-01	
258	4.880317E-01	3.510819E-01	3.500795E-01	
259	4.794095E-01	3.470070E-01	3.423133E-01	
260	4.735467E-01	3.448228E-01	3.374970E-01	
261	4.702880E-01	3.440200E-01	3.421763E-01	
262	4.554798E-01	3.427273E-01	3.368914E-01	
263	4.595599E-01	3.423430E-01	3.365214E-01	
264	4.564262E-01	3.373798E-01	3.313289E-01	
265	4.417721E-01	3.338938E-01	3.288636E-01	
266	4.493419E-01	3.335207E-01	3.328747E-01	
267	4.331021E-01	3.329759E-01	3.277477E-01	
268	4.263806E-01	3.282028E-01	3.229957E-01	
269	4.255894E-01	3.293260E-01	3.228274E-01	
270	4.038076E-01	3.203193E-01	3.238346E-01	
271	4.065733E-01	3.235973E-01	3.229756E-01	
272	4.162067E-01	3.239694E-01	3.190975E-01	
273	4.009623E-01	3.147473E-01	3.161051E-01	
274	3.906836E-01	3.180831E-01	3.168701E-01	
275	3.889282E-01	3.159266E-01	3.122832E-01	
276	3.731559E-01	3.129742E-01	3.089322E-01	
277	3.770926E-01	3.132670E-01	3.130851E-01	
278	3.940776E-01	3.129424E-01	3.063314E-01	
279	3.691675E-01	3.092138E-01	3.008314E-01	
280	3.889117E-01	3.105532E-01	3.068563E-01	
281	3.677414E-01	3.099070E-01	3.009800E-01	
282	3.587066E-01	3.044148E-01	2.991607E-01	
283	3.581760E-01	3.044122E-01	2.991955E-01	
284	3.388453E-01	3.038205E-01	2.997998E-01	
285	3.452178E-01	3.003292E-01	2.981238E-01	
286	3.430368E-01	3.033106E-01	2.977574E-01	
287	3.554079E-01	3.039088E-01	2.953232E-01	
288	3.289376E-01	3.010794E-01	2.911912E-01	
289	3.199127E-01	2.985849E-01	2.938169E-01	
290	3.153499E-01	3.004873E-01	2.916423E-01	
291	3.283724E-01	3.001002E-01	2.889042E-01	
292	3.138724E-01	2.953396E-01	2.914075E-01	
293	3.260275E-01	2.981952E-01	2.858235E-01	
294	3.272930E-01	2.951429E-01	2.911775E-01	
295	3.261371E-01	2.929770E-01	2.873654E-01	
296	3.172514E-01	2.950325E-01	2.843219E-01	
297	3.087700E-01	3.032611E-01	2.867702E-01	
298	3.295199E-01	2.957724E-01	2.867910E-01	
299	2.883224E-01	2.933165E-01	2.838189E-01	
300	2.956566E-01	2.973728E-01	2.874050E-01	
301	3.326271E-01	2.896072E-01	2.806848E-01	
302	2.989467E-01	2.982832E-01	2.852822E-01	
303	3.006813E-01	2.937523E-01	2.905784E-01	
304	2.916108E-01	2.945944E-01	2.823020E-01	
305	3.068799E-01	2.971289E-01	2.839643E-01	
306	3.129880E-01	2.907225E-01	2.848983E-01	
307	3.063193E-01	2.930137E-01	2.857605E-01	
308	2.878686E-01	2.969137E-01	2.883582E-01	
309	2.951901E-01	2.934329E-01	2.880085E-01	
310	3.041632E-01	2.909818E-01	2.863019E-01	
311	3.036409E-01	2.974369E-01	2.857870E-01	
312	3.030087E-01	2.940392E-01	2.882457E-01	
313	2.861190E-01	2.930505E-01	2.852305E-01	
314	3.120807E-01	2.962878E-01	2.898832E-01	
315	3.025689E-01	2.937918E-01	2.889743E-01	
316	2.826106E-01	2.934254E-01	2.880541E-01	
317	2.760878E-01	2.985959E-01	2.884259E-01	
318	2.686413E-01	2.927615E-01	2.874019E-01	
319	2.906681E-01	2.876612E-01	2.866005E-01	
320	2.817305E-01	2.900750E-01	2.880990E-01	
321	2.671435E-01	2.914350E-01	2.867241E-01	
322	2.529674E-01	2.909517E-01	2.836770E-01	
323	2.699836E-01	2.905394E-01	2.876319E-01	
324	2.812976E-01	2.889622E-01	2.852512E-01	
325	2.728096E-01	2.954149E-01	2.860223E-01	
326	2.701263E-01	2.913659E-01	2.834189E-01	
327	2.807197E-01	2.895828E-01	2.848772E-01	
328	2.871223E-01	2.918398E-01	2.871314E-01	
329	2.967116E-01	2.925850E-01	2.871368E-01	
330	3.147789E-01	2.900220E-01	2.861953E-01	
331	3.052792E-01	2.937539E-01	2.865029E-01	
332	2.991105E-01	2.872623E-01	2.849160E-01	
333	2.990227E-01	2.882149E-01	2.874612E-01	
334	3.167539E-01	2.907826E-01	2.831237E-01	
335	3.492849E-01	2.868482E-01	2.876741E-01	
336	3.262059E-01	2.863831E-01	2.863635E-01	
337	3.299062E-01	2.877532E-01	2.850842E-01	
338	3.185275E-01	2.860209E-01	2.838961E-01	
339	3.138019E-01	2.857981E-01	2.879582E-01	
340	3.031144E-01	2.879750E-01	2.817577E-01	
341	2.989160E-01	2.821092E-01	2.860564E-01	
342	3.118971E-01	2.873109E-01	2.846515E-01	
343	3.184402E-01	2.863091E-01	2.832156E-01	
344	3.034596E-01	2.884481E-01	2.864269E-01	
345	3.089872E-01	2.873806E-01	2.820206E-01	
346	3.261016E-01	2.863882E-01	2.805291E-01	
347	3.162350E-01	2.866176E-01	2.842093E-01	
348	3.094259E-01	2.845002E-01	2.803039E-01	
349	3.137681E-01	2.928411E-01	2.804113E-01	
350	3.109929E-01	2.864062E-01	2.804156E-01	
351	3.155622E-01	2.874535E-01	2.814560E-01	
352	3.412879E-01	2.878851E-01	2.832926E-01	
353	3.091964E-01	2.856669E-01	2.808447E-01	
354	2.921953E-01	2.856131E-01	2.827862E-01	
355	3.035316E-01	2.873734E-01	2.793184E-01	
356	2.845271E-01	2.872462E-01	2.801016E-01	
357	2.788157E-01	2.859321E-01	2.805179E-01	
358	2.972478E-01	2.880152E-01	2.812651E-01	
359	2.786632E-01	2.844342E-01	2.801327E-01	
360	3.084312E-01	2.799699E-01	2.778191E-01	
361	3.069037E-01	2.843705E-01	2.797917E-01	
362	2.889313E-01	2.874408E-01	2.790762E-01	
363	3.141430E-01	2.817964E-01	2.799330E-01	
364	2.827918E-01	2.834801E-01	2.817596E-01	
365	2.968511E-01	2.857564E-01	2.769602E-01	
366	3.076501E-01	2.779870E-01	2.782615E-01	
367	3.053334E-01	2.865277E-01	2.781117E-01	
368	2.971917E-01	2.804235E-01	2.767587E-01	
369	2.986015E-01	2.789500E-01	2.844410E-01	
370	2.970558E-01	2.820004E-01	2.734267E-01	
371	3.153568E-01	2.828974E-01	2.729422E-01	
372	3.156985E-01	2.799768E-01	2.797178E-01	
373	3.153148E-01	2.777846E-01	2.764300E-01	
374	3.123983E-01	2.803390E-01	2.761657E-01	
375	3.239377E-01	2.795230E-01	2.815173E-01	
376	3.079614E-01	2.785160E-01	2.806819E-01	
377	3.108264E-01	2.782447E-01	2.781142E-01	
378	3.143700E-01	2.783060E-01	2.789229E-01	
379	3.088428E-01	2.848471E-01	2.750722E-01	
380	3.078427E-01	2.766269E-01	2.789252E-01	
381	3.307980E-01	2.771541E-01	2.812145E-01	
382	3.047796E-01	2.810953E-01	2.720340E-01	
383	2.969107E-01	2.797674E-01	2.778764E-01	
384	3.316896E-01	2.794291E-01	2.772691E-01	
385	2.777701E-01	2.747244E-01	2.735059E-01	
386	3.011003E-01	2.783109E-01	2.761838E-01	
387	2.953331E-01	2.766679E-01	2.802096E-01	
388	2.614419E-01	2.810449E-01	2.781816E-01	
389	2.843378E-01	2.753608E-01	2.777608E-01	
390	2.811995E-01	2.803375E-01	2.771348E-01	
391	2.306762E-01	2.759749E-01	2.871491E-01	
392	2.940967E-01	2.753794E-01	2.796965E-01	
393	2.723842E-01	2.797476E-01	2.836665E-01	
394	2.615554E-01	2.820379E-01	2.784096E-01	
395	2.906786E-01	2.823760E-01	2.860760E-01	
396	3.099761E-01	2.846407E-01	2.841390E-01	
397	2.868597E-01	2.808553E-01	2.798893E-01	
398	2.753213E-01	2.820395E-01	2.811213E-01	
399	3.056085E-01	2.910749E-01	2.817449E-01	
400	3.005698E-01	2.858147E-01	2.814545E-01	
401	2.602084E-01	2.848291E-01	2.800989E-01	
402	2.693317E-01	2.837433E-01	2.862672E-01	
403	3.086675E-01	2.813610E-01	2.784872E-01	
404	3.056770E-01	2.842104E-01	2.828496E-01	
405	3.014094E-01	2.821205E-01	2.841518E-01	
406	3.074008E-01	2.809316E-01	2.777565E-01	
407	3.117563E-01	2.890470E-01	2.912309E-01	
408	3.312244E-01	2.819626E-01	2.838703E-01	
409	3.384970E-01	2.792765E-01	2.808887E-01	
410	3.224058E-01	2.917246E-01	2.895807E-01	
411	3.103147E-01	2.910797E-01	2.833586E-01	
412	3.034972E-01	2.841105E-01	2.826213E-01	
413	2.927974E-01	2.984351E-01	2.935389E-01	
414	2.960355E-01	2.989202E-01	2.848958E-01	
415	3.019463E-01	2.937617E-01	2.979513E-01	
416	2.698038E-01	2.973276E-01	2.944529E-01	
417	3.270540E-01	2.941747E-01	2.889825E-01	
418	3.083610E-01	3.007304E-01	2.939832E-01	
419	2.881938E-01	3.013229E-01	3.009678E-01	
420	3.155011E-01	3.063495E-01	2.880375E-01	
421	2.917309E-01	2.993404E-01	2.974526E-01	
422	2.941746E-01	3.078343E-01	2.995613E-01	
423	2.999716E-01	3.047938E-01	2.905974E-01	
424	3.344922E-01	3.070007E-01	2.951853E-01	
425	3.669360E-01	3.071529E-01	2.954694E-01	
426	3.269521E-01	2.988223E-01	2.922831E-01	
427	3.095107E-01	3.012620E-01	2.941597E-01	
428	3.287746E-01	3.060967E-01	2.985103E-01	
429	2.680190E-01	3.006960E-01	2.918070E-01	
430	3.223390E-01	2.997864E-01	2.938218E-01	
431	2.677203E-01	3.025393E-01	2.950053E-01	
432	2.419004E-01	2.969309E-01	2.962380E-01	
433	2.271086E-01	2.978039E-01	2.984687E-01	
434	3.018864E-01	2.902863E-01	2.962269E-01	
435	2.436621E-01	2.933435E-01	2.966262E-01	
436	2.180101E-01	2.975857E-01	2.901601E-01	
437	2.918062E-01	2.973031E-01	3.036863E-01	
438	2.906469E-01	3.006071E-01	2.992801E-01	
439	2.763807E-01	2.888831E-01	2.873896E-01	
440	2.600571E-01	3.127255E-01	3.031900E-01	
441	2.895576E-01	2.977623E-01	2.913172E-01	
442	2.371384E-01	3.080604E-01	3.016026E-01	
443	2.600471E-01	2.889322E-01	2.860636E-01	
444	2.215372E-01	3.157168E-01	3.070530E-01	
445	3.016313E-01	3.039712E-01	3.024728E-01	
446	2.369984E-01	3.079436E-01	2.928566E-01	
447	2.413645E-01	3.102937E-01	2.912259E-01	
448	2.678093E-01	2.967523E-01	3.008044E-01	
449	3.037916E-01	3.080979E-01	3.101622E-01	
450	2.925812E-01	2.828902E-01	2.990807E-01	
451	2.686776E-01	3.079832E-01	3.012289E-01	
452	2.707402E-01	3.081541E-01	3.075292E-01	
453	3.050376E-01	3.065265E-01	3.144687E-01	
454	2.623993E-01	3.147834E-01	3.137315E-01	
455	3.356769E-01	2.938246E-01	3.134123E-01	
456	2.443597E-01	3.179490E-01	3.102341E-01	
457	3.554202E-01	2.986382E-01	3.036913E-01	
458	3.297862E-01	3.092635E-01	3.107013E-01	
459	3.201895E-01	2.986131E-01	3.045671E-01	
460	2.504063E-01	2.891399E-01	3.072614E-01	
461	3.234125E-01	3.108687E-01	3.137095E-01	
462	2.858193E-01	2.871895E-01	3.077868E-01	
463	3.535629E-01	3.109235E-01	3.153509E-01	
464	3.016040E-01	3.003813E-01	2.996420E-01	
465	3.545746E-01	3.063033E-01	3.101860E-01	
466	3.002803E-01	2.968056E-01	3.007954E-01	
467	3.442689E-01	2.932439E-01	3.178930E-01	
468	3.461183E-01	3.100639E-01	3.190123E-01	
469	3.127548E-01	2.958571E-01	3.044150E-01	
470	3.933838E-01	3.359348E-01	3.326974E-01	
471	3.276531E-01	2.897370E-01	3.189659E-01	
472	3.691396E-01	3.237460E-01	3.298862E-01	
473	3.231385E-01	2.823603E-01	3.184648E-01	
474	3.219010E-01	3.371401E-01	3.252749E-01	
475	3.465181E-01	3.113453E-01	3.174545E-01	
476	3.725407E-01	3.225874E-01	3.415127E-01	
477	3.305311E-01	3.655398E-01	3.914793E-01	
478	3.985776E-01	3.154168E-01	3.181846E-01	
479	4.629273E-01	3.753992E-01	3.777997E-01	
480	4.760531E-01	3.297376E-01	3.343937E-01	
481	4.782214E-01	3.619268E-01	3.592929E-01	
482	4.651086E-01	3.431719E-01	3.542973E-01	
483	6.400188E-01	3.567049E-01	3.713829E-01	
484	5.681275E-01	3.997207E-01	4.194147E-01	
485	5.211139E-01	3.452282E-01	3.520962E-01	
486	8.106109E-01	4.248111E-01	4.239347E-01	
487	4.603108E-01	3.550112E-01	3.621333E-01	
488	6.469393E-01	4.593595E-01	4.189032E-01	
489	5.864194E-01	3.516113E-01	3.916431E-01	
490	5.152798E-01	4.210720E-01	4.290056E-01	
491	6.609781E-01	3.774157E-01	3.924471E-01	
492	4.811932E-01	4.110175E-01	4.011479E-01	
493	0	5.261474E-01	5.176873E-01	
494	6.110098E-01	4.228535E-01	4.339119E-01	
495	0	5.313354E-01	4.604250E-01	
496	6.544642E-01	4.381756E-01	4.270411E-01	
497	0	5.072587E-01	4.739110E-01	
498	6.770248E-01	4.589485E-01	4.273405E-01	
499	3.809221E-01	4.951522E-01	4.796233E-01	
500	0	0	0	
501	5.867735E-01	4.932259E-01	4.742816E-01	
502	0	0	0	
503	6.501299E-01	4.766660E-01	4.976329E-01	
504	0	0	0	
505	6.210086E-01	4.750248E-01	5.368433E-01	
506	0	5.683583E-01	5.388806E-01	
507	0	0	0	
508	7.392768E-01	5.574739E-01	5.470249E-01	
509	0	0	0	
510	0	6.226550E-01	6.183164E-01	
511	0	0	0	
512	0	6.909801E-01	6.417944E-01	
513	0	0	0	
514	0	0	0	
515	0	6.711059E-01	6.904632E-01	
516	0	0	0	
517	0	7.539756E-01	6.449507E-01	
518	0	0	0	
519	0	8.306636E-01	0	
520	0	0	0	
521	0	0	0	
522	0	0	0	
523	0	0	0	
524	0	0	0	
525	0	0	0	
526	0	0	0	
527	0	0	0	
528	0	0	0	
529	0	0	0	
530	0	0	0	
531	0	0	0	
532	0	0	0	
533	0	0	0	
534	0	0	0	
535	0	0	0	
536	0	0	0	
537	0	0	0	
538	0	0	0	
539	0	0	0	
540	0	0	0	
541	0	0	0	
542	0	0	0	
543	0	0	0	
544	0	0	0	
545	0	0	0	
546	0	0	0	
547	0	0	0	
548	0	0	0	
549	0	0	0	
550	0	0	0	
551	0	0	0	
552	0	0	0	
553	0	0	0	
554	0	0	0	
555	0	0	0	
556	0	0	0	
557	0	0	0	
558	0	0	0	
559	0	0	0	
560	0	0	0	
561	0	0	0	
562	0	0	0	
563	0	0	0	
564	0	0	0	
565	0	0	0	
566	0	0	0	
567	0	0	0	
568	0	0	0	
569	0	0	0	
570	0	0	0	
571	0	0	0	
572	0	0	0	
573	0	0	0	
574	0	0	0	
575	0	0	0	
576	0	0	0	
577	0	0	0	
578	0	0	0	
579	0	0	0	
580	0	0	0	
581	0	0	0	
582	0	0	0	
583	0	0	0	
584	0	0	0	
585	0	0	0	
586	0	0	0	
587	0	0	0	
588	0	0	0	
589	0	0	0	
590	0	0	0	
591	0	0	0	
592	0	0	0	
593	0	0	0	
594	0	0	0	
595	0	0	0	
596	0	0	0	
597	0	0	0	
598	0	0	0	
599	0	0	0	
#NewRun
