#COM_Bin	Avg_cosine_squared
#Order is chain type
0	0	0	0	
1	0	0	0	
2	0	0	0	
3	0	0	0	
4	3.336410E-01	3.395700E-01	7.985008E-01	
5	3.305181E-01	3.432086E-01	2.335961E-01	
6	3.477311E-01	3.411446E-01	0	
7	0	0	0	
8	3.456340E-01	3.328766E-01	3.735347E-01	
9	3.515296E-01	3.208964E-01	2.517316E-01	
10	0	0	0	
11	3.337635E-01	3.303169E-01	3.386933E-01	
12	3.320674E-01	3.322811E-01	3.681625E-01	
13	3.366429E-01	3.327939E-01	3.127256E-01	
14	3.369062E-01	3.329830E-01	2.930342E-01	
15	0	0	0	
16	3.369281E-01	3.358444E-01	3.551349E-01	
17	3.395482E-01	3.330589E-01	3.187664E-01	
18	3.362963E-01	3.329231E-01	2.804173E-01	
19	3.444006E-01	3.382485E-01	3.842837E-01	
20	3.347121E-01	3.367739E-01	2.342164E-01	
21	3.355842E-01	3.366290E-01	2.844133E-01	
22	3.384061E-01	3.340661E-01	2.625489E-01	
23	3.387039E-01	3.316043E-01	3.386140E-01	
24	3.327880E-01	3.304470E-01	2.824588E-01	
25	3.364811E-01	3.311710E-01	2.588677E-01	
26	3.383581E-01	3.269356E-01	3.402988E-01	
27	3.284184E-01	3.302844E-01	3.140081E-01	
28	3.305177E-01	3.317783E-01	3.483911E-01	
29	3.350046E-01	3.276108E-01	3.067435E-01	
30	3.293061E-01	3.278891E-01	3.286416E-01	
31	3.323562E-01	3.335525E-01	3.868305E-01	
32	3.313392E-01	3.278648E-01	3.185337E-01	
33	3.313009E-01	3.295166E-01	3.300417E-01	
34	3.316044E-01	3.288161E-01	3.259926E-01	
35	3.309498E-01	3.301325E-01	3.925029E-01	
36	3.284674E-01	3.279253E-01	3.672729E-01	
37	3.274022E-01	3.284979E-01	3.532012E-01	
38	3.291365E-01	3.273160E-01	3.717361E-01	
39	3.240063E-01	3.290947E-01	3.685158E-01	
40	3.257792E-01	3.281046E-01	3.568163E-01	
41	3.246312E-01	3.234795E-01	3.673446E-01	
42	3.235414E-01	3.259192E-01	3.677305E-01	
43	3.241834E-01	3.259472E-01	3.670622E-01	
44	3.219812E-01	3.255475E-01	3.542594E-01	
45	3.228797E-01	3.245984E-01	3.447788E-01	
46	3.217540E-01	3.239620E-01	3.631284E-01	
47	3.203664E-01	3.241937E-01	3.702938E-01	
48	3.201787E-01	3.244147E-01	3.434220E-01	
49	3.181437E-01	3.246230E-01	3.540541E-01	
50	3.221622E-01	3.224143E-01	3.475951E-01	
51	3.162102E-01	3.222391E-01	3.263788E-01	
52	3.188827E-01	3.220597E-01	3.526457E-01	
53	3.171565E-01	3.201857E-01	3.624544E-01	
54	3.176289E-01	3.192682E-01	3.653255E-01	
55	3.154609E-01	3.195923E-01	3.426317E-01	
56	3.143913E-01	3.195035E-01	3.556043E-01	
57	3.151321E-01	3.171563E-01	3.709870E-01	
58	3.140832E-01	3.164572E-01	3.522766E-01	
59	3.153706E-01	3.157469E-01	3.343297E-01	
60	3.135914E-01	3.159309E-01	3.547497E-01	
61	3.127212E-01	3.145803E-01	3.515462E-01	
62	3.109444E-01	3.128506E-01	3.525383E-01	
63	3.122989E-01	3.135141E-01	3.368625E-01	
64	3.110287E-01	3.127425E-01	3.480350E-01	
65	3.107292E-01	3.101947E-01	3.499288E-01	
66	3.100547E-01	3.113850E-01	3.304929E-01	
67	3.085106E-01	3.094884E-01	3.375820E-01	
68	3.092438E-01	3.076160E-01	3.365224E-01	
69	3.089400E-01	3.082814E-01	3.236931E-01	
70	3.084520E-01	3.070531E-01	3.236585E-01	
71	3.075085E-01	3.063934E-01	3.138864E-01	
72	3.063767E-01	3.043432E-01	3.166586E-01	
73	3.061086E-01	3.056688E-01	3.102319E-01	
74	3.041026E-01	3.037476E-01	3.089282E-01	
75	3.039110E-01	3.055037E-01	3.060138E-01	
76	3.037283E-01	3.021281E-01	3.062372E-01	
77	3.030655E-01	3.032167E-01	3.023285E-01	
78	3.031886E-01	3.027238E-01	2.978631E-01	
79	3.021189E-01	3.017639E-01	2.989074E-01	
80	3.015149E-01	3.011996E-01	3.027857E-01	
81	3.013745E-01	3.025199E-01	2.974134E-01	
82	3.001077E-01	3.027642E-01	2.952907E-01	
83	3.008986E-01	3.028757E-01	2.872750E-01	
84	2.995699E-01	3.028675E-01	2.862440E-01	
85	2.988228E-01	3.033117E-01	2.903140E-01	
86	2.993315E-01	3.021532E-01	2.835021E-01	
87	3.002139E-01	3.017010E-01	2.842038E-01	
88	2.995817E-01	3.025236E-01	2.743429E-01	
89	2.985006E-01	3.021760E-01	2.765201E-01	
90	2.998011E-01	3.025099E-01	2.773176E-01	
91	2.993524E-01	3.030929E-01	2.754847E-01	
92	3.006101E-01	3.040110E-01	2.716942E-01	
93	3.008080E-01	3.048212E-01	2.696533E-01	
94	3.028835E-01	3.072602E-01	2.652171E-01	
95	3.027202E-01	3.075338E-01	2.663289E-01	
96	3.040852E-01	3.090655E-01	2.629563E-01	
97	3.057105E-01	3.109524E-01	2.602885E-01	
98	3.059813E-01	3.136519E-01	2.595025E-01	
99	3.078479E-01	3.147900E-01	2.561201E-01	
100	3.087788E-01	3.167465E-01	2.545387E-01	
101	3.102344E-01	3.187660E-01	2.533614E-01	
102	3.104917E-01	3.200729E-01	2.524403E-01	
103	3.138129E-01	3.218325E-01	2.515473E-01	
104	3.160104E-01	3.263258E-01	2.520136E-01	
105	3.180511E-01	3.278808E-01	2.499668E-01	
106	3.187241E-01	3.301475E-01	2.476475E-01	
107	3.223938E-01	3.324425E-01	2.500244E-01	
108	3.232411E-01	3.347680E-01	2.489682E-01	
109	3.257786E-01	3.383456E-01	2.460198E-01	
110	3.295003E-01	3.400285E-01	2.481192E-01	
111	3.302604E-01	3.430134E-01	2.483176E-01	
112	3.344884E-01	3.462247E-01	2.488754E-01	
113	3.368998E-01	3.501784E-01	2.475305E-01	
114	3.411027E-01	3.539486E-01	2.467867E-01	
115	3.434604E-01	3.576094E-01	2.466142E-01	
116	3.464701E-01	3.602980E-01	2.489773E-01	
117	3.495229E-01	3.655750E-01	2.487294E-01	
118	3.543750E-01	3.693744E-01	2.463926E-01	
119	3.575411E-01	3.735921E-01	2.495149E-01	
120	3.615396E-01	3.772707E-01	2.506447E-01	
121	3.655186E-01	3.812594E-01	2.483253E-01	
122	3.692217E-01	3.857606E-01	2.497477E-01	
123	3.742109E-01	3.879144E-01	2.523234E-01	
124	3.770513E-01	3.926615E-01	2.554205E-01	
125	3.821819E-01	3.979718E-01	2.562420E-01	
126	3.861801E-01	4.030675E-01	2.593583E-01	
127	3.923634E-01	4.067466E-01	2.594998E-01	
128	3.955739E-01	4.115050E-01	2.629969E-01	
129	4.030196E-01	4.171296E-01	2.644471E-01	
130	4.055927E-01	4.207490E-01	2.650835E-01	
131	4.137069E-01	4.242093E-01	2.677999E-01	
132	4.145381E-01	4.305769E-01	2.734069E-01	
133	4.221609E-01	4.340143E-01	2.727071E-01	
134	4.284758E-01	4.402394E-01	2.769547E-01	
135	4.345346E-01	4.463130E-01	2.794153E-01	
136	4.379035E-01	4.519746E-01	2.821271E-01	
137	4.422006E-01	4.530507E-01	2.860239E-01	
138	4.486384E-01	4.609891E-01	2.883824E-01	
139	4.556220E-01	4.634836E-01	2.927485E-01	
140	4.589371E-01	4.695726E-01	2.944465E-01	
141	4.669664E-01	4.753550E-01	2.975035E-01	
142	4.749673E-01	4.815490E-01	3.032895E-01	
143	4.783923E-01	4.866554E-01	3.045404E-01	
144	4.846526E-01	4.884770E-01	3.089749E-01	
145	4.894135E-01	4.964437E-01	3.106880E-01	
146	4.979276E-01	4.986480E-01	3.131964E-01	
147	5.057256E-01	5.068712E-01	3.181580E-01	
148	5.096844E-01	5.132024E-01	3.212107E-01	
149	5.127104E-01	5.157127E-01	3.233532E-01	
150	5.203181E-01	5.223733E-01	3.260662E-01	
151	5.285181E-01	5.253740E-01	3.299517E-01	
152	5.340723E-01	5.311881E-01	3.350345E-01	
153	5.382898E-01	5.384369E-01	3.350322E-01	
154	5.431405E-01	5.413620E-01	3.387997E-01	
155	5.531733E-01	5.504805E-01	3.433420E-01	
156	5.580226E-01	5.523332E-01	3.484266E-01	
157	5.621189E-01	5.578373E-01	3.521738E-01	
158	5.667336E-01	5.615256E-01	3.492380E-01	
159	5.703972E-01	5.671055E-01	3.548677E-01	
160	5.775120E-01	5.710997E-01	3.570208E-01	
161	5.831276E-01	5.774100E-01	3.576601E-01	
162	5.949009E-01	5.801992E-01	3.625187E-01	
163	5.941812E-01	5.826256E-01	3.651768E-01	
164	6.027174E-01	5.861849E-01	3.684287E-01	
165	6.102450E-01	5.976078E-01	3.682553E-01	
166	6.128966E-01	6.040835E-01	3.716463E-01	
167	6.200125E-01	6.072210E-01	3.722872E-01	
168	6.235300E-01	6.081790E-01	3.753807E-01	
169	6.277082E-01	6.136286E-01	3.777261E-01	
170	6.340261E-01	6.189272E-01	3.778480E-01	
171	6.352889E-01	6.225606E-01	3.823839E-01	
172	6.415481E-01	6.222305E-01	3.826051E-01	
173	6.507525E-01	6.244616E-01	3.879864E-01	
174	6.511895E-01	6.228619E-01	3.871179E-01	
175	6.629732E-01	6.279612E-01	3.862790E-01	
176	6.647181E-01	6.171621E-01	3.904969E-01	
177	6.730814E-01	6.175475E-01	3.873678E-01	
178	6.739962E-01	6.219950E-01	3.923371E-01	
179	6.836992E-01	6.196543E-01	3.916770E-01	
180	6.782322E-01	6.275649E-01	3.929685E-01	
181	6.949228E-01	6.208545E-01	3.891020E-01	
182	7.021913E-01	6.298531E-01	3.899683E-01	
183	6.974199E-01	6.229042E-01	3.902266E-01	
184	7.022454E-01	6.124981E-01	3.925292E-01	
185	7.009047E-01	6.246072E-01	3.963549E-01	
186	7.134610E-01	6.245887E-01	3.909873E-01	
187	7.044963E-01	6.222869E-01	3.936702E-01	
188	7.145404E-01	6.097693E-01	3.907595E-01	
189	7.306825E-01	6.206603E-01	3.937199E-01	
190	7.296584E-01	6.192064E-01	3.920309E-01	
191	7.212763E-01	6.019511E-01	3.912351E-01	
192	7.325788E-01	6.056516E-01	3.914647E-01	
193	7.378244E-01	6.065077E-01	3.873159E-01	
194	7.335807E-01	5.813221E-01	3.920433E-01	
195	7.283500E-01	6.018970E-01	3.900007E-01	
196	7.401947E-01	5.885867E-01	3.880967E-01	
197	7.460326E-01	6.056614E-01	3.879417E-01	
198	7.448490E-01	5.864397E-01	3.833666E-01	
199	7.492906E-01	5.879543E-01	3.837024E-01	
200	7.475812E-01	5.772970E-01	3.809140E-01	
201	7.660811E-01	5.906750E-01	3.799978E-01	
202	7.794671E-01	5.679917E-01	3.780701E-01	
203	7.852734E-01	5.739833E-01	3.734512E-01	
204	7.934311E-01	5.655699E-01	3.773448E-01	
205	7.951511E-01	5.535186E-01	3.758615E-01	
206	7.743214E-01	5.597058E-01	3.723304E-01	
207	7.693153E-01	5.614441E-01	3.708847E-01	
208	7.755628E-01	5.345188E-01	3.701826E-01	
209	7.570398E-01	5.273182E-01	3.695862E-01	
210	7.653648E-01	5.398395E-01	3.685751E-01	
211	7.986057E-01	4.968698E-01	3.706223E-01	
212	7.745362E-01	5.054371E-01	3.636027E-01	
213	7.633125E-01	4.957675E-01	3.666446E-01	
214	7.697387E-01	5.071777E-01	3.652732E-01	
215	7.756466E-01	4.840416E-01	3.648030E-01	
216	7.834308E-01	4.912189E-01	3.656073E-01	
217	7.091688E-01	4.673402E-01	3.624035E-01	
218	7.686967E-01	4.781467E-01	3.582440E-01	
219	7.067387E-01	4.546258E-01	3.585891E-01	
220	7.808977E-01	4.537036E-01	3.595173E-01	
221	7.515871E-01	4.720766E-01	3.561085E-01	
222	7.310355E-01	4.440880E-01	3.594093E-01	
223	7.380476E-01	4.173652E-01	3.547682E-01	
224	7.248479E-01	4.526165E-01	3.577384E-01	
225	8.016767E-01	4.171509E-01	3.538009E-01	
226	7.416231E-01	4.212784E-01	3.541334E-01	
227	7.410771E-01	4.111988E-01	3.467767E-01	
228	7.283189E-01	4.370864E-01	3.506660E-01	
229	7.873482E-01	4.136750E-01	3.487660E-01	
230	7.714549E-01	4.253686E-01	3.450730E-01	
231	7.491631E-01	3.966709E-01	3.453887E-01	
232	7.326196E-01	4.037510E-01	3.431980E-01	
233	7.614232E-01	4.073405E-01	3.454412E-01	
234	7.670846E-01	3.965011E-01	3.397392E-01	
235	7.481473E-01	4.155033E-01	3.416560E-01	
236	7.567034E-01	4.062439E-01	3.393286E-01	
237	6.869773E-01	3.669507E-01	3.397474E-01	
238	5.724875E-01	4.003156E-01	3.388409E-01	
239	6.450032E-01	3.711316E-01	3.382148E-01	
240	6.408382E-01	3.880473E-01	3.413545E-01	
241	6.858476E-01	3.830176E-01	3.365154E-01	
242	6.877475E-01	3.505952E-01	3.333511E-01	
243	6.770937E-01	3.945212E-01	3.371710E-01	
244	6.607372E-01	3.567451E-01	3.349795E-01	
245	5.669141E-01	3.683067E-01	3.310904E-01	
246	6.502390E-01	3.807121E-01	3.348560E-01	
247	6.302671E-01	3.592646E-01	3.322251E-01	
248	5.693671E-01	3.370620E-01	3.338636E-01	
249	5.955825E-01	3.727796E-01	3.315427E-01	
250	4.276244E-01	3.603312E-01	3.302434E-01	
251	6.125903E-01	3.622361E-01	3.312420E-01	
252	5.443773E-01	3.449234E-01	3.291558E-01	
253	5.118971E-01	3.416306E-01	3.311010E-01	
254	4.664514E-01	3.493191E-01	3.295614E-01	
255	5.088371E-01	3.540376E-01	3.296387E-01	
256	4.322925E-01	3.333180E-01	3.259646E-01	
257	4.854544E-01	3.521052E-01	3.282158E-01	
258	4.501326E-01	3.747953E-01	3.277302E-01	
259	3.582258E-01	3.233644E-01	3.276779E-01	
260	4.117165E-01	3.254449E-01	3.264087E-01	
261	4.245911E-01	3.257040E-01	3.241412E-01	
262	4.743526E-01	3.414853E-01	3.242818E-01	
263	3.946503E-01	3.415246E-01	3.220788E-01	
264	3.963203E-01	3.280177E-01	3.185672E-01	
265	3.099945E-01	3.163267E-01	3.179334E-01	
266	3.451539E-01	3.416465E-01	3.198541E-01	
267	3.802726E-01	3.355450E-01	3.174300E-01	
268	2.684233E-01	3.352263E-01	3.144485E-01	
269	3.636035E-01	3.219949E-01	3.110484E-01	
270	2.883944E-01	3.270354E-01	3.101556E-01	
271	2.376566E-01	3.261752E-01	3.141785E-01	
272	2.740268E-01	3.106502E-01	3.100652E-01	
273	2.434591E-01	3.223641E-01	3.086089E-01	
274	3.154801E-01	3.533880E-01	3.111410E-01	
275	3.235394E-01	3.203608E-01	3.110995E-01	
276	2.963403E-01	3.300637E-01	3.025681E-01	
277	2.835655E-01	3.214482E-01	3.056521E-01	
278	3.468079E-01	3.301232E-01	3.057728E-01	
279	3.029474E-01	3.248832E-01	3.010530E-01	
280	2.608434E-01	3.258997E-01	3.029318E-01	
281	2.636905E-01	3.098225E-01	2.995565E-01	
282	3.067104E-01	3.150675E-01	2.962456E-01	
283	2.456733E-01	3.243606E-01	2.986877E-01	
284	2.661105E-01	3.014897E-01	2.942718E-01	
285	2.486227E-01	3.125782E-01	2.977024E-01	
286	2.182545E-01	2.968288E-01	2.955705E-01	
287	1.879396E-01	3.246474E-01	2.947747E-01	
288	2.025977E-01	3.042196E-01	2.956557E-01	
289	2.060362E-01	2.969515E-01	2.942578E-01	
290	1.848929E-01	2.950283E-01	2.934345E-01	
291	1.930417E-01	3.050442E-01	2.969820E-01	
292	1.854823E-01	3.085914E-01	2.946336E-01	
293	2.183819E-01	2.958414E-01	2.906321E-01	
294	2.285501E-01	3.131124E-01	2.946795E-01	
295	2.465459E-01	3.178429E-01	2.925485E-01	
296	1.897966E-01	3.106445E-01	2.899058E-01	
297	2.395782E-01	3.247159E-01	2.914819E-01	
298	2.562992E-01	3.062697E-01	2.904155E-01	
299	2.039020E-01	3.108596E-01	2.888226E-01	
300	2.550874E-01	3.145250E-01	2.926036E-01	
301	2.650375E-01	3.046060E-01	2.899453E-01	
302	3.208062E-01	3.122528E-01	2.893252E-01	
303	2.889785E-01	3.336759E-01	2.905819E-01	
304	2.776181E-01	3.130515E-01	2.894432E-01	
305	3.211826E-01	3.166248E-01	2.890547E-01	
306	3.088353E-01	3.308816E-01	2.883329E-01	
307	2.726972E-01	3.073633E-01	2.888276E-01	
308	2.604873E-01	3.254291E-01	2.891889E-01	
309	3.183555E-01	3.325951E-01	2.876516E-01	
310	3.328087E-01	3.447403E-01	2.888172E-01	
311	3.369550E-01	3.472689E-01	2.882451E-01	
312	3.445425E-01	3.281678E-01	2.878811E-01	
313	3.676269E-01	3.123701E-01	2.842286E-01	
314	4.482235E-01	3.255550E-01	2.915682E-01	
315	3.961070E-01	3.403331E-01	2.874333E-01	
316	3.490035E-01	3.170947E-01	2.875505E-01	
317	3.306415E-01	3.110435E-01	2.902966E-01	
318	3.489405E-01	3.291629E-01	2.870432E-01	
319	3.517542E-01	3.106906E-01	2.917794E-01	
320	3.215297E-01	3.023019E-01	2.877513E-01	
321	3.857139E-01	3.051117E-01	2.917270E-01	
322	3.187728E-01	3.042005E-01	2.903169E-01	
323	3.294009E-01	3.021684E-01	2.912250E-01	
324	3.603846E-01	3.051203E-01	2.887731E-01	
325	4.253464E-01	3.132715E-01	2.917205E-01	
326	3.997791E-01	2.919351E-01	2.906609E-01	
327	3.186897E-01	3.207181E-01	2.905120E-01	
328	3.490318E-01	3.210365E-01	2.921091E-01	
329	4.386682E-01	3.049013E-01	2.907121E-01	
330	4.514046E-01	2.856783E-01	2.872003E-01	
331	5.235732E-01	2.899952E-01	2.912788E-01	
332	3.693938E-01	2.891231E-01	2.892211E-01	
333	3.649948E-01	3.008943E-01	2.894130E-01	
334	3.672242E-01	2.858255E-01	2.922218E-01	
335	3.563882E-01	2.905171E-01	2.896517E-01	
336	4.340370E-01	3.050963E-01	2.905031E-01	
337	3.645354E-01	2.953568E-01	2.894313E-01	
338	4.213144E-01	3.066570E-01	2.862892E-01	
339	4.084062E-01	2.998020E-01	2.915696E-01	
340	3.957612E-01	3.074715E-01	2.881963E-01	
341	4.301111E-01	3.186673E-01	2.865183E-01	
342	4.033861E-01	2.973947E-01	2.906556E-01	
343	3.967006E-01	2.942131E-01	2.879653E-01	
344	4.201026E-01	2.914463E-01	2.881184E-01	
345	4.278269E-01	2.855655E-01	2.882233E-01	
346	4.078442E-01	3.118481E-01	2.879562E-01	
347	3.818673E-01	3.017255E-01	2.879164E-01	
348	3.620800E-01	2.826101E-01	2.879841E-01	
349	4.984133E-01	2.961842E-01	2.874039E-01	
350	3.608080E-01	2.850879E-01	2.882538E-01	
351	3.326125E-01	3.021083E-01	2.896165E-01	
352	4.552570E-01	2.741728E-01	2.889687E-01	
353	2.471328E-01	2.762220E-01	2.875244E-01	
354	3.472357E-01	2.923895E-01	2.907520E-01	
355	4.185198E-01	2.841103E-01	2.887446E-01	
356	2.607378E-01	2.904133E-01	2.899399E-01	
357	1.181130E-01	2.765667E-01	2.894355E-01	
358	2.414528E-01	2.799861E-01	2.868300E-01	
359	2.292968E-01	2.847627E-01	2.855142E-01	
360	2.101899E-01	2.858349E-01	2.884534E-01	
361	2.283150E-01	2.886377E-01	2.858501E-01	
362	1.815738E-01	2.779662E-01	2.832206E-01	
363	1.667814E-01	2.670245E-01	2.841940E-01	
364	3.892771E-01	2.858340E-01	2.852655E-01	
365	3.825011E-01	2.908443E-01	2.837930E-01	
366	4.230597E-01	2.905808E-01	2.828968E-01	
367	4.748518E-01	2.880380E-01	2.828978E-01	
368	5.156581E-01	2.987320E-01	2.841870E-01	
369	4.683091E-01	2.712245E-01	2.851520E-01	
370	5.156208E-01	2.931475E-01	2.827345E-01	
371	6.175396E-01	2.679297E-01	2.806982E-01	
372	4.837275E-01	2.663740E-01	2.843398E-01	
373	5.105082E-01	2.630795E-01	2.833548E-01	
374	5.219711E-01	2.598283E-01	2.816505E-01	
375	5.518194E-01	2.488631E-01	2.836190E-01	
376	4.943418E-01	2.556069E-01	2.825484E-01	
377	6.116453E-01	2.727502E-01	2.815559E-01	
378	5.504817E-01	2.574972E-01	2.852485E-01	
379	6.006855E-01	2.637844E-01	2.810574E-01	
380	5.615230E-01	2.594804E-01	2.824155E-01	
381	5.722399E-01	2.599194E-01	2.850503E-01	
382	6.085069E-01	2.385211E-01	2.817925E-01	
383	5.406182E-01	2.635474E-01	2.837278E-01	
384	6.192687E-01	2.695299E-01	2.810515E-01	
385	5.566817E-01	2.382108E-01	2.773385E-01	
386	5.706109E-01	2.702076E-01	2.854213E-01	
387	5.280535E-01	2.770205E-01	2.811731E-01	
388	5.735627E-01	2.400018E-01	2.822514E-01	
389	5.782338E-01	2.759499E-01	2.819736E-01	
390	4.034023E-01	2.624585E-01	2.801137E-01	
391	4.443388E-01	2.612276E-01	2.760072E-01	
392	4.748481E-01	2.700375E-01	2.814631E-01	
393	2.891110E-01	2.755187E-01	2.793516E-01	
394	4.501541E-01	2.813824E-01	2.786604E-01	
395	4.711220E-01	2.779248E-01	2.806292E-01	
396	3.277199E-01	2.846675E-01	2.815565E-01	
397	4.524352E-01	2.782531E-01	2.818641E-01	
398	3.816976E-01	2.676228E-01	2.798247E-01	
399	2.477907E-01	2.563876E-01	2.832591E-01	
400	3.012788E-01	2.586630E-01	2.787768E-01	
401	3.685797E-01	2.806638E-01	2.810757E-01	
402	2.456211E-01	2.454055E-01	2.843736E-01	
403	2.706161E-01	2.636923E-01	2.809275E-01	
404	2.444133E-01	2.752782E-01	2.817883E-01	
405	2.946816E-01	2.640192E-01	2.860213E-01	
406	2.608041E-01	2.728089E-01	2.829069E-01	
407	2.892742E-01	2.631866E-01	2.912605E-01	
408	1.992320E-01	2.933019E-01	2.849762E-01	
409	2.643925E-01	2.929969E-01	2.860077E-01	
410	2.859551E-01	2.741347E-01	2.926236E-01	
411	1.736111E-01	2.672412E-01	2.862353E-01	
412	2.125835E-01	2.933104E-01	2.870198E-01	
413	2.807478E-01	2.833304E-01	2.934173E-01	
414	1.933932E-01	2.948599E-01	2.910714E-01	
415	1.847945E-01	2.935117E-01	2.935827E-01	
416	2.286937E-01	2.873061E-01	2.927169E-01	
417	1.779907E-01	2.898771E-01	2.905406E-01	
418	1.163036E-01	2.954695E-01	2.994075E-01	
419	1.108577E-01	2.858804E-01	2.969722E-01	
420	1.626837E-01	3.086700E-01	2.993372E-01	
421	1.131885E-01	3.214680E-01	2.960621E-01	
422	1.772043E-01	3.271255E-01	2.958146E-01	
423	1.439704E-01	2.915719E-01	2.975489E-01	
424	1.494776E-01	3.150563E-01	2.944035E-01	
425	1.608592E-01	3.628407E-01	2.996193E-01	
426	1.632777E-01	3.427668E-01	2.965507E-01	
427	1.831767E-01	3.214323E-01	2.950205E-01	
428	1.985438E-01	3.063202E-01	2.922414E-01	
429	2.104820E-01	3.167023E-01	2.894713E-01	
430	2.002672E-01	2.851716E-01	2.898554E-01	
431	2.248089E-01	3.245552E-01	2.937389E-01	
432	2.130289E-01	2.990438E-01	2.938944E-01	
433	2.127873E-01	3.099338E-01	2.974256E-01	
434	2.389366E-01	2.831155E-01	2.950592E-01	
435	2.241374E-01	3.028280E-01	2.896278E-01	
436	2.513986E-01	3.009458E-01	3.006124E-01	
437	2.893026E-01	2.771454E-01	2.967083E-01	
438	2.139624E-01	2.760183E-01	2.967050E-01	
439	2.814604E-01	2.442101E-01	2.917545E-01	
440	2.148271E-01	2.975550E-01	3.028553E-01	
441	2.442811E-01	2.572297E-01	2.935632E-01	
442	1.971750E-01	2.834536E-01	2.967168E-01	
443	2.342267E-01	2.467806E-01	2.895884E-01	
444	2.749236E-01	2.907879E-01	2.991035E-01	
445	2.863781E-01	3.220784E-01	2.985348E-01	
446	2.521618E-01	2.376901E-01	2.901507E-01	
447	2.880700E-01	2.891447E-01	2.883650E-01	
448	2.830322E-01	2.082590E-01	2.865262E-01	
449	2.064192E-01	3.310724E-01	2.950251E-01	
450	2.607884E-01	2.411618E-01	2.872284E-01	
451	2.289178E-01	2.637024E-01	2.809458E-01	
452	2.508542E-01	2.625438E-01	2.933207E-01	
453	2.448842E-01	2.141060E-01	2.852492E-01	
454	1.441178E-01	2.633317E-01	3.034529E-01	
455	2.064420E-01	2.361093E-01	2.855255E-01	
456	2.630819E-01	2.808372E-01	2.950735E-01	
457	2.286328E-01	3.287747E-01	2.929792E-01	
458	3.030191E-01	2.766454E-01	3.057153E-01	
459	1.621216E-01	2.757909E-01	3.037630E-01	
460	3.775206E-01	2.498083E-01	2.988633E-01	
461	2.953333E-01	3.266185E-01	3.182470E-01	
462	2.995139E-01	3.280457E-01	2.963244E-01	
463	2.960950E-01	2.806666E-01	3.363501E-01	
464	2.720291E-01	2.827228E-01	3.106800E-01	
465	4.916749E-01	2.650011E-01	3.263473E-01	
466	1.794987E-01	4.397624E-01	3.086848E-01	
467	4.587438E-01	2.367241E-01	3.222789E-01	
468	4.698755E-01	2.958665E-01	3.293134E-01	
469	4.395897E-01	2.775804E-01	3.106469E-01	
470	0	2.412475E-01	3.536360E-01	
471	0	3.178318E-01	3.069115E-01	
472	0	2.581541E-01	3.425086E-01	
473	0	2.863856E-01	3.085043E-01	
474	0	2.400192E-01	3.349994E-01	
475	0	3.795900E-01	3.309579E-01	
476	0	3.472165E-01	3.177228E-01	
477	0	3.833063E-01	3.802827E-01	
478	0	3.561324E-01	3.048521E-01	
479	0	4.553005E-01	3.618338E-01	
480	0	2.877295E-01	3.103468E-01	
481	0	2.845050E-01	3.387747E-01	
482	0	2.762543E-01	3.281139E-01	
483	0	3.334659E-01	3.369563E-01	
484	0	1.056544E-01	4.173173E-01	
485	0	4.095588E-01	3.360388E-01	
486	0	3.296385E-01	4.297641E-01	
487	0	4.455582E-01	3.496525E-01	
488	0	3.150004E-01	4.331776E-01	
489	0	3.936152E-01	3.417909E-01	
490	0	5.351958E-01	3.989566E-01	
491	0	3.564303E-01	3.915115E-01	
492	0	4.897260E-01	3.885633E-01	
493	0	5.352255E-01	4.681944E-01	
494	0	4.319471E-01	4.120219E-01	
495	0	5.586243E-01	4.974942E-01	
496	0	3.434904E-01	4.239450E-01	
497	0	5.227376E-01	5.059827E-01	
498	0	4.922553E-01	4.261161E-01	
499	0	2.775981E-01	4.709522E-01	
500	0	0	0	
501	0	3.362888E-01	4.689910E-01	
502	0	0	0	
503	0	3.882046E-01	4.889002E-01	
504	0	0	0	
505	0	5.705363E-01	5.136422E-01	
506	0	0	5.552318E-01	
507	0	0	0	
508	0	4.831221E-01	5.209438E-01	
509	0	0	0	
510	0	0	5.530909E-01	
511	0	0	0	
512	0	0	6.121625E-01	
513	0	0	0	
514	0	0	0	
515	0	0	6.378534E-01	
516	0	0	0	
517	0	0	6.761151E-01	
518	0	0	0	
519	0	0	7.716063E-01	
520	0	0	0	
521	0	0	0	
522	0	0	0	
523	0	0	0	
524	0	0	0	
525	0	0	0	
526	0	0	0	
527	0	0	0	
528	0	0	0	
529	0	0	0	
530	0	0	0	
531	0	0	0	
532	0	0	0	
533	0	0	0	
534	0	0	0	
535	0	0	0	
536	0	0	0	
537	0	0	0	
538	0	0	0	
539	0	0	0	
540	0	0	0	
541	0	0	0	
542	0	0	0	
543	0	0	0	
544	0	0	0	
545	0	0	0	
546	0	0	0	
547	0	0	0	
548	0	0	0	
549	0	0	0	
550	0	0	0	
551	0	0	0	
552	0	0	0	
553	0	0	0	
554	0	0	0	
555	0	0	0	
556	0	0	0	
557	0	0	0	
558	0	0	0	
559	0	0	0	
560	0	0	0	
561	0	0	0	
562	0	0	0	
563	0	0	0	
564	0	0	0	
565	0	0	0	
566	0	0	0	
567	0	0	0	
568	0	0	0	
569	0	0	0	
570	0	0	0	
571	0	0	0	
572	0	0	0	
573	0	0	0	
574	0	0	0	
575	0	0	0	
576	0	0	0	
577	0	0	0	
578	0	0	0	
579	0	0	0	
580	0	0	0	
581	0	0	0	
582	0	0	0	
583	0	0	0	
584	0	0	0	
585	0	0	0	
586	0	0	0	
587	0	0	0	
588	0	0	0	
589	0	0	0	
590	0	0	0	
591	0	0	0	
592	0	0	0	
593	0	0	0	
594	0	0	0	
595	0	0	0	
596	0	0	0	
597	0	0	0	
598	0	0	0	
599	0	0	0	
#NewRun
0	0	0	0	
1	0	0	0	
2	0	0	0	
3	0	0	0	
4	3.275591E-01	3.378611E-01	6.402116E-01	
5	3.318992E-01	3.215466E-01	3.099122E-01	
6	3.349881E-01	3.090155E-01	1.793349E-01	
7	0	0	0	
8	3.341855E-01	3.273363E-01	1.953084E-01	
9	3.384611E-01	3.289328E-01	2.445075E-01	
10	0	0	0	
11	3.285721E-01	3.285991E-01	2.499001E-01	
12	3.354187E-01	3.266300E-01	2.116367E-01	
13	3.329856E-01	3.282713E-01	2.391225E-01	
14	3.326416E-01	3.309976E-01	2.755034E-01	
15	0	0	0	
16	3.380736E-01	3.282287E-01	3.917022E-01	
17	3.268038E-01	3.301306E-01	3.385433E-01	
18	3.342993E-01	3.243765E-01	3.285617E-01	
19	3.376054E-01	3.288899E-01	3.007954E-01	
20	3.326241E-01	3.264682E-01	3.572425E-01	
21	3.356536E-01	3.291889E-01	3.894816E-01	
22	3.287457E-01	3.251780E-01	3.968907E-01	
23	3.286304E-01	3.298575E-01	3.821300E-01	
24	3.318457E-01	3.271171E-01	3.887967E-01	
25	3.309544E-01	3.298078E-01	3.892968E-01	
26	3.293250E-01	3.293768E-01	4.222640E-01	
27	3.285039E-01	3.266627E-01	4.733751E-01	
28	3.291956E-01	3.317980E-01	3.972761E-01	
29	3.287272E-01	3.290391E-01	4.031428E-01	
30	3.287877E-01	3.281815E-01	4.044120E-01	
31	3.297220E-01	3.279636E-01	4.431698E-01	
32	3.297983E-01	3.281039E-01	3.948719E-01	
33	3.308717E-01	3.293935E-01	3.918840E-01	
34	3.268767E-01	3.295651E-01	4.206382E-01	
35	3.256410E-01	3.282045E-01	4.265606E-01	
36	3.280108E-01	3.275386E-01	4.227730E-01	
37	3.290798E-01	3.296226E-01	3.998619E-01	
38	3.236329E-01	3.263627E-01	4.245018E-01	
39	3.259863E-01	3.279420E-01	4.241434E-01	
40	3.252343E-01	3.268378E-01	4.108868E-01	
41	3.240429E-01	3.290018E-01	4.081262E-01	
42	3.237728E-01	3.308565E-01	4.255415E-01	
43	3.265737E-01	3.276358E-01	4.134873E-01	
44	3.243973E-01	3.260059E-01	3.922810E-01	
45	3.234724E-01	3.243488E-01	3.886855E-01	
46	3.228920E-01	3.246535E-01	3.950168E-01	
47	3.208724E-01	3.221389E-01	4.116753E-01	
48	3.222828E-01	3.232875E-01	3.972600E-01	
49	3.240778E-01	3.206512E-01	3.647419E-01	
50	3.209285E-01	3.201679E-01	3.769242E-01	
51	3.208244E-01	3.184500E-01	3.758250E-01	
52	3.208171E-01	3.212416E-01	3.737068E-01	
53	3.209767E-01	3.190909E-01	3.569763E-01	
54	3.192441E-01	3.173666E-01	3.759555E-01	
55	3.173479E-01	3.202587E-01	3.770366E-01	
56	3.190169E-01	3.157580E-01	3.567627E-01	
57	3.165714E-01	3.154446E-01	3.571509E-01	
58	3.140676E-01	3.145933E-01	3.827165E-01	
59	3.161994E-01	3.148777E-01	3.545133E-01	
60	3.157049E-01	3.121287E-01	3.610497E-01	
61	3.162800E-01	3.122460E-01	3.543666E-01	
62	3.141808E-01	3.105884E-01	3.452337E-01	
63	3.132232E-01	3.098147E-01	3.569399E-01	
64	3.126230E-01	3.091893E-01	3.648146E-01	
65	3.109311E-01	3.079604E-01	3.426813E-01	
66	3.100257E-01	3.074059E-01	3.363832E-01	
67	3.104905E-01	3.074020E-01	3.507569E-01	
68	3.088505E-01	3.066416E-01	3.437073E-01	
69	3.090778E-01	3.046737E-01	3.449317E-01	
70	3.069914E-01	3.034706E-01	3.340355E-01	
71	3.042275E-01	3.053068E-01	3.307959E-01	
72	3.054772E-01	3.045636E-01	3.333467E-01	
73	3.037823E-01	3.032547E-01	3.269917E-01	
74	3.020315E-01	3.031957E-01	3.214019E-01	
75	3.040151E-01	3.034317E-01	3.212634E-01	
76	3.020758E-01	3.019939E-01	3.186196E-01	
77	3.009571E-01	3.027029E-01	3.185507E-01	
78	3.008083E-01	3.029138E-01	3.132701E-01	
79	2.989628E-01	3.011711E-01	3.036331E-01	
80	2.998043E-01	3.009546E-01	3.114304E-01	
81	2.990174E-01	3.011174E-01	3.086020E-01	
82	2.978235E-01	3.002852E-01	3.000722E-01	
83	2.985936E-01	3.004049E-01	2.963339E-01	
84	2.970084E-01	3.011040E-01	2.976698E-01	
85	2.968790E-01	3.015193E-01	2.903930E-01	
86	2.975627E-01	3.003591E-01	2.906581E-01	
87	2.975397E-01	3.011851E-01	2.870355E-01	
88	2.966014E-01	3.003285E-01	2.823438E-01	
89	2.973813E-01	3.016129E-01	2.777298E-01	
90	2.956633E-01	3.015524E-01	2.747257E-01	
91	2.964785E-01	3.015555E-01	2.761857E-01	
92	2.991829E-01	3.027233E-01	2.745278E-01	
93	2.974361E-01	3.034268E-01	2.701750E-01	
94	2.982874E-01	3.045661E-01	2.744475E-01	
95	2.996555E-01	3.053278E-01	2.701453E-01	
96	2.994574E-01	3.061525E-01	2.648522E-01	
97	3.023178E-01	3.076469E-01	2.673114E-01	
98	3.031992E-01	3.075572E-01	2.616538E-01	
99	3.054453E-01	3.106711E-01	2.610506E-01	
100	3.054330E-01	3.107337E-01	2.585735E-01	
101	3.083600E-01	3.142548E-01	2.566090E-01	
102	3.098764E-01	3.161701E-01	2.543144E-01	
103	3.124713E-01	3.164895E-01	2.528881E-01	
104	3.144179E-01	3.211802E-01	2.509215E-01	
105	3.168866E-01	3.217212E-01	2.508235E-01	
106	3.194462E-01	3.240329E-01	2.497931E-01	
107	3.196790E-01	3.266050E-01	2.501161E-01	
108	3.241420E-01	3.308109E-01	2.478493E-01	
109	3.256107E-01	3.333700E-01	2.477942E-01	
110	3.297255E-01	3.364606E-01	2.481062E-01	
111	3.314042E-01	3.395298E-01	2.466898E-01	
112	3.352523E-01	3.426923E-01	2.465584E-01	
113	3.380883E-01	3.456486E-01	2.476628E-01	
114	3.436888E-01	3.510273E-01	2.466389E-01	
115	3.467926E-01	3.543900E-01	2.472137E-01	
116	3.501248E-01	3.584511E-01	2.468194E-01	
117	3.526962E-01	3.625093E-01	2.472663E-01	
118	3.567205E-01	3.680709E-01	2.489281E-01	
119	3.613056E-01	3.709041E-01	2.470656E-01	
120	3.652499E-01	3.749270E-01	2.492819E-01	
121	3.697417E-01	3.808239E-01	2.509957E-01	
122	3.743925E-01	3.848626E-01	2.517443E-01	
123	3.784139E-01	3.899080E-01	2.528653E-01	
124	3.827799E-01	3.942993E-01	2.544962E-01	
125	3.875460E-01	3.990013E-01	2.552620E-01	
126	3.922414E-01	4.056146E-01	2.580492E-01	
127	3.965198E-01	4.101163E-01	2.605477E-01	
128	4.019901E-01	4.159076E-01	2.596619E-01	
129	4.069535E-01	4.199721E-01	2.651590E-01	
130	4.131385E-01	4.241974E-01	2.653719E-01	
131	4.168015E-01	4.319111E-01	2.678517E-01	
132	4.228131E-01	4.341880E-01	2.727215E-01	
133	4.307503E-01	4.424139E-01	2.728852E-01	
134	4.349544E-01	4.462098E-01	2.785769E-01	
135	4.386135E-01	4.546221E-01	2.802175E-01	
136	4.441947E-01	4.590883E-01	2.829842E-01	
137	4.484883E-01	4.633933E-01	2.850918E-01	
138	4.547797E-01	4.721741E-01	2.895783E-01	
139	4.619243E-01	4.756221E-01	2.911931E-01	
140	4.675748E-01	4.827159E-01	2.948135E-01	
141	4.734789E-01	4.850981E-01	2.976454E-01	
142	4.799059E-01	4.941281E-01	3.026197E-01	
143	4.857672E-01	5.007796E-01	3.025937E-01	
144	4.923307E-01	5.043358E-01	3.084694E-01	
145	5.001333E-01	5.100079E-01	3.113376E-01	
146	5.055675E-01	5.173242E-01	3.164972E-01	
147	5.093387E-01	5.208850E-01	3.184422E-01	
148	5.178969E-01	5.308559E-01	3.238287E-01	
149	5.237359E-01	5.326849E-01	3.282721E-01	
150	5.312913E-01	5.372089E-01	3.286787E-01	
151	5.364821E-01	5.406498E-01	3.336826E-01	
152	5.414586E-01	5.503592E-01	3.386188E-01	
153	5.516119E-01	5.539946E-01	3.415728E-01	
154	5.573325E-01	5.584597E-01	3.423247E-01	
155	5.628593E-01	5.605579E-01	3.473553E-01	
156	5.694576E-01	5.710867E-01	3.513830E-01	
157	5.791366E-01	5.757127E-01	3.542174E-01	
158	5.794264E-01	5.770550E-01	3.555911E-01	
159	5.892542E-01	5.815265E-01	3.599631E-01	
160	5.924303E-01	5.930484E-01	3.613586E-01	
161	6.031353E-01	5.991829E-01	3.660985E-01	
162	6.021046E-01	6.008160E-01	3.667322E-01	
163	6.163057E-01	6.003612E-01	3.672280E-01	
164	6.136265E-01	6.092527E-01	3.716965E-01	
165	6.196869E-01	6.122759E-01	3.729110E-01	
166	6.267315E-01	6.221409E-01	3.755911E-01	
167	6.256940E-01	6.138337E-01	3.805617E-01	
168	6.396620E-01	6.265775E-01	3.788629E-01	
169	6.432613E-01	6.179342E-01	3.834375E-01	
170	6.547157E-01	6.285531E-01	3.849595E-01	
171	6.512304E-01	6.323230E-01	3.871009E-01	
172	6.607694E-01	6.347059E-01	3.856869E-01	
173	6.640891E-01	6.277327E-01	3.891716E-01	
174	6.729760E-01	6.363390E-01	3.914623E-01	
175	6.760396E-01	6.272687E-01	3.931010E-01	
176	6.831654E-01	6.347071E-01	3.933179E-01	
177	6.871932E-01	6.366968E-01	3.959521E-01	
178	6.929874E-01	6.297910E-01	3.929285E-01	
179	6.914742E-01	6.279757E-01	3.948128E-01	
180	6.889297E-01	6.529649E-01	3.954132E-01	
181	7.073948E-01	6.275796E-01	3.952757E-01	
182	6.951475E-01	6.395975E-01	3.950891E-01	
183	7.050668E-01	6.368061E-01	3.978179E-01	
184	7.085163E-01	6.314756E-01	3.957496E-01	
185	7.097350E-01	6.368625E-01	3.923664E-01	
186	7.141889E-01	6.343797E-01	3.951401E-01	
187	7.204501E-01	6.327352E-01	3.939860E-01	
188	7.020715E-01	6.329865E-01	3.933923E-01	
189	7.085829E-01	6.477553E-01	3.907928E-01	
190	7.072748E-01	6.269422E-01	3.919292E-01	
191	7.164187E-01	6.516548E-01	3.884538E-01	
192	7.080159E-01	6.443956E-01	3.912630E-01	
193	7.276565E-01	6.296771E-01	3.879770E-01	
194	7.129757E-01	6.302711E-01	3.872235E-01	
195	7.275305E-01	6.347350E-01	3.851089E-01	
196	7.313456E-01	6.485260E-01	3.826724E-01	
197	7.185092E-01	6.262958E-01	3.823742E-01	
198	7.359498E-01	6.393081E-01	3.830808E-01	
199	7.393119E-01	6.241088E-01	3.835716E-01	
200	7.528423E-01	6.381384E-01	3.765423E-01	
201	7.512944E-01	6.090949E-01	3.790088E-01	
202	7.607083E-01	5.953205E-01	3.787490E-01	
203	7.558840E-01	5.979863E-01	3.781210E-01	
204	7.772346E-01	6.042649E-01	3.757640E-01	
205	7.599613E-01	5.975559E-01	3.779962E-01	
206	7.657674E-01	5.966672E-01	3.753088E-01	
207	7.889958E-01	5.786348E-01	3.720728E-01	
208	7.859003E-01	5.633094E-01	3.711317E-01	
209	7.781180E-01	5.692569E-01	3.708336E-01	
210	7.900274E-01	5.485561E-01	3.703650E-01	
211	7.944881E-01	5.482329E-01	3.666331E-01	
212	7.555101E-01	5.364984E-01	3.654294E-01	
213	7.462159E-01	5.240724E-01	3.669289E-01	
214	7.618617E-01	4.914594E-01	3.661456E-01	
215	7.450264E-01	5.174784E-01	3.621746E-01	
216	7.373851E-01	4.974876E-01	3.653787E-01	
217	7.145723E-01	5.023337E-01	3.620218E-01	
218	7.271037E-01	4.858105E-01	3.576175E-01	
219	6.990103E-01	4.772084E-01	3.603980E-01	
220	7.267919E-01	4.920388E-01	3.586166E-01	
221	7.687729E-01	4.713115E-01	3.581924E-01	
222	7.639601E-01	4.486925E-01	3.554126E-01	
223	7.774648E-01	4.520951E-01	3.569606E-01	
224	7.837583E-01	4.570857E-01	3.580187E-01	
225	7.866559E-01	4.302470E-01	3.564573E-01	
226	7.730922E-01	4.455042E-01	3.541718E-01	
227	8.332774E-01	4.248925E-01	3.522789E-01	
228	8.092934E-01	4.318820E-01	3.530444E-01	
229	7.773147E-01	4.367661E-01	3.515801E-01	
230	8.158303E-01	4.214273E-01	3.487257E-01	
231	8.394090E-01	4.180239E-01	3.513372E-01	
232	8.052115E-01	4.043910E-01	3.474037E-01	
233	8.105816E-01	4.375851E-01	3.470066E-01	
234	7.741532E-01	4.203052E-01	3.451599E-01	
235	8.040527E-01	4.000279E-01	3.479045E-01	
236	8.412339E-01	3.895347E-01	3.416649E-01	
237	7.923825E-01	4.154580E-01	3.442398E-01	
238	8.578916E-01	3.875913E-01	3.441181E-01	
239	8.678851E-01	3.656746E-01	3.440670E-01	
240	8.808508E-01	3.743961E-01	3.431805E-01	
241	8.782387E-01	3.647986E-01	3.392699E-01	
242	8.945861E-01	3.484295E-01	3.369804E-01	
243	8.682318E-01	3.785292E-01	3.378828E-01	
244	9.243051E-01	3.557478E-01	3.364360E-01	
245	9.122737E-01	3.594195E-01	3.338196E-01	
246	8.959119E-01	3.798698E-01	3.356770E-01	
247	9.179919E-01	3.651767E-01	3.343561E-01	
248	9.438816E-01	3.473453E-01	3.308812E-01	
249	9.139175E-01	3.632760E-01	3.314807E-01	
250	9.314081E-01	3.463113E-01	3.282759E-01	
251	9.514525E-01	3.305410E-01	3.284094E-01	
252	9.785260E-01	3.413761E-01	3.272049E-01	
253	9.637608E-01	3.346416E-01	3.263466E-01	
254	9.647382E-01	3.455377E-01	3.267945E-01	
255	9.934798E-01	3.472119E-01	3.242222E-01	
256	9.881061E-01	3.120195E-01	3.218665E-01	
257	9.731426E-01	3.433955E-01	3.240523E-01	
258	9.720076E-01	3.518909E-01	3.207824E-01	
259	9.597475E-01	3.114279E-01	3.207901E-01	
260	9.693636E-01	3.367231E-01	3.190829E-01	
261	9.660662E-01	3.076542E-01	3.195861E-01	
262	9.785669E-01	3.025908E-01	3.182677E-01	
263	9.893390E-01	3.521899E-01	3.201704E-01	
264	0	3.256472E-01	3.165109E-01	
265	9.845805E-01	2.996539E-01	3.123076E-01	
266	9.955717E-01	3.155035E-01	3.145392E-01	
267	9.850038E-01	3.109344E-01	3.177473E-01	
268	9.828260E-01	3.134556E-01	3.090585E-01	
269	9.702028E-01	2.995104E-01	3.091631E-01	
270	0	3.056250E-01	3.091382E-01	
271	9.799871E-01	2.988852E-01	3.085575E-01	
272	9.925044E-01	2.922448E-01	3.056023E-01	
273	9.765260E-01	3.163404E-01	3.044343E-01	
274	0	2.862761E-01	3.043092E-01	
275	9.945850E-01	3.066589E-01	3.040940E-01	
276	9.924775E-01	2.774182E-01	2.991605E-01	
277	9.855166E-01	2.882119E-01	3.014718E-01	
278	9.812267E-01	2.855798E-01	3.008361E-01	
279	9.629402E-01	3.135303E-01	3.011874E-01	
280	9.928731E-01	2.805319E-01	3.011194E-01	
281	9.873319E-01	2.930943E-01	2.970534E-01	
282	0	3.047824E-01	2.988987E-01	
283	9.903474E-01	2.942507E-01	2.965864E-01	
284	9.839210E-01	2.946182E-01	2.943490E-01	
285	9.828626E-01	2.862808E-01	2.958919E-01	
286	9.814753E-01	3.045692E-01	2.949371E-01	
287	9.835593E-01	3.179310E-01	2.953600E-01	
288	9.856455E-01	2.884028E-01	2.889187E-01	
289	9.939514E-01	2.961549E-01	2.952624E-01	
290	0	2.929984E-01	2.918406E-01	
291	0	3.090082E-01	2.940256E-01	
292	0	2.865444E-01	2.888944E-01	
293	0	2.907007E-01	2.871835E-01	
294	0	2.900789E-01	2.922985E-01	
295	0	2.863996E-01	2.927643E-01	
296	0	2.852914E-01	2.914253E-01	
297	0	2.951587E-01	2.927134E-01	
298	0	2.920921E-01	2.923494E-01	
299	0	2.906418E-01	2.908889E-01	
300	0	2.989002E-01	2.928211E-01	
301	0	2.798533E-01	2.892561E-01	
302	0	2.834103E-01	2.926119E-01	
303	0	2.919362E-01	2.949083E-01	
304	0	2.852215E-01	2.914555E-01	
305	0	2.996842E-01	2.945853E-01	
306	0	2.841755E-01	2.918615E-01	
307	0	2.918535E-01	2.925781E-01	
308	0	3.028015E-01	2.928907E-01	
309	0	3.088833E-01	2.929289E-01	
310	0	2.749718E-01	2.934242E-01	
311	0	2.943383E-01	2.918658E-01	
312	0	2.937402E-01	2.935355E-01	
313	0	2.721575E-01	2.909504E-01	
314	0	3.111200E-01	2.963368E-01	
315	0	2.925877E-01	2.932085E-01	
316	0	2.659975E-01	2.925072E-01	
317	0	2.582047E-01	2.934864E-01	
318	0	3.000097E-01	2.916313E-01	
319	0	3.040535E-01	2.937025E-01	
320	0	2.767214E-01	2.906966E-01	
321	0	2.931820E-01	2.942014E-01	
322	0	2.754029E-01	2.912457E-01	
323	0	2.957539E-01	2.931994E-01	
324	0	2.824002E-01	2.892330E-01	
325	0	2.718823E-01	2.924118E-01	
326	0	2.879394E-01	2.880220E-01	
327	0	2.722948E-01	2.874095E-01	
328	0	2.721390E-01	2.935961E-01	
329	0	2.617398E-01	2.885689E-01	
330	0	2.675001E-01	2.884071E-01	
331	0	2.725525E-01	2.891095E-01	
332	0	2.707199E-01	2.877559E-01	
333	0	2.669699E-01	2.882020E-01	
334	0	2.557856E-01	2.869693E-01	
335	0	2.493297E-01	2.862849E-01	
336	0	2.621891E-01	2.907990E-01	
337	0	2.706615E-01	2.878512E-01	
338	0	2.697195E-01	2.895763E-01	
339	0	2.742141E-01	2.899811E-01	
340	0	2.686951E-01	2.923097E-01	
341	0	2.641303E-01	2.876762E-01	
342	0	2.650789E-01	2.892309E-01	
343	0	2.590178E-01	2.850665E-01	
344	0	2.549348E-01	2.884141E-01	
345	0	2.691175E-01	2.878464E-01	
346	0	2.749186E-01	2.853233E-01	
347	0	2.630002E-01	2.877216E-01	
348	0	2.690542E-01	2.866940E-01	
349	0	2.742768E-01	2.885753E-01	
350	0	2.707664E-01	2.883079E-01	
351	0	2.582918E-01	2.865049E-01	
352	0	2.545984E-01	2.873635E-01	
353	0	2.512698E-01	2.869644E-01	
354	0	2.807609E-01	2.886736E-01	
355	0	2.634168E-01	2.857809E-01	
356	0	2.602407E-01	2.835204E-01	
357	0	2.637842E-01	2.831727E-01	
358	0	2.409144E-01	2.852732E-01	
359	0	2.577208E-01	2.851634E-01	
360	0	2.600819E-01	2.846254E-01	
361	0	2.687135E-01	2.870012E-01	
362	0	2.777475E-01	2.863979E-01	
363	0	2.735863E-01	2.826933E-01	
364	0	2.762389E-01	2.818251E-01	
365	0	2.800867E-01	2.834130E-01	
366	0	2.532274E-01	2.810720E-01	
367	0	2.930816E-01	2.843327E-01	
368	0	2.614702E-01	2.803517E-01	
369	0	2.604783E-01	2.827673E-01	
370	0	2.657539E-01	2.819751E-01	
371	0	2.748196E-01	2.831147E-01	
372	0	2.706842E-01	2.832096E-01	
373	0	2.664590E-01	2.812454E-01	
374	0	2.541185E-01	2.817179E-01	
375	0	2.625993E-01	2.857938E-01	
376	0	2.762616E-01	2.819275E-01	
377	0	2.690561E-01	2.793773E-01	
378	0	2.710460E-01	2.823310E-01	
379	0	2.641726E-01	2.819115E-01	
380	0	2.669394E-01	2.789755E-01	
381	0	2.696237E-01	2.820427E-01	
382	0	2.541134E-01	2.807281E-01	
383	0	2.786773E-01	2.817794E-01	
384	0	2.805533E-01	2.836221E-01	
385	0	2.497415E-01	2.789059E-01	
386	0	2.760861E-01	2.860866E-01	
387	0	2.753684E-01	2.778019E-01	
388	0	2.562362E-01	2.817364E-01	
389	0	2.720471E-01	2.793358E-01	
390	0	2.664472E-01	2.764765E-01	
391	0	2.768429E-01	2.777501E-01	
392	0	2.630293E-01	2.758851E-01	
393	0	2.848209E-01	2.751311E-01	
394	0	2.827128E-01	2.749329E-01	
395	0	2.717384E-01	2.815896E-01	
396	0	2.990532E-01	2.767828E-01	
397	0	2.759954E-01	2.800764E-01	
398	0	3.035866E-01	2.770390E-01	
399	0	2.794749E-01	2.801794E-01	
400	0	3.117116E-01	2.798434E-01	
401	0	2.968951E-01	2.782546E-01	
402	0	2.959376E-01	2.824383E-01	
403	0	3.125177E-01	2.817585E-01	
404	0	3.053276E-01	2.849390E-01	
405	0	2.979439E-01	2.838761E-01	
406	0	3.145595E-01	2.829075E-01	
407	0	3.306743E-01	2.890102E-01	
408	0	2.806120E-01	2.834946E-01	
409	0	3.082321E-01	2.851004E-01	
410	0	2.708771E-01	2.893248E-01	
411	0	2.868439E-01	2.836784E-01	
412	0	2.670359E-01	2.830970E-01	
413	0	2.898370E-01	2.917999E-01	
414	0	3.113592E-01	2.876855E-01	
415	0	2.974952E-01	2.971766E-01	
416	0	2.816304E-01	2.976823E-01	
417	0	2.803025E-01	2.939645E-01	
418	0	3.145549E-01	3.031878E-01	
419	0	3.361420E-01	2.984743E-01	
420	0	2.948651E-01	2.964642E-01	
421	0	2.986351E-01	2.987154E-01	
422	0	3.515715E-01	3.023819E-01	
423	0	3.212594E-01	2.938072E-01	
424	0	3.234553E-01	2.958600E-01	
425	0	3.153107E-01	2.944625E-01	
426	0	3.016447E-01	2.958864E-01	
427	0	3.122672E-01	2.912838E-01	
428	0	3.465907E-01	2.945200E-01	
429	0	3.079432E-01	2.956638E-01	
430	0	2.915551E-01	2.908628E-01	
431	0	2.507619E-01	2.921417E-01	
432	0	3.012017E-01	3.010988E-01	
433	0	2.664042E-01	2.965739E-01	
434	0	2.788947E-01	2.922947E-01	
435	0	2.489919E-01	2.968326E-01	
436	0	2.426638E-01	3.032185E-01	
437	0	2.749009E-01	2.992487E-01	
438	0	2.963120E-01	3.091041E-01	
439	0	2.858555E-01	2.960742E-01	
440	0	3.158337E-01	3.059487E-01	
441	0	3.058427E-01	3.010414E-01	
442	0	2.583733E-01	3.060270E-01	
443	0	2.747090E-01	2.942532E-01	
444	0	3.124592E-01	3.072698E-01	
445	0	3.134879E-01	3.046582E-01	
446	0	3.208794E-01	2.967188E-01	
447	0	2.705727E-01	2.976209E-01	
448	0	2.734164E-01	2.941273E-01	
449	0	2.576240E-01	3.004897E-01	
450	0	2.681305E-01	2.913822E-01	
451	0	2.811755E-01	2.944061E-01	
452	0	2.803069E-01	3.031297E-01	
453	0	3.247314E-01	2.944020E-01	
454	0	2.541720E-01	2.966147E-01	
455	0	3.412213E-01	3.045398E-01	
456	0	2.348808E-01	2.967262E-01	
457	0	3.132673E-01	3.086909E-01	
458	0	2.514482E-01	3.155271E-01	
459	0	2.338835E-01	3.091346E-01	
460	0	3.207543E-01	3.006315E-01	
461	0	2.706435E-01	3.066381E-01	
462	0	3.402381E-01	2.994761E-01	
463	0	2.642030E-01	3.136341E-01	
464	0	2.637914E-01	2.998769E-01	
465	0	2.603926E-01	2.987581E-01	
466	0	2.734106E-01	3.007434E-01	
467	0	3.582824E-01	2.990529E-01	
468	0	3.131238E-01	2.997711E-01	
469	0	3.968190E-01	2.990420E-01	
470	0	4.254069E-01	3.010680E-01	
471	0	3.286889E-01	2.941856E-01	
472	0	4.159511E-01	3.157437E-01	
473	0	3.829850E-01	2.991210E-01	
474	0	3.657857E-01	3.094366E-01	
475	0	4.504422E-01	3.144510E-01	
476	0	4.955764E-01	3.043550E-01	
477	0	4.728598E-01	3.244254E-01	
478	0	5.149437E-01	3.108423E-01	
479	0	7.300101E-01	3.391415E-01	
480	0	4.749433E-01	3.065255E-01	
481	0	4.189899E-01	3.163379E-01	
482	0	5.093737E-01	3.095770E-01	
483	0	4.073579E-01	3.320617E-01	
484	0	4.487170E-01	3.880465E-01	
485	0	4.867037E-01	3.129609E-01	
486	0	3.021968E-01	3.815612E-01	
487	0	4.975795E-01	3.351141E-01	
488	0	2.928661E-01	3.731142E-01	
489	0	5.104651E-01	3.241703E-01	
490	0	3.804171E-01	3.773148E-01	
491	0	6.194431E-01	3.248869E-01	
492	0	5.039810E-01	3.386667E-01	
493	0	4.101401E-01	4.391702E-01	
494	0	5.283165E-01	3.520082E-01	
495	0	3.603112E-01	4.841875E-01	
496	0	5.677715E-01	3.611540E-01	
497	0	4.625636E-01	4.371671E-01	
498	0	6.500861E-01	3.647193E-01	
499	0	6.089600E-01	4.134883E-01	
500	0	0	0	
501	0	6.352089E-01	4.341424E-01	
502	0	0	0	
503	0	6.931414E-01	4.489896E-01	
504	0	0	0	
505	0	6.842734E-01	4.621673E-01	
506	0	5.898414E-01	5.752260E-01	
507	0	0	0	
508	0	9.025865E-01	5.163621E-01	
509	0	0	0	
510	0	8.498073E-01	5.283509E-01	
511	0	0	0	
512	0	0	5.927212E-01	
513	0	0	0	
514	0	0	0	
515	0	0	6.327019E-01	
516	0	0	0	
517	0	0	6.863204E-01	
518	0	0	0	
519	0	0	7.252440E-01	
520	0	0	0	
521	0	0	0	
522	0	0	0	
523	0	0	0	
524	0	0	0	
525	0	0	0	
526	0	0	0	
527	0	0	0	
528	0	0	0	
529	0	0	0	
530	0	0	0	
531	0	0	0	
532	0	0	0	
533	0	0	0	
534	0	0	0	
535	0	0	0	
536	0	0	0	
537	0	0	0	
538	0	0	0	
539	0	0	0	
540	0	0	0	
541	0	0	0	
542	0	0	0	
543	0	0	0	
544	0	0	0	
545	0	0	0	
546	0	0	0	
547	0	0	0	
548	0	0	0	
549	0	0	0	
550	0	0	0	
551	0	0	0	
552	0	0	0	
553	0	0	0	
554	0	0	0	
555	0	0	0	
556	0	0	0	
557	0	0	0	
558	0	0	0	
559	0	0	0	
560	0	0	0	
561	0	0	0	
562	0	0	0	
563	0	0	0	
564	0	0	0	
565	0	0	0	
566	0	0	0	
567	0	0	0	
568	0	0	0	
569	0	0	0	
570	0	0	0	
571	0	0	0	
572	0	0	0	
573	0	0	0	
574	0	0	0	
575	0	0	0	
576	0	0	0	
577	0	0	0	
578	0	0	0	
579	0	0	0	
580	0	0	0	
581	0	0	0	
582	0	0	0	
583	0	0	0	
584	0	0	0	
585	0	0	0	
586	0	0	0	
587	0	0	0	
588	0	0	0	
589	0	0	0	
590	0	0	0	
591	0	0	0	
592	0	0	0	
593	0	0	0	
594	0	0	0	
595	0	0	0	
596	0	0	0	
597	0	0	0	
598	0	0	0	
599	0	0	0	
#NewRun
0	0	0	0	
1	0	0	0	
2	0	0	0	
3	0	0	0	
4	3.347855E-01	3.392321E-01	2.951220E-01	
5	3.391687E-01	3.304823E-01	2.676586E-01	
6	3.361129E-01	3.250288E-01	1.402637E-01	
7	0	0	0	
8	3.305308E-01	3.327255E-01	3.461471E-01	
9	3.293290E-01	3.316365E-01	2.747162E-01	
10	0	0	0	
11	3.267408E-01	3.195106E-01	3.026129E-01	
12	3.323641E-01	3.346847E-01	2.952811E-01	
13	3.297426E-01	3.290558E-01	2.857196E-01	
14	3.237748E-01	3.309873E-01	3.726199E-01	
15	0	0	0	
16	3.220985E-01	3.288994E-01	3.004649E-01	
17	3.167671E-01	3.340566E-01	3.738392E-01	
18	3.259750E-01	3.361837E-01	2.711484E-01	
19	3.215895E-01	3.360747E-01	2.516226E-01	
20	3.202575E-01	3.291404E-01	3.306242E-01	
21	3.236019E-01	3.359848E-01	3.097986E-01	
22	3.291142E-01	3.315953E-01	3.934270E-01	
23	3.281338E-01	3.370295E-01	3.447751E-01	
24	3.265118E-01	3.329075E-01	3.028287E-01	
25	3.286308E-01	3.303149E-01	3.323877E-01	
26	3.274985E-01	3.329718E-01	2.832651E-01	
27	3.267280E-01	3.332936E-01	3.758352E-01	
28	3.267667E-01	3.319441E-01	3.416434E-01	
29	3.294719E-01	3.340343E-01	3.566198E-01	
30	3.294564E-01	3.296712E-01	3.230737E-01	
31	3.303313E-01	3.297210E-01	3.663765E-01	
32	3.297793E-01	3.312587E-01	3.479395E-01	
33	3.312546E-01	3.310679E-01	3.789115E-01	
34	3.287696E-01	3.326502E-01	3.832019E-01	
35	3.293536E-01	3.312002E-01	3.796991E-01	
36	3.300274E-01	3.296098E-01	3.564936E-01	
37	3.291045E-01	3.266824E-01	3.573652E-01	
38	3.316163E-01	3.252972E-01	3.553065E-01	
39	3.260146E-01	3.281141E-01	3.570396E-01	
40	3.280153E-01	3.284552E-01	3.624213E-01	
41	3.271085E-01	3.259925E-01	3.503641E-01	
42	3.263061E-01	3.256556E-01	3.479603E-01	
43	3.267275E-01	3.243547E-01	3.670970E-01	
44	3.239031E-01	3.255967E-01	3.439303E-01	
45	3.255819E-01	3.260311E-01	3.386361E-01	
46	3.241987E-01	3.260742E-01	3.436758E-01	
47	3.221669E-01	3.247918E-01	3.208044E-01	
48	3.233531E-01	3.251930E-01	3.450857E-01	
49	3.231702E-01	3.230826E-01	3.303084E-01	
50	3.240464E-01	3.248185E-01	3.349505E-01	
51	3.213100E-01	3.261677E-01	3.501730E-01	
52	3.229368E-01	3.224793E-01	3.209213E-01	
53	3.220818E-01	3.210991E-01	3.417860E-01	
54	3.205591E-01	3.199543E-01	3.335724E-01	
55	3.191942E-01	3.166450E-01	3.376446E-01	
56	3.211123E-01	3.178385E-01	3.313857E-01	
57	3.177154E-01	3.173426E-01	3.327549E-01	
58	3.164710E-01	3.160631E-01	3.199870E-01	
59	3.169534E-01	3.166679E-01	3.227455E-01	
60	3.156865E-01	3.169153E-01	3.212389E-01	
61	3.156104E-01	3.139985E-01	3.120309E-01	
62	3.135234E-01	3.141984E-01	3.181142E-01	
63	3.143560E-01	3.127631E-01	3.208089E-01	
64	3.141587E-01	3.110683E-01	3.175208E-01	
65	3.109316E-01	3.125791E-01	3.137311E-01	
66	3.122566E-01	3.099326E-01	3.139631E-01	
67	3.089770E-01	3.097233E-01	3.139924E-01	
68	3.101860E-01	3.097158E-01	3.138442E-01	
69	3.079430E-01	3.078801E-01	3.057742E-01	
70	3.092502E-01	3.087022E-01	3.009781E-01	
71	3.078497E-01	3.080613E-01	3.032836E-01	
72	3.058558E-01	3.055047E-01	2.993622E-01	
73	3.068535E-01	3.048796E-01	2.981259E-01	
74	3.048325E-01	3.058018E-01	2.961558E-01	
75	3.033757E-01	3.051076E-01	3.005984E-01	
76	3.045146E-01	3.043243E-01	2.966818E-01	
77	3.032945E-01	3.027846E-01	2.925375E-01	
78	3.031744E-01	3.037570E-01	2.861118E-01	
79	3.025727E-01	3.050166E-01	2.879460E-01	
80	3.019671E-01	3.031866E-01	2.851933E-01	
81	3.012160E-01	3.023932E-01	2.801196E-01	
82	2.996145E-01	3.046123E-01	2.839878E-01	
83	3.001716E-01	3.037351E-01	2.798118E-01	
84	2.987719E-01	3.028549E-01	2.778062E-01	
85	2.995313E-01	3.045578E-01	2.758693E-01	
86	2.996221E-01	3.038539E-01	2.700452E-01	
87	2.989413E-01	3.056847E-01	2.692418E-01	
88	2.992226E-01	3.049765E-01	2.711183E-01	
89	2.993532E-01	3.054432E-01	2.663769E-01	
90	3.006259E-01	3.069858E-01	2.695242E-01	
91	3.011649E-01	3.062263E-01	2.642380E-01	
92	3.017789E-01	3.075675E-01	2.675553E-01	
93	3.020295E-01	3.100373E-01	2.663475E-01	
94	3.043249E-01	3.119363E-01	2.633488E-01	
95	3.042573E-01	3.115340E-01	2.652210E-01	
96	3.056975E-01	3.132105E-01	2.609907E-01	
97	3.062999E-01	3.146806E-01	2.625385E-01	
98	3.076865E-01	3.169871E-01	2.639930E-01	
99	3.078639E-01	3.170071E-01	2.586911E-01	
100	3.109724E-01	3.192073E-01	2.590372E-01	
101	3.122321E-01	3.204858E-01	2.588486E-01	
102	3.139495E-01	3.217950E-01	2.609466E-01	
103	3.143934E-01	3.237851E-01	2.575950E-01	
104	3.176455E-01	3.252303E-01	2.569011E-01	
105	3.194215E-01	3.277755E-01	2.566801E-01	
106	3.211009E-01	3.288227E-01	2.591872E-01	
107	3.224362E-01	3.305814E-01	2.635784E-01	
108	3.252604E-01	3.329340E-01	2.577294E-01	
109	3.284830E-01	3.358572E-01	2.612625E-01	
110	3.299149E-01	3.383379E-01	2.597156E-01	
111	3.327959E-01	3.415389E-01	2.615361E-01	
112	3.365379E-01	3.430185E-01	2.582868E-01	
113	3.372597E-01	3.471567E-01	2.609467E-01	
114	3.388674E-01	3.500742E-01	2.598815E-01	
115	3.419554E-01	3.534799E-01	2.619593E-01	
116	3.461045E-01	3.552480E-01	2.602381E-01	
117	3.497263E-01	3.601231E-01	2.623845E-01	
118	3.521432E-01	3.622991E-01	2.623908E-01	
119	3.546653E-01	3.652977E-01	2.620813E-01	
120	3.602114E-01	3.683930E-01	2.626684E-01	
121	3.625029E-01	3.721331E-01	2.624755E-01	
122	3.656959E-01	3.757696E-01	2.654782E-01	
123	3.693304E-01	3.798874E-01	2.665278E-01	
124	3.729000E-01	3.817022E-01	2.674216E-01	
125	3.794254E-01	3.876095E-01	2.684244E-01	
126	3.825940E-01	3.903969E-01	2.684807E-01	
127	3.848667E-01	3.936647E-01	2.702528E-01	
128	3.891335E-01	3.985398E-01	2.739686E-01	
129	3.949138E-01	4.010359E-01	2.764379E-01	
130	3.970859E-01	4.071456E-01	2.757793E-01	
131	4.032964E-01	4.099845E-01	2.767797E-01	
132	4.058330E-01	4.139303E-01	2.793331E-01	
133	4.100577E-01	4.202967E-01	2.820180E-01	
134	4.157452E-01	4.243292E-01	2.835555E-01	
135	4.187632E-01	4.300615E-01	2.856278E-01	
136	4.241505E-01	4.323109E-01	2.878152E-01	
137	4.288841E-01	4.401363E-01	2.884243E-01	
138	4.334697E-01	4.430858E-01	2.922297E-01	
139	4.381845E-01	4.502287E-01	2.936313E-01	
140	4.427774E-01	4.548027E-01	2.979675E-01	
141	4.489875E-01	4.601504E-01	2.991432E-01	
142	4.504686E-01	4.627536E-01	3.017525E-01	
143	4.578342E-01	4.696956E-01	3.031082E-01	
144	4.612882E-01	4.731595E-01	3.067189E-01	
145	4.657184E-01	4.787294E-01	3.106187E-01	
146	4.712805E-01	4.846725E-01	3.112147E-01	
147	4.760645E-01	4.912100E-01	3.127121E-01	
148	4.841885E-01	4.945165E-01	3.176707E-01	
149	4.865536E-01	5.007850E-01	3.193227E-01	
150	4.909010E-01	5.045763E-01	3.228914E-01	
151	4.977877E-01	5.094181E-01	3.266499E-01	
152	5.032541E-01	5.143825E-01	3.296070E-01	
153	5.073617E-01	5.208595E-01	3.326835E-01	
154	5.123762E-01	5.285829E-01	3.333982E-01	
155	5.138747E-01	5.310571E-01	3.376791E-01	
156	5.245481E-01	5.373383E-01	3.416820E-01	
157	5.249300E-01	5.412277E-01	3.427524E-01	
158	5.280335E-01	5.505974E-01	3.455342E-01	
159	5.374930E-01	5.525572E-01	3.488382E-01	
160	5.432641E-01	5.589466E-01	3.529452E-01	
161	5.508742E-01	5.652836E-01	3.538029E-01	
162	5.504120E-01	5.625610E-01	3.586160E-01	
163	5.575573E-01	5.666526E-01	3.602571E-01	
164	5.643429E-01	5.718701E-01	3.637152E-01	
165	5.740348E-01	5.795280E-01	3.661462E-01	
166	5.763647E-01	5.804799E-01	3.682369E-01	
167	5.827881E-01	5.867398E-01	3.711771E-01	
168	5.849164E-01	5.919640E-01	3.738965E-01	
169	5.955388E-01	5.928432E-01	3.750275E-01	
170	6.032220E-01	5.960445E-01	3.771674E-01	
171	6.021779E-01	6.036315E-01	3.805917E-01	
172	6.089548E-01	6.031270E-01	3.795599E-01	
173	6.155684E-01	6.147964E-01	3.807355E-01	
174	6.225443E-01	6.117184E-01	3.810210E-01	
175	6.270162E-01	6.210042E-01	3.848476E-01	
176	6.335314E-01	6.236627E-01	3.824220E-01	
177	6.311848E-01	6.200933E-01	3.806396E-01	
178	6.443501E-01	6.264727E-01	3.867187E-01	
179	6.347478E-01	6.233591E-01	3.866005E-01	
180	6.446527E-01	6.250817E-01	3.860480E-01	
181	6.464557E-01	6.310987E-01	3.870846E-01	
182	6.564396E-01	6.245818E-01	3.880461E-01	
183	6.556113E-01	6.309149E-01	3.877736E-01	
184	6.462446E-01	6.299128E-01	3.895819E-01	
185	6.600711E-01	6.259176E-01	3.882118E-01	
186	6.589956E-01	6.304490E-01	3.921809E-01	
187	6.626104E-01	6.249937E-01	3.869685E-01	
188	6.652758E-01	6.139490E-01	3.890540E-01	
189	6.786540E-01	6.278317E-01	3.894040E-01	
190	6.837432E-01	6.094016E-01	3.864920E-01	
191	6.624526E-01	6.274932E-01	3.894014E-01	
192	6.738319E-01	6.128473E-01	3.866548E-01	
193	6.815647E-01	6.153393E-01	3.854791E-01	
194	6.827513E-01	6.095773E-01	3.847934E-01	
195	6.974212E-01	6.128026E-01	3.838087E-01	
196	7.028926E-01	5.976051E-01	3.810919E-01	
197	6.990381E-01	5.930975E-01	3.851534E-01	
198	7.156619E-01	6.202707E-01	3.792335E-01	
199	7.262466E-01	5.898982E-01	3.792432E-01	
200	7.138513E-01	5.869493E-01	3.798037E-01	
201	7.201514E-01	5.999916E-01	3.802571E-01	
202	7.328717E-01	5.874261E-01	3.764813E-01	
203	7.419317E-01	5.803719E-01	3.752604E-01	
204	7.522253E-01	6.023837E-01	3.727346E-01	
205	7.543623E-01	5.972175E-01	3.707745E-01	
206	7.530830E-01	5.568714E-01	3.695579E-01	
207	7.233768E-01	5.736253E-01	3.718749E-01	
208	7.635254E-01	5.668061E-01	3.667071E-01	
209	7.592959E-01	5.467714E-01	3.661431E-01	
210	7.349207E-01	5.498732E-01	3.679400E-01	
211	7.571074E-01	5.434168E-01	3.656941E-01	
212	7.605066E-01	5.313986E-01	3.633067E-01	
213	7.827028E-01	5.165121E-01	3.617820E-01	
214	7.869967E-01	5.023274E-01	3.635848E-01	
215	7.403541E-01	5.070628E-01	3.660113E-01	
216	7.500206E-01	4.710838E-01	3.551507E-01	
217	7.508799E-01	4.594680E-01	3.603548E-01	
218	7.615521E-01	4.431330E-01	3.566823E-01	
219	7.983209E-01	4.449682E-01	3.655407E-01	
220	7.553848E-01	4.284596E-01	3.568111E-01	
221	7.449408E-01	4.298848E-01	3.568506E-01	
222	7.335489E-01	4.267602E-01	3.551987E-01	
223	7.366636E-01	4.083813E-01	3.544374E-01	
224	7.776799E-01	4.271589E-01	3.493984E-01	
225	7.621253E-01	4.128499E-01	3.533662E-01	
226	7.619663E-01	4.104436E-01	3.503266E-01	
227	8.166308E-01	3.829608E-01	3.502325E-01	
228	7.557168E-01	3.821625E-01	3.466900E-01	
229	7.575523E-01	3.805902E-01	3.485337E-01	
230	7.804147E-01	3.959402E-01	3.491599E-01	
231	7.812431E-01	3.750344E-01	3.471937E-01	
232	7.560488E-01	3.999531E-01	3.432282E-01	
233	6.975402E-01	3.746450E-01	3.445776E-01	
234	7.763376E-01	3.774493E-01	3.416776E-01	
235	6.911123E-01	3.726896E-01	3.431564E-01	
236	8.036729E-01	3.785662E-01	3.382186E-01	
237	7.999008E-01	3.944492E-01	3.385096E-01	
238	7.876601E-01	3.548595E-01	3.357550E-01	
239	7.852428E-01	3.985455E-01	3.341550E-01	
240	7.639709E-01	3.895527E-01	3.338712E-01	
241	8.035118E-01	3.995903E-01	3.331789E-01	
242	7.473752E-01	3.755908E-01	3.333410E-01	
243	7.913781E-01	3.635246E-01	3.332287E-01	
244	7.484408E-01	3.581366E-01	3.313034E-01	
245	7.778548E-01	3.780593E-01	3.319420E-01	
246	7.559154E-01	3.625849E-01	3.304480E-01	
247	7.863229E-01	3.769460E-01	3.292877E-01	
248	7.854206E-01	3.675989E-01	3.290424E-01	
249	7.824283E-01	3.839581E-01	3.297385E-01	
250	8.388289E-01	3.687903E-01	3.289306E-01	
251	8.202782E-01	3.965169E-01	3.263232E-01	
252	8.597714E-01	3.791648E-01	3.269171E-01	
253	8.050125E-01	3.747595E-01	3.260544E-01	
254	8.691030E-01	3.524053E-01	3.247335E-01	
255	8.995792E-01	3.585190E-01	3.265662E-01	
256	7.916455E-01	3.867259E-01	3.241287E-01	
257	8.026049E-01	3.493944E-01	3.233645E-01	
258	8.065820E-01	3.688403E-01	3.226870E-01	
259	8.149304E-01	3.580922E-01	3.204428E-01	
260	8.630774E-01	3.368951E-01	3.188534E-01	
261	8.995282E-01	3.583544E-01	3.199434E-01	
262	8.829120E-01	3.599464E-01	3.161317E-01	
263	8.872424E-01	3.421176E-01	3.180053E-01	
264	8.255654E-01	3.396935E-01	3.167541E-01	
265	7.747075E-01	3.211546E-01	3.121053E-01	
266	8.426053E-01	3.262104E-01	3.138387E-01	
267	8.764376E-01	3.105720E-01	3.144665E-01	
268	9.056528E-01	3.313910E-01	3.126906E-01	
269	9.038273E-01	3.264378E-01	3.141920E-01	
270	8.926923E-01	3.196801E-01	3.130064E-01	
271	8.837398E-01	3.067373E-01	3.129754E-01	
272	8.996108E-01	3.170850E-01	3.107153E-01	
273	9.244023E-01	3.083118E-01	3.100906E-01	
274	9.059678E-01	3.112510E-01	3.081844E-01	
275	9.079423E-01	3.146446E-01	3.101909E-01	
276	9.043302E-01	3.272334E-01	3.033870E-01	
277	9.345978E-01	3.121839E-01	3.056781E-01	
278	9.111866E-01	3.102348E-01	3.056615E-01	
279	0	3.334808E-01	3.054921E-01	
280	9.118722E-01	3.057546E-01	3.011122E-01	
281	0	2.995144E-01	3.026381E-01	
282	0	2.827411E-01	3.017289E-01	
283	0	2.908595E-01	3.012182E-01	
284	0	2.981044E-01	3.001427E-01	
285	0	2.862482E-01	2.976733E-01	
286	0	2.786935E-01	2.984408E-01	
287	0	2.692771E-01	2.968633E-01	
288	0	2.856712E-01	2.931515E-01	
289	0	2.786585E-01	2.959058E-01	
290	0	2.597689E-01	2.941214E-01	
291	0	2.775163E-01	2.957014E-01	
292	0	2.747918E-01	2.928649E-01	
293	0	2.862792E-01	2.908854E-01	
294	0	2.789077E-01	2.945816E-01	
295	0	2.763681E-01	2.942630E-01	
296	0	2.761090E-01	2.899632E-01	
297	0	2.861028E-01	2.921269E-01	
298	0	2.934250E-01	2.918947E-01	
299	0	2.802380E-01	2.918003E-01	
300	0	2.876431E-01	2.938406E-01	
301	0	2.807490E-01	2.920984E-01	
302	0	2.789280E-01	2.930472E-01	
303	0	2.974927E-01	2.936661E-01	
304	0	2.950812E-01	2.912662E-01	
305	0	2.881621E-01	2.942799E-01	
306	0	3.034325E-01	2.922319E-01	
307	0	3.084933E-01	2.929371E-01	
308	0	2.941397E-01	2.945452E-01	
309	0	2.917726E-01	2.898771E-01	
310	0	2.678813E-01	2.918107E-01	
311	0	2.898104E-01	2.915688E-01	
312	0	2.901236E-01	2.906846E-01	
313	0	2.764901E-01	2.901961E-01	
314	0	3.103393E-01	2.915436E-01	
315	0	2.898034E-01	2.892586E-01	
316	0	2.965078E-01	2.866031E-01	
317	0	3.027568E-01	2.899295E-01	
318	0	3.060467E-01	2.891984E-01	
319	0	2.947147E-01	2.888548E-01	
320	0	2.723020E-01	2.889232E-01	
321	0	3.093587E-01	2.896432E-01	
322	0	2.968710E-01	2.884958E-01	
323	0	2.864532E-01	2.887697E-01	
324	0	2.994835E-01	2.905349E-01	
325	0	3.108133E-01	2.903420E-01	
326	0	3.084388E-01	2.897851E-01	
327	0	3.008072E-01	2.879827E-01	
328	0	3.020477E-01	2.903477E-01	
329	0	3.134440E-01	2.918213E-01	
330	0	3.002324E-01	2.900193E-01	
331	0	3.112706E-01	2.896413E-01	
332	0	3.050272E-01	2.914052E-01	
333	0	3.313606E-01	2.890480E-01	
334	0	3.015184E-01	2.892725E-01	
335	0	2.997090E-01	2.888490E-01	
336	0	3.244631E-01	2.895417E-01	
337	0	2.859105E-01	2.920141E-01	
338	0	3.053203E-01	2.870631E-01	
339	0	3.242500E-01	2.921957E-01	
340	0	3.016644E-01	2.900240E-01	
341	0	3.110545E-01	2.877948E-01	
342	0	3.065821E-01	2.903384E-01	
343	0	3.209340E-01	2.868786E-01	
344	0	3.177044E-01	2.883249E-01	
345	0	3.206681E-01	2.883767E-01	
346	0	3.328107E-01	2.876588E-01	
347	0	2.967198E-01	2.881707E-01	
348	0	3.093736E-01	2.854588E-01	
349	0	3.138701E-01	2.842504E-01	
350	0	2.949662E-01	2.867578E-01	
351	0	3.101915E-01	2.865280E-01	
352	0	2.901546E-01	2.848423E-01	
353	0	3.126265E-01	2.896222E-01	
354	0	2.886090E-01	2.876347E-01	
355	0	3.031211E-01	2.865328E-01	
356	0	3.239292E-01	2.876454E-01	
357	0	2.794809E-01	2.860292E-01	
358	0	3.189739E-01	2.873233E-01	
359	0	2.779843E-01	2.855809E-01	
360	0	3.054726E-01	2.856031E-01	
361	0	3.047984E-01	2.836268E-01	
362	0	3.018700E-01	2.832019E-01	
363	0	2.951165E-01	2.848362E-01	
364	0	3.043747E-01	2.823364E-01	
365	0	2.985151E-01	2.837718E-01	
366	0	2.851159E-01	2.834711E-01	
367	0	2.827388E-01	2.843057E-01	
368	0	2.915639E-01	2.806630E-01	
369	0	2.898678E-01	2.832886E-01	
370	0	3.018975E-01	2.819431E-01	
371	0	2.985835E-01	2.827792E-01	
372	0	3.101339E-01	2.822565E-01	
373	0	3.119304E-01	2.757241E-01	
374	0	3.009713E-01	2.802961E-01	
375	0	3.076757E-01	2.821387E-01	
376	0	2.987124E-01	2.789588E-01	
377	0	2.955758E-01	2.785023E-01	
378	0	3.339330E-01	2.776015E-01	
379	0	3.130581E-01	2.783216E-01	
380	0	3.134684E-01	2.766145E-01	
381	0	3.308824E-01	2.794843E-01	
382	0	2.921852E-01	2.755958E-01	
383	0	3.198206E-01	2.773988E-01	
384	0	3.180375E-01	2.790332E-01	
385	0	3.098481E-01	2.787242E-01	
386	0	3.257100E-01	2.826131E-01	
387	0	3.226362E-01	2.797161E-01	
388	0	2.873160E-01	2.789931E-01	
389	0	3.173177E-01	2.826141E-01	
390	0	2.942592E-01	2.837956E-01	
391	0	3.259094E-01	2.844073E-01	
392	0	2.877358E-01	2.827983E-01	
393	0	3.149224E-01	2.838548E-01	
394	0	2.629593E-01	2.845606E-01	
395	0	3.143665E-01	2.860549E-01	
396	0	2.973855E-01	2.820648E-01	
397	0	2.862872E-01	2.852883E-01	
398	0	2.927323E-01	2.817442E-01	
399	0	2.820466E-01	2.818734E-01	
400	0	3.022600E-01	2.853594E-01	
401	0	2.615367E-01	2.862491E-01	
402	0	2.642194E-01	2.856008E-01	
403	0	2.605047E-01	2.853130E-01	
404	0	2.993016E-01	2.878166E-01	
405	0	2.513053E-01	2.879273E-01	
406	0	2.686058E-01	2.870926E-01	
407	0	2.878206E-01	2.899285E-01	
408	0	2.368137E-01	2.889641E-01	
409	0	2.676650E-01	2.891133E-01	
410	0	2.663659E-01	2.909810E-01	
411	0	2.599187E-01	2.898512E-01	
412	0	2.745592E-01	2.856009E-01	
413	0	2.592731E-01	2.931432E-01	
414	0	2.641552E-01	2.902022E-01	
415	0	2.592212E-01	2.967618E-01	
416	0	2.879280E-01	2.923918E-01	
417	0	2.794421E-01	2.908509E-01	
418	0	2.537970E-01	2.942198E-01	
419	0	2.860149E-01	2.908860E-01	
420	0	2.706179E-01	2.888638E-01	
421	0	3.018601E-01	2.924505E-01	
422	0	2.934152E-01	2.917876E-01	
423	0	3.240467E-01	2.864820E-01	
424	0	3.195848E-01	2.895331E-01	
425	0	3.246309E-01	2.889111E-01	
426	0	3.016619E-01	2.902874E-01	
427	0	3.474023E-01	2.902693E-01	
428	0	3.834994E-01	2.964342E-01	
429	0	3.249459E-01	2.954326E-01	
430	0	2.742726E-01	2.896253E-01	
431	0	3.328221E-01	2.927466E-01	
432	0	3.297017E-01	2.901283E-01	
433	0	3.513283E-01	2.939040E-01	
434	0	3.124136E-01	2.893573E-01	
435	0	3.075869E-01	2.881002E-01	
436	0	2.602877E-01	2.991651E-01	
437	0	2.500459E-01	2.954183E-01	
438	0	2.504509E-01	2.960892E-01	
439	0	2.329417E-01	2.863590E-01	
440	0	2.821214E-01	2.972275E-01	
441	0	3.199388E-01	2.959161E-01	
442	0	2.949504E-01	2.968295E-01	
443	0	2.915693E-01	2.847062E-01	
444	0	2.601058E-01	2.989964E-01	
445	0	3.218335E-01	2.991326E-01	
446	0	2.279448E-01	2.942509E-01	
447	0	3.120450E-01	2.962692E-01	
448	0	2.060503E-01	2.912031E-01	
449	0	2.980870E-01	3.049535E-01	
450	0	2.196488E-01	2.916957E-01	
451	0	2.398413E-01	2.927133E-01	
452	0	2.309160E-01	2.912165E-01	
453	0	2.923771E-01	2.932635E-01	
454	0	2.839733E-01	3.067699E-01	
455	0	2.747197E-01	2.929245E-01	
456	0	2.858317E-01	2.912855E-01	
457	0	3.196104E-01	2.876675E-01	
458	0	3.409696E-01	2.895540E-01	
459	0	2.578656E-01	2.947116E-01	
460	0	3.532618E-01	2.823245E-01	
461	0	2.625933E-01	2.978837E-01	
462	0	3.545396E-01	2.782578E-01	
463	0	2.348541E-01	3.077842E-01	
464	0	3.235643E-01	2.900150E-01	
465	0	1.920702E-01	2.988730E-01	
466	0	2.936519E-01	3.073686E-01	
467	0	3.431927E-01	3.034657E-01	
468	0	3.389690E-01	3.049425E-01	
469	0	3.107842E-01	3.016996E-01	
470	0	2.632488E-01	3.183806E-01	
471	0	4.316376E-01	3.081005E-01	
472	0	3.127322E-01	3.115128E-01	
473	0	5.366574E-01	2.956584E-01	
474	0	2.981693E-01	3.172106E-01	
475	0	4.462536E-01	3.032183E-01	
476	0	4.351372E-01	3.168820E-01	
477	0	5.899360E-01	3.448826E-01	
478	0	6.910348E-01	3.144146E-01	
479	0	6.058788E-01	3.636222E-01	
480	0	6.236103E-01	3.229417E-01	
481	0	6.169838E-01	3.487558E-01	
482	0	6.707277E-01	3.177638E-01	
483	0	5.939577E-01	3.418308E-01	
484	0	9.413178E-01	3.947516E-01	
485	0	6.306630E-01	3.320521E-01	
486	0	9.597389E-01	4.329456E-01	
487	0	6.382012E-01	3.242369E-01	
488	0	8.291565E-01	4.168470E-01	
489	0	5.372099E-01	3.232801E-01	
490	0	9.413848E-01	3.896026E-01	
491	0	0	3.544282E-01	
492	0	6.582329E-01	3.499778E-01	
493	0	0	5.200358E-01	
494	0	8.982532E-01	3.562167E-01	
495	0	0	4.680909E-01	
496	0	8.666519E-01	3.558055E-01	
497	0	0	4.363150E-01	
498	0	0	3.737231E-01	
499	0	0	4.040823E-01	
500	0	0	0	
501	0	0	4.037937E-01	
502	0	0	0	
503	0	0	4.245308E-01	
504	0	0	0	
505	0	0	4.521654E-01	
506	0	0	4.839402E-01	
507	0	0	0	
508	0	0	4.973755E-01	
509	0	0	0	
510	0	0	5.189856E-01	
511	0	0	0	
512	0	0	5.854138E-01	
513	0	0	0	
514	0	0	0	
515	0	0	6.093987E-01	
516	0	0	0	
517	0	0	6.313920E-01	
518	0	0	0	
519	0	0	6.599982E-01	
520	0	0	0	
521	0	0	0	
522	0	0	0	
523	0	0	0	
524	0	0	0	
525	0	0	0	
526	0	0	0	
527	0	0	0	
528	0	0	0	
529	0	0	0	
530	0	0	0	
531	0	0	0	
532	0	0	0	
533	0	0	0	
534	0	0	0	
535	0	0	0	
536	0	0	0	
537	0	0	0	
538	0	0	0	
539	0	0	0	
540	0	0	0	
541	0	0	0	
542	0	0	0	
543	0	0	0	
544	0	0	0	
545	0	0	0	
546	0	0	0	
547	0	0	0	
548	0	0	0	
549	0	0	0	
550	0	0	0	
551	0	0	0	
552	0	0	0	
553	0	0	0	
554	0	0	0	
555	0	0	0	
556	0	0	0	
557	0	0	0	
558	0	0	0	
559	0	0	0	
560	0	0	0	
561	0	0	0	
562	0	0	0	
563	0	0	0	
564	0	0	0	
565	0	0	0	
566	0	0	0	
567	0	0	0	
568	0	0	0	
569	0	0	0	
570	0	0	0	
571	0	0	0	
572	0	0	0	
573	0	0	0	
574	0	0	0	
575	0	0	0	
576	0	0	0	
577	0	0	0	
578	0	0	0	
579	0	0	0	
580	0	0	0	
581	0	0	0	
582	0	0	0	
583	0	0	0	
584	0	0	0	
585	0	0	0	
586	0	0	0	
587	0	0	0	
588	0	0	0	
589	0	0	0	
590	0	0	0	
591	0	0	0	
592	0	0	0	
593	0	0	0	
594	0	0	0	
595	0	0	0	
596	0	0	0	
597	0	0	0	
598	0	0	0	
599	0	0	0	
#NewRun
