#COM_Bin	Rg_Squared
#Order is chain type
0	1.159607E+02	1.158459E+02	1.751838E+02	
1	0.000000E+00	0.000000E+00	0.000000E+00	
2	0.000000E+00	0.000000E+00	0.000000E+00	
3	0.000000E+00	0.000000E+00	0.000000E+00	
4	1.166311E+02	1.232883E+02	1.744977E+02	
5	1.175928E+02	1.205691E+02	1.830440E+02	
6	1.177136E+02	1.247233E+02	1.807984E+02	
7	0.000000E+00	0.000000E+00	0.000000E+00	
8	1.181007E+02	1.202864E+02	1.830496E+02	
9	1.198360E+02	1.198209E+02	1.806387E+02	
10	0.000000E+00	0.000000E+00	0.000000E+00	
11	1.207002E+02	1.210270E+02	1.778855E+02	
12	1.192703E+02	1.216897E+02	1.813332E+02	
13	1.191007E+02	1.218379E+02	1.798693E+02	
14	1.180430E+02	1.203755E+02	1.762593E+02	
15	0.000000E+00	0.000000E+00	0.000000E+00	
16	1.196871E+02	1.195336E+02	1.792494E+02	
17	1.176906E+02	1.215434E+02	1.777423E+02	
18	1.204169E+02	1.197628E+02	1.787688E+02	
19	1.204714E+02	1.204078E+02	1.787361E+02	
20	1.199353E+02	1.210719E+02	1.747422E+02	
21	1.204283E+02	1.208006E+02	1.779836E+02	
22	1.187081E+02	1.206675E+02	1.789118E+02	
23	1.191026E+02	1.206572E+02	1.774525E+02	
24	1.198115E+02	1.216661E+02	1.749983E+02	
25	1.191780E+02	1.192507E+02	1.772277E+02	
26	1.196312E+02	1.198180E+02	1.762635E+02	
27	1.197761E+02	1.216768E+02	1.750104E+02	
28	1.200563E+02	1.197156E+02	1.749112E+02	
29	1.197811E+02	1.196348E+02	1.768831E+02	
30	1.194046E+02	1.208750E+02	1.759676E+02	
31	1.183438E+02	1.206197E+02	1.772085E+02	
32	1.194706E+02	1.198593E+02	1.749200E+02	
33	1.201467E+02	1.193962E+02	1.732999E+02	
34	1.189908E+02	1.201052E+02	1.754572E+02	
35	1.190236E+02	1.196019E+02	1.731911E+02	
36	1.199335E+02	1.191506E+02	1.727784E+02	
37	1.190084E+02	1.191732E+02	1.721113E+02	
38	1.189641E+02	1.189124E+02	1.711715E+02	
39	1.187881E+02	1.189100E+02	1.719328E+02	
40	1.189673E+02	1.191520E+02	1.709967E+02	
41	1.187102E+02	1.193115E+02	1.710340E+02	
42	1.186273E+02	1.199142E+02	1.702144E+02	
43	1.187045E+02	1.197829E+02	1.691940E+02	
44	1.183158E+02	1.190760E+02	1.690073E+02	
45	1.185034E+02	1.186712E+02	1.697853E+02	
46	1.183004E+02	1.194772E+02	1.688711E+02	
47	1.183439E+02	1.192060E+02	1.689536E+02	
48	1.178280E+02	1.189292E+02	1.678472E+02	
49	1.180479E+02	1.189372E+02	1.684398E+02	
50	1.180535E+02	1.190840E+02	1.683258E+02	
51	1.174444E+02	1.197304E+02	1.675144E+02	
52	1.176314E+02	1.182623E+02	1.671627E+02	
53	1.175513E+02	1.187467E+02	1.672615E+02	
54	1.174265E+02	1.192596E+02	1.668838E+02	
55	1.169146E+02	1.185478E+02	1.669724E+02	
56	1.168985E+02	1.190738E+02	1.663468E+02	
57	1.172764E+02	1.183603E+02	1.663136E+02	
58	1.166064E+02	1.190458E+02	1.665407E+02	
59	1.169075E+02	1.187799E+02	1.663891E+02	
60	1.169799E+02	1.181673E+02	1.667440E+02	
61	1.163181E+02	1.182995E+02	1.657470E+02	
62	1.169378E+02	1.183288E+02	1.665363E+02	
63	1.163890E+02	1.183433E+02	1.667352E+02	
64	1.159298E+02	1.177077E+02	1.665912E+02	
65	1.161627E+02	1.181567E+02	1.670504E+02	
66	1.155653E+02	1.179391E+02	1.656488E+02	
67	1.162501E+02	1.174410E+02	1.665252E+02	
68	1.159098E+02	1.177013E+02	1.660027E+02	
69	1.156795E+02	1.176721E+02	1.657227E+02	
70	1.155841E+02	1.179177E+02	1.656811E+02	
71	1.151506E+02	1.174108E+02	1.656671E+02	
72	1.153567E+02	1.177485E+02	1.661638E+02	
73	1.151106E+02	1.173300E+02	1.657250E+02	
74	1.157198E+02	1.178356E+02	1.662406E+02	
75	1.148932E+02	1.170395E+02	1.656220E+02	
76	1.148691E+02	1.169993E+02	1.659129E+02	
77	1.150066E+02	1.167398E+02	1.656062E+02	
78	1.146647E+02	1.169809E+02	1.657786E+02	
79	1.146617E+02	1.163601E+02	1.650135E+02	
80	1.147239E+02	1.165089E+02	1.658576E+02	
81	1.141660E+02	1.169210E+02	1.649040E+02	
82	1.142784E+02	1.165366E+02	1.651325E+02	
83	1.139494E+02	1.162722E+02	1.664041E+02	
84	1.139263E+02	1.161707E+02	1.659981E+02	
85	1.134482E+02	1.165217E+02	1.662345E+02	
86	1.139587E+02	1.159763E+02	1.656561E+02	
87	1.134805E+02	1.160129E+02	1.657038E+02	
88	1.136473E+02	1.161597E+02	1.664275E+02	
89	1.131540E+02	1.159732E+02	1.658679E+02	
90	1.130889E+02	1.154606E+02	1.666384E+02	
91	1.126181E+02	1.157931E+02	1.663380E+02	
92	1.127707E+02	1.154885E+02	1.656378E+02	
93	1.127801E+02	1.152598E+02	1.663533E+02	
94	1.126144E+02	1.154262E+02	1.664516E+02	
95	1.121546E+02	1.149018E+02	1.665928E+02	
96	1.125993E+02	1.152678E+02	1.659117E+02	
97	1.124325E+02	1.149917E+02	1.664303E+02	
98	1.121840E+02	1.147855E+02	1.660828E+02	
99	1.119866E+02	1.149214E+02	1.665930E+02	
100	1.119433E+02	1.145865E+02	1.654601E+02	
101	1.122136E+02	1.145613E+02	1.658071E+02	
102	1.115742E+02	1.145814E+02	1.660260E+02	
103	1.117184E+02	1.142665E+02	1.659950E+02	
104	1.116399E+02	1.140876E+02	1.655902E+02	
105	1.116400E+02	1.142311E+02	1.657823E+02	
106	1.115824E+02	1.140621E+02	1.661283E+02	
107	1.110038E+02	1.141439E+02	1.663012E+02	
108	1.113454E+02	1.136189E+02	1.657648E+02	
109	1.110200E+02	1.135115E+02	1.655982E+02	
110	1.111891E+02	1.136912E+02	1.665273E+02	
111	1.110782E+02	1.137821E+02	1.667730E+02	
112	1.108244E+02	1.133856E+02	1.663222E+02	
113	1.108054E+02	1.133641E+02	1.664022E+02	
114	1.106589E+02	1.137652E+02	1.658446E+02	
115	1.107625E+02	1.137005E+02	1.663265E+02	
116	1.107486E+02	1.139461E+02	1.666203E+02	
117	1.104999E+02	1.138236E+02	1.659844E+02	
118	1.105294E+02	1.138541E+02	1.664899E+02	
119	1.106331E+02	1.136018E+02	1.661721E+02	
120	1.104568E+02	1.135018E+02	1.662467E+02	
121	1.105087E+02	1.136313E+02	1.668489E+02	
122	1.106008E+02	1.133514E+02	1.667608E+02	
123	1.104696E+02	1.139278E+02	1.664070E+02	
124	1.104401E+02	1.134391E+02	1.672401E+02	
125	1.107100E+02	1.134526E+02	1.676486E+02	
126	1.107714E+02	1.140816E+02	1.667249E+02	
127	1.105173E+02	1.140593E+02	1.669874E+02	
128	1.106255E+02	1.138681E+02	1.670930E+02	
129	1.106399E+02	1.135212E+02	1.670157E+02	
130	1.104281E+02	1.134279E+02	1.675691E+02	
131	1.105166E+02	1.135098E+02	1.675417E+02	
132	1.104479E+02	1.137102E+02	1.675095E+02	
133	1.103392E+02	1.132100E+02	1.677874E+02	
134	1.102699E+02	1.132870E+02	1.675607E+02	
135	1.105084E+02	1.137424E+02	1.677649E+02	
136	1.104176E+02	1.135592E+02	1.684403E+02	
137	1.105388E+02	1.134869E+02	1.676936E+02	
138	1.104474E+02	1.133504E+02	1.679468E+02	
139	1.103722E+02	1.135348E+02	1.680885E+02	
140	1.104898E+02	1.132438E+02	1.682304E+02	
141	1.104456E+02	1.136594E+02	1.682711E+02	
142	1.104840E+02	1.129441E+02	1.678593E+02	
143	1.106973E+02	1.140502E+02	1.682869E+02	
144	1.104612E+02	1.134928E+02	1.694528E+02	
145	1.100978E+02	1.138303E+02	1.690239E+02	
146	1.105863E+02	1.136984E+02	1.685646E+02	
147	1.102998E+02	1.142078E+02	1.692257E+02	
148	1.102697E+02	1.138097E+02	1.691655E+02	
149	1.105011E+02	1.134878E+02	1.696701E+02	
150	1.102013E+02	1.143704E+02	1.697593E+02	
151	1.106931E+02	1.139790E+02	1.701959E+02	
152	1.112271E+02	1.144247E+02	1.700511E+02	
153	1.109655E+02	1.142942E+02	1.706242E+02	
154	1.109967E+02	1.142637E+02	1.710396E+02	
155	1.109709E+02	1.146835E+02	1.710282E+02	
156	1.112509E+02	1.147762E+02	1.710219E+02	
157	1.114184E+02	1.148742E+02	1.712040E+02	
158	1.115261E+02	1.147443E+02	1.717778E+02	
159	1.114881E+02	1.156117E+02	1.717973E+02	
160	1.114722E+02	1.149412E+02	1.715363E+02	
161	1.120020E+02	1.158010E+02	1.714337E+02	
162	1.117166E+02	1.153216E+02	1.726441E+02	
163	1.118667E+02	1.160185E+02	1.728076E+02	
164	1.121342E+02	1.159184E+02	1.728200E+02	
165	1.118371E+02	1.166554E+02	1.731301E+02	
166	1.121859E+02	1.167078E+02	1.729197E+02	
167	1.120313E+02	1.168061E+02	1.729088E+02	
168	1.121432E+02	1.171909E+02	1.730460E+02	
169	1.118598E+02	1.172791E+02	1.739894E+02	
170	1.123877E+02	1.170333E+02	1.747954E+02	
171	1.122456E+02	1.178803E+02	1.752647E+02	
172	1.124382E+02	1.176521E+02	1.753586E+02	
173	1.128644E+02	1.177636E+02	1.755761E+02	
174	1.122367E+02	1.179763E+02	1.760455E+02	
175	1.129730E+02	1.190230E+02	1.767554E+02	
176	1.128811E+02	1.191667E+02	1.772847E+02	
177	1.129783E+02	1.197078E+02	1.768311E+02	
178	1.127299E+02	1.192852E+02	1.767316E+02	
179	1.130757E+02	1.193456E+02	1.778674E+02	
180	1.132305E+02	1.197784E+02	1.783226E+02	
181	1.128073E+02	1.197334E+02	1.781751E+02	
182	1.135166E+02	1.203486E+02	1.793777E+02	
183	1.135482E+02	1.206032E+02	1.793922E+02	
184	1.128778E+02	1.200649E+02	1.787148E+02	
185	1.133873E+02	1.207701E+02	1.791908E+02	
186	1.134204E+02	1.205966E+02	1.800440E+02	
187	1.141174E+02	1.210592E+02	1.796043E+02	
188	1.137454E+02	1.210504E+02	1.787839E+02	
189	1.138583E+02	1.208565E+02	1.792778E+02	
190	1.137930E+02	1.216131E+02	1.805437E+02	
191	1.143826E+02	1.212747E+02	1.797593E+02	
192	1.138901E+02	1.221666E+02	1.793793E+02	
193	1.144053E+02	1.222778E+02	1.806153E+02	
194	1.150592E+02	1.222724E+02	1.801368E+02	
195	1.149773E+02	1.226219E+02	1.818663E+02	
196	1.149385E+02	1.233100E+02	1.817400E+02	
197	1.156698E+02	1.237260E+02	1.820535E+02	
198	1.164265E+02	1.238783E+02	1.837256E+02	
199	1.160671E+02	1.236183E+02	1.839349E+02	
200	1.164883E+02	1.247444E+02	1.834791E+02	
201	1.169651E+02	1.241954E+02	1.838988E+02	
202	1.173691E+02	1.247531E+02	1.844251E+02	
203	1.170038E+02	1.260366E+02	1.855227E+02	
204	1.174193E+02	1.243016E+02	1.855796E+02	
205	1.171213E+02	1.254360E+02	1.861831E+02	
206	1.178553E+02	1.250915E+02	1.863089E+02	
207	1.190948E+02	1.256945E+02	1.860169E+02	
208	1.192737E+02	1.261232E+02	1.861141E+02	
209	1.184543E+02	1.254989E+02	1.874893E+02	
210	1.179946E+02	1.258203E+02	1.873364E+02	
211	1.192768E+02	1.260319E+02	1.878756E+02	
212	1.191546E+02	1.257659E+02	1.870608E+02	
213	1.185815E+02	1.267098E+02	1.886488E+02	
214	1.198814E+02	1.260943E+02	1.895093E+02	
215	1.204507E+02	1.273602E+02	1.897968E+02	
216	1.203652E+02	1.270532E+02	1.888249E+02	
217	1.200122E+02	1.276259E+02	1.899768E+02	
218	1.206033E+02	1.267005E+02	1.921538E+02	
219	1.206127E+02	1.274494E+02	1.914597E+02	
220	1.210842E+02	1.278280E+02	1.909195E+02	
221	1.214526E+02	1.271757E+02	1.917638E+02	
222	1.205477E+02	1.284718E+02	1.917559E+02	
223	1.211766E+02	1.282408E+02	1.924075E+02	
224	1.222559E+02	1.283740E+02	1.927367E+02	
225	1.227307E+02	1.282567E+02	1.927150E+02	
226	1.227917E+02	1.296926E+02	1.934492E+02	
227	1.232408E+02	1.295269E+02	1.952035E+02	
228	1.203186E+02	1.294138E+02	1.938262E+02	
229	1.231221E+02	1.298038E+02	1.927934E+02	
230	1.224797E+02	1.296803E+02	1.932156E+02	
231	1.240912E+02	1.304383E+02	1.941421E+02	
232	1.231420E+02	1.292693E+02	1.927488E+02	
233	1.241463E+02	1.308918E+02	1.935791E+02	
234	1.244543E+02	1.295555E+02	1.933994E+02	
235	1.246957E+02	1.303407E+02	1.936475E+02	
236	1.247634E+02	1.296773E+02	1.930325E+02	
237	1.249983E+02	1.293487E+02	1.931492E+02	
238	1.275741E+02	1.294453E+02	1.939179E+02	
239	1.259545E+02	1.287001E+02	1.933522E+02	
240	1.268393E+02	1.283338E+02	1.930815E+02	
241	1.303448E+02	1.288970E+02	1.953624E+02	
242	1.282575E+02	1.285309E+02	1.933030E+02	
243	1.288769E+02	1.282504E+02	1.942088E+02	
244	1.285214E+02	1.292723E+02	1.943006E+02	
245	1.274814E+02	1.281846E+02	1.944599E+02	
246	1.277563E+02	1.289151E+02	1.927516E+02	
247	1.270990E+02	1.295285E+02	1.938343E+02	
248	1.276280E+02	1.287519E+02	1.935836E+02	
249	1.287835E+02	1.287463E+02	1.928167E+02	
250	1.293110E+02	1.284935E+02	1.924172E+02	
251	1.281116E+02	1.286584E+02	1.936297E+02	
252	1.291979E+02	1.284093E+02	1.928202E+02	
253	1.279304E+02	1.290752E+02	1.923053E+02	
254	1.287120E+02	1.283873E+02	1.922095E+02	
255	1.271715E+02	1.287137E+02	1.903046E+02	
256	1.266081E+02	1.283454E+02	1.932086E+02	
257	1.276417E+02	1.282736E+02	1.926627E+02	
258	1.258228E+02	1.296988E+02	1.919057E+02	
259	1.269742E+02	1.293854E+02	1.923499E+02	
260	1.266778E+02	1.284548E+02	1.918045E+02	
261	1.239212E+02	1.292543E+02	1.927243E+02	
262	1.249451E+02	1.282432E+02	1.924852E+02	
263	1.264046E+02	1.287375E+02	1.913932E+02	
264	1.242586E+02	1.283213E+02	1.918299E+02	
265	1.240777E+02	1.284024E+02	1.921072E+02	
266	1.220569E+02	1.289628E+02	1.928970E+02	
267	1.228561E+02	1.282131E+02	1.911341E+02	
268	1.230178E+02	1.283831E+02	1.922406E+02	
269	1.248307E+02	1.275488E+02	1.913217E+02	
270	1.288027E+02	1.284780E+02	1.921478E+02	
271	1.227592E+02	1.285876E+02	1.917578E+02	
272	1.244557E+02	1.276908E+02	1.909059E+02	
273	1.204668E+02	1.281366E+02	1.923765E+02	
274	1.234354E+02	1.277078E+02	1.891401E+02	
275	1.239154E+02	1.288348E+02	1.906057E+02	
276	1.233536E+02	1.273554E+02	1.902785E+02	
277	1.210979E+02	1.277302E+02	1.893606E+02	
278	1.218379E+02	1.278603E+02	1.882796E+02	
279	1.194550E+02	1.268623E+02	1.889380E+02	
280	1.218308E+02	1.272936E+02	1.885651E+02	
281	1.213299E+02	1.271388E+02	1.881633E+02	
282	1.229264E+02	1.268163E+02	1.895520E+02	
283	1.215159E+02	1.266471E+02	1.887309E+02	
284	1.184128E+02	1.265481E+02	1.900455E+02	
285	1.222866E+02	1.272791E+02	1.895972E+02	
286	1.217354E+02	1.262404E+02	1.882283E+02	
287	1.202092E+02	1.270666E+02	1.889124E+02	
288	1.199246E+02	1.267902E+02	1.873775E+02	
289	1.215237E+02	1.265131E+02	1.897042E+02	
290	1.162001E+02	1.268425E+02	1.885515E+02	
291	1.174251E+02	1.268296E+02	1.891864E+02	
292	1.194063E+02	1.268122E+02	1.896042E+02	
293	1.237714E+02	1.265430E+02	1.884905E+02	
294	1.186110E+02	1.278799E+02	1.893818E+02	
295	1.178470E+02	1.263172E+02	1.894565E+02	
296	1.187048E+02	1.270224E+02	1.900362E+02	
297	1.212530E+02	1.264438E+02	1.883002E+02	
298	1.213783E+02	1.262910E+02	1.870220E+02	
299	1.190653E+02	1.262937E+02	1.878101E+02	
300	1.204780E+02	1.262985E+02	1.891467E+02	
301	1.187790E+02	1.262905E+02	1.893909E+02	
302	1.218562E+02	1.257622E+02	1.881770E+02	
303	1.173130E+02	1.260884E+02	1.863282E+02	
304	1.173045E+02	1.263288E+02	1.882307E+02	
305	1.177692E+02	1.266647E+02	1.883461E+02	
306	1.150341E+02	1.259834E+02	1.878993E+02	
307	1.180267E+02	1.260912E+02	1.873489E+02	
308	1.131373E+02	1.259417E+02	1.872307E+02	
309	1.188714E+02	1.265092E+02	1.869460E+02	
310	1.192873E+02	1.267812E+02	1.866099E+02	
311	1.198048E+02	1.268011E+02	1.871030E+02	
312	1.168764E+02	1.265831E+02	1.854535E+02	
313	1.199482E+02	1.267091E+02	1.867560E+02	
314	1.224124E+02	1.258331E+02	1.860219E+02	
315	1.193096E+02	1.268797E+02	1.872784E+02	
316	1.192228E+02	1.268389E+02	1.864423E+02	
317	1.191216E+02	1.267380E+02	1.857036E+02	
318	1.193021E+02	1.268179E+02	1.869203E+02	
319	1.202384E+02	1.263258E+02	1.855875E+02	
320	1.183618E+02	1.260690E+02	1.867951E+02	
321	1.161290E+02	1.255613E+02	1.860200E+02	
322	1.196813E+02	1.262722E+02	1.851287E+02	
323	1.202365E+02	1.266510E+02	1.877025E+02	
324	1.195637E+02	1.263915E+02	1.869952E+02	
325	1.150017E+02	1.254648E+02	1.878289E+02	
326	1.138663E+02	1.255833E+02	1.878704E+02	
327	1.209860E+02	1.263353E+02	1.866356E+02	
328	1.168536E+02	1.257411E+02	1.879599E+02	
329	1.157544E+02	1.259613E+02	1.867117E+02	
330	1.182818E+02	1.258860E+02	1.873225E+02	
331	1.164226E+02	1.263157E+02	1.865628E+02	
332	1.159405E+02	1.257526E+02	1.860585E+02	
333	1.206828E+02	1.264096E+02	1.873237E+02	
334	1.199004E+02	1.269582E+02	1.881419E+02	
335	1.222912E+02	1.262622E+02	1.877302E+02	
336	1.232688E+02	1.269712E+02	1.863974E+02	
337	1.193788E+02	1.257891E+02	1.861740E+02	
338	1.249119E+02	1.269202E+02	1.870553E+02	
339	1.221321E+02	1.270284E+02	1.853404E+02	
340	1.237401E+02	1.267963E+02	1.879153E+02	
341	1.193644E+02	1.266696E+02	1.868441E+02	
342	1.240267E+02	1.267930E+02	1.867313E+02	
343	1.133853E+02	1.268604E+02	1.872180E+02	
344	1.161752E+02	1.260397E+02	1.863336E+02	
345	1.143513E+02	1.258429E+02	1.861518E+02	
346	1.141274E+02	1.260945E+02	1.850359E+02	
347	1.159255E+02	1.271546E+02	1.862631E+02	
348	1.148225E+02	1.274408E+02	1.856522E+02	
349	1.107585E+02	1.269954E+02	1.841566E+02	
350	1.128399E+02	1.268834E+02	1.857262E+02	
351	1.129421E+02	1.274128E+02	1.854553E+02	
352	1.112535E+02	1.268416E+02	1.859710E+02	
353	1.118760E+02	1.274552E+02	1.861697E+02	
354	1.119110E+02	1.282691E+02	1.868591E+02	
355	1.082941E+02	1.280155E+02	1.863340E+02	
356	1.069770E+02	1.275850E+02	1.859482E+02	
357	1.078239E+02	1.280708E+02	1.867640E+02	
358	1.083858E+02	1.279322E+02	1.866430E+02	
359	1.084646E+02	1.283230E+02	1.861955E+02	
360	1.080375E+02	1.275226E+02	1.865307E+02	
361	1.057799E+02	1.274902E+02	1.867006E+02	
362	1.076039E+02	1.280790E+02	1.866931E+02	
363	1.080369E+02	1.282645E+02	1.857531E+02	
364	1.080528E+02	1.278412E+02	1.853276E+02	
365	1.094350E+02	1.280122E+02	1.857711E+02	
366	1.070666E+02	1.274152E+02	1.838044E+02	
367	1.078256E+02	1.280629E+02	1.865421E+02	
368	1.103167E+02	1.269898E+02	1.847630E+02	
369	1.079509E+02	1.282480E+02	1.851840E+02	
370	1.104736E+02	1.279396E+02	1.853370E+02	
371	1.114255E+02	1.272947E+02	1.841779E+02	
372	1.078703E+02	1.280214E+02	1.863411E+02	
373	1.070698E+02	1.277748E+02	1.849018E+02	
374	1.071474E+02	1.279860E+02	1.854418E+02	
375	1.048954E+02	1.276390E+02	1.851059E+02	
376	1.037862E+02	1.281438E+02	1.857014E+02	
377	1.065641E+02	1.279268E+02	1.842596E+02	
378	1.030966E+02	1.272496E+02	1.856864E+02	
379	1.026162E+02	1.281045E+02	1.851862E+02	
380	9.959129E+01	1.278913E+02	1.857838E+02	
381	1.019958E+02	1.263427E+02	1.850837E+02	
382	9.855441E+01	1.273018E+02	1.854701E+02	
383	9.955713E+01	1.259841E+02	1.861436E+02	
384	1.037365E+02	1.268293E+02	1.859275E+02	
385	9.756072E+01	1.269013E+02	1.833766E+02	
386	1.000114E+02	1.266474E+02	1.853585E+02	
387	9.881748E+01	1.267620E+02	1.847459E+02	
388	1.001441E+02	1.274913E+02	1.842493E+02	
389	1.029025E+02	1.277677E+02	1.833443E+02	
390	9.629248E+01	1.265048E+02	1.834435E+02	
391	9.651513E+01	1.268460E+02	1.849393E+02	
392	9.966811E+01	1.262649E+02	1.838420E+02	
393	9.820204E+01	1.267736E+02	1.845384E+02	
394	9.824400E+01	1.264029E+02	1.843597E+02	
395	9.757861E+01	1.261847E+02	1.833240E+02	
396	9.534347E+01	1.265117E+02	1.833167E+02	
397	9.579646E+01	1.271117E+02	1.825582E+02	
398	9.491954E+01	1.266803E+02	1.839261E+02	
399	9.375326E+01	1.265294E+02	1.824342E+02	
400	9.268772E+01	1.258540E+02	1.825184E+02	
401	9.490146E+01	1.268115E+02	1.844372E+02	
402	9.321743E+01	1.267319E+02	1.827215E+02	
403	9.381448E+01	1.271665E+02	1.833603E+02	
404	9.817310E+01	1.265591E+02	1.834729E+02	
405	9.457705E+01	1.276582E+02	1.842193E+02	
406	8.886822E+01	1.262711E+02	1.838098E+02	
407	9.544553E+01	1.266210E+02	1.848018E+02	
408	9.166510E+01	1.267517E+02	1.833676E+02	
409	9.742853E+01	1.268363E+02	1.843730E+02	
410	1.020526E+02	1.268389E+02	1.843126E+02	
411	9.137003E+01	1.261746E+02	1.827124E+02	
412	9.685204E+01	1.248862E+02	1.840845E+02	
413	9.394384E+01	1.270156E+02	1.835409E+02	
414	9.526624E+01	1.263750E+02	1.852585E+02	
415	9.445820E+01	1.262877E+02	1.844860E+02	
416	9.525300E+01	1.264921E+02	1.850346E+02	
417	1.025048E+02	1.260175E+02	1.812907E+02	
418	9.681856E+01	1.266936E+02	1.833485E+02	
419	9.678854E+01	1.267299E+02	1.837907E+02	
420	9.581926E+01	1.262241E+02	1.822390E+02	
421	1.001707E+02	1.275192E+02	1.816735E+02	
422	9.686823E+01	1.274298E+02	1.836996E+02	
423	9.766638E+01	1.277897E+02	1.852623E+02	
424	1.005378E+02	1.287336E+02	1.825675E+02	
425	1.056942E+02	1.279881E+02	1.855139E+02	
426	1.035088E+02	1.276048E+02	1.823985E+02	
427	1.011106E+02	1.267779E+02	1.843150E+02	
428	1.043009E+02	1.274867E+02	1.826848E+02	
429	1.084167E+02	1.280607E+02	1.829526E+02	
430	1.092952E+02	1.279548E+02	1.832541E+02	
431	1.129326E+02	1.263479E+02	1.814735E+02	
432	1.106611E+02	1.270693E+02	1.825003E+02	
433	1.114097E+02	1.279410E+02	1.822007E+02	
434	1.023991E+02	1.282214E+02	1.800477E+02	
435	1.093355E+02	1.286438E+02	1.789050E+02	
436	1.067150E+02	1.287623E+02	1.805975E+02	
437	1.056737E+02	1.293864E+02	1.807263E+02	
438	1.091238E+02	1.291608E+02	1.778832E+02	
439	1.093217E+02	1.289995E+02	1.769808E+02	
440	1.066551E+02	1.294198E+02	1.797212E+02	
441	1.085163E+02	1.302848E+02	1.800738E+02	
442	1.068854E+02	1.284090E+02	1.792685E+02	
443	1.155679E+02	1.268469E+02	1.777583E+02	
444	1.084056E+02	1.279662E+02	1.805803E+02	
445	1.071692E+02	1.316401E+02	1.787705E+02	
446	1.034900E+02	1.277520E+02	1.797380E+02	
447	1.055507E+02	1.299001E+02	1.795583E+02	
448	9.543162E+01	1.282400E+02	1.817294E+02	
449	9.798547E+01	1.284786E+02	1.790858E+02	
450	9.985819E+01	1.249590E+02	1.796183E+02	
451	9.716162E+01	1.265832E+02	1.815870E+02	
452	9.796556E+01	1.227414E+02	1.796300E+02	
453	8.488325E+01	1.240666E+02	1.810085E+02	
454	9.875704E+01	1.246334E+02	1.798283E+02	
455	8.273918E+01	1.246381E+02	1.812732E+02	
456	8.714426E+01	1.286014E+02	1.839041E+02	
457	8.547789E+01	1.276051E+02	1.787245E+02	
458	9.704234E+01	1.274816E+02	1.819809E+02	
459	1.147394E+02	1.259830E+02	1.821074E+02	
460	8.787193E+01	1.243265E+02	1.777383E+02	
461	9.683961E+01	1.258036E+02	1.796649E+02	
462	8.610594E+01	1.288615E+02	1.798153E+02	
463	9.035118E+01	1.237484E+02	1.782339E+02	
464	1.066389E+02	1.278789E+02	1.784914E+02	
465	9.978605E+01	1.230310E+02	1.814473E+02	
466	1.099164E+02	1.286242E+02	1.775202E+02	
467	9.702292E+01	1.247816E+02	1.855058E+02	
468	9.913319E+01	1.268063E+02	1.804521E+02	
469	9.574495E+01	1.276962E+02	1.805273E+02	
470	1.027516E+02	1.204157E+02	1.841122E+02	
471	9.351779E+01	1.276392E+02	1.824697E+02	
472	9.069735E+01	1.234585E+02	1.866233E+02	
473	1.050454E+02	1.239491E+02	1.799271E+02	
474	1.032272E+02	1.248289E+02	1.780685E+02	
475	9.484472E+01	1.216376E+02	1.832183E+02	
476	9.528345E+01	1.231344E+02	1.812738E+02	
477	9.142812E+01	1.257741E+02	1.903404E+02	
478	8.561570E+01	1.208108E+02	1.784147E+02	
479	8.928242E+01	1.208481E+02	1.743824E+02	
480	7.441725E+01	1.202930E+02	1.842448E+02	
481	7.096738E+01	1.217098E+02	1.782361E+02	
482	8.142935E+01	1.247142E+02	1.857660E+02	
483	7.130008E+01	1.198830E+02	1.814174E+02	
484	7.851250E+01	1.234560E+02	1.891192E+02	
485	6.972818E+01	1.232491E+02	1.899273E+02	
486	7.460686E+01	1.375014E+02	1.825404E+02	
487	6.948034E+01	1.304217E+02	1.893177E+02	
488	7.745074E+01	1.211583E+02	1.941274E+02	
489	6.948034E+01	1.302673E+02	1.898365E+02	
490	6.990520E+01	1.174169E+02	1.852745E+02	
491	7.993704E+01	1.264887E+02	1.907897E+02	
492	6.948034E+01	1.315175E+02	1.885431E+02	
493	7.819426E+01	1.178488E+02	1.986424E+02	
494	6.948034E+01	1.362052E+02	1.915581E+02	
495	7.720290E+01	1.158196E+02	1.944182E+02	
496	6.948034E+01	1.365980E+02	1.893604E+02	
497	6.948034E+01	1.177636E+02	1.913427E+02	
498	6.948034E+01	1.239775E+02	1.876126E+02	
499	6.948034E+01	1.437841E+02	1.835382E+02	
500	0.000000E+00	0.000000E+00	0.000000E+00	
501	6.948034E+01	1.372592E+02	1.882796E+02	
502	0.000000E+00	0.000000E+00	0.000000E+00	
503	0.000000E+00	1.347678E+02	1.823010E+02	
504	0.000000E+00	0.000000E+00	0.000000E+00	
505	0.000000E+00	1.351142E+02	1.759561E+02	
506	0.000000E+00	1.392975E+02	2.296535E+02	
507	0.000000E+00	0.000000E+00	0.000000E+00	
508	0.000000E+00	1.412808E+02	1.901686E+02	
509	0.000000E+00	0.000000E+00	0.000000E+00	
510	0.000000E+00	1.351620E+02	1.832081E+02	
511	0.000000E+00	0.000000E+00	0.000000E+00	
512	0.000000E+00	1.391377E+02	1.548728E+02	
513	0.000000E+00	0.000000E+00	0.000000E+00	
514	0.000000E+00	0.000000E+00	0.000000E+00	
515	0.000000E+00	1.147494E+02	1.112055E+02	
516	0.000000E+00	0.000000E+00	0.000000E+00	
517	0.000000E+00	1.493279E+02	1.233850E+02	
518	0.000000E+00	0.000000E+00	0.000000E+00	
519	0.000000E+00	4.426984E+01	9.138152E+01	
520	0.000000E+00	0.000000E+00	0.000000E+00	
521	0.000000E+00	0.000000E+00	0.000000E+00	
522	0.000000E+00	0.000000E+00	0.000000E+00	
523	0.000000E+00	0.000000E+00	0.000000E+00	
524	0.000000E+00	0.000000E+00	0.000000E+00	
525	0.000000E+00	0.000000E+00	0.000000E+00	
526	0.000000E+00	0.000000E+00	0.000000E+00	
527	0.000000E+00	0.000000E+00	0.000000E+00	
528	0.000000E+00	0.000000E+00	0.000000E+00	
529	0.000000E+00	0.000000E+00	0.000000E+00	
530	0.000000E+00	0.000000E+00	0.000000E+00	
531	0.000000E+00	0.000000E+00	0.000000E+00	
532	0.000000E+00	0.000000E+00	0.000000E+00	
533	0.000000E+00	0.000000E+00	0.000000E+00	
534	0.000000E+00	0.000000E+00	0.000000E+00	
535	0.000000E+00	0.000000E+00	0.000000E+00	
536	0.000000E+00	0.000000E+00	0.000000E+00	
537	0.000000E+00	0.000000E+00	0.000000E+00	
538	0.000000E+00	0.000000E+00	0.000000E+00	
539	0.000000E+00	0.000000E+00	0.000000E+00	
540	0.000000E+00	0.000000E+00	0.000000E+00	
541	0.000000E+00	0.000000E+00	0.000000E+00	
542	0.000000E+00	0.000000E+00	0.000000E+00	
543	0.000000E+00	0.000000E+00	0.000000E+00	
544	0.000000E+00	0.000000E+00	0.000000E+00	
545	0.000000E+00	0.000000E+00	0.000000E+00	
546	0.000000E+00	0.000000E+00	0.000000E+00	
547	0.000000E+00	0.000000E+00	0.000000E+00	
548	0.000000E+00	0.000000E+00	0.000000E+00	
549	0.000000E+00	0.000000E+00	0.000000E+00	
550	0.000000E+00	0.000000E+00	0.000000E+00	
551	0.000000E+00	0.000000E+00	0.000000E+00	
552	0.000000E+00	0.000000E+00	0.000000E+00	
553	0.000000E+00	0.000000E+00	0.000000E+00	
554	0.000000E+00	0.000000E+00	0.000000E+00	
555	0.000000E+00	0.000000E+00	0.000000E+00	
556	0.000000E+00	0.000000E+00	0.000000E+00	
557	0.000000E+00	0.000000E+00	0.000000E+00	
558	0.000000E+00	0.000000E+00	0.000000E+00	
559	0.000000E+00	0.000000E+00	0.000000E+00	
560	0.000000E+00	0.000000E+00	0.000000E+00	
561	0.000000E+00	0.000000E+00	0.000000E+00	
562	0.000000E+00	0.000000E+00	0.000000E+00	
563	0.000000E+00	0.000000E+00	0.000000E+00	
564	0.000000E+00	0.000000E+00	0.000000E+00	
565	0.000000E+00	0.000000E+00	0.000000E+00	
566	0.000000E+00	0.000000E+00	0.000000E+00	
567	0.000000E+00	0.000000E+00	0.000000E+00	
568	0.000000E+00	0.000000E+00	0.000000E+00	
569	0.000000E+00	0.000000E+00	0.000000E+00	
570	0.000000E+00	0.000000E+00	0.000000E+00	
571	0.000000E+00	0.000000E+00	0.000000E+00	
572	0.000000E+00	0.000000E+00	0.000000E+00	
573	0.000000E+00	0.000000E+00	0.000000E+00	
574	0.000000E+00	0.000000E+00	0.000000E+00	
575	0.000000E+00	0.000000E+00	0.000000E+00	
576	0.000000E+00	0.000000E+00	0.000000E+00	
577	0.000000E+00	0.000000E+00	0.000000E+00	
578	0.000000E+00	0.000000E+00	0.000000E+00	
579	0.000000E+00	0.000000E+00	0.000000E+00	
580	0.000000E+00	0.000000E+00	0.000000E+00	
581	0.000000E+00	0.000000E+00	0.000000E+00	
582	0.000000E+00	0.000000E+00	0.000000E+00	
583	0.000000E+00	0.000000E+00	0.000000E+00	
584	0.000000E+00	0.000000E+00	0.000000E+00	
585	0.000000E+00	0.000000E+00	0.000000E+00	
586	0.000000E+00	0.000000E+00	0.000000E+00	
587	0.000000E+00	0.000000E+00	0.000000E+00	
588	0.000000E+00	0.000000E+00	0.000000E+00	
589	0.000000E+00	0.000000E+00	0.000000E+00	
590	0.000000E+00	0.000000E+00	0.000000E+00	
591	0.000000E+00	0.000000E+00	0.000000E+00	
592	0.000000E+00	0.000000E+00	0.000000E+00	
593	0.000000E+00	0.000000E+00	0.000000E+00	
594	0.000000E+00	0.000000E+00	0.000000E+00	
595	0.000000E+00	0.000000E+00	0.000000E+00	
596	0.000000E+00	0.000000E+00	0.000000E+00	
597	0.000000E+00	0.000000E+00	0.000000E+00	
598	0.000000E+00	0.000000E+00	0.000000E+00	
599	0.000000E+00	0.000000E+00	0.000000E+00	
#NewRun
0	1.285935E+02	1.290346E+02	1.642220E+02	
1	0.000000E+00	0.000000E+00	0.000000E+00	
2	0.000000E+00	0.000000E+00	0.000000E+00	
3	0.000000E+00	0.000000E+00	0.000000E+00	
4	1.174300E+02	1.198335E+02	1.682603E+02	
5	1.184916E+02	1.256118E+02	1.681179E+02	
6	1.205729E+02	1.261124E+02	1.668769E+02	
7	0.000000E+00	0.000000E+00	0.000000E+00	
8	1.202389E+02	1.216546E+02	1.734102E+02	
9	1.208156E+02	1.224383E+02	1.693526E+02	
10	0.000000E+00	0.000000E+00	0.000000E+00	
11	1.193099E+02	1.251876E+02	1.738289E+02	
12	1.188009E+02	1.232230E+02	1.779233E+02	
13	1.195862E+02	1.260001E+02	1.758070E+02	
14	1.213805E+02	1.228794E+02	1.766294E+02	
15	0.000000E+00	0.000000E+00	0.000000E+00	
16	1.189211E+02	1.229662E+02	1.751189E+02	
17	1.191287E+02	1.254595E+02	1.753613E+02	
18	1.204738E+02	1.235075E+02	1.751990E+02	
19	1.180057E+02	1.230538E+02	1.733881E+02	
20	1.199075E+02	1.229520E+02	1.764709E+02	
21	1.190783E+02	1.223543E+02	1.766055E+02	
22	1.200967E+02	1.225037E+02	1.744549E+02	
23	1.189246E+02	1.226390E+02	1.746876E+02	
24	1.194224E+02	1.239128E+02	1.765831E+02	
25	1.193898E+02	1.212811E+02	1.754655E+02	
26	1.195793E+02	1.221610E+02	1.760466E+02	
27	1.184106E+02	1.219665E+02	1.753107E+02	
28	1.203073E+02	1.214057E+02	1.773743E+02	
29	1.187561E+02	1.212605E+02	1.751059E+02	
30	1.199743E+02	1.216455E+02	1.731876E+02	
31	1.191432E+02	1.213107E+02	1.746035E+02	
32	1.190188E+02	1.211914E+02	1.749009E+02	
33	1.194397E+02	1.203076E+02	1.743824E+02	
34	1.189520E+02	1.190906E+02	1.750845E+02	
35	1.194348E+02	1.197139E+02	1.735391E+02	
36	1.190055E+02	1.204402E+02	1.735537E+02	
37	1.191441E+02	1.190368E+02	1.721310E+02	
38	1.196026E+02	1.193727E+02	1.722334E+02	
39	1.184505E+02	1.186122E+02	1.710218E+02	
40	1.192916E+02	1.186070E+02	1.731730E+02	
41	1.184855E+02	1.187713E+02	1.721018E+02	
42	1.181603E+02	1.181249E+02	1.718073E+02	
43	1.189281E+02	1.185014E+02	1.722928E+02	
44	1.184757E+02	1.180439E+02	1.721333E+02	
45	1.183884E+02	1.182449E+02	1.719341E+02	
46	1.180143E+02	1.179528E+02	1.708483E+02	
47	1.183105E+02	1.171568E+02	1.696873E+02	
48	1.180747E+02	1.175133E+02	1.711355E+02	
49	1.181995E+02	1.176949E+02	1.697983E+02	
50	1.178869E+02	1.174506E+02	1.708232E+02	
51	1.178149E+02	1.177648E+02	1.703587E+02	
52	1.181788E+02	1.173397E+02	1.708367E+02	
53	1.179756E+02	1.172952E+02	1.697563E+02	
54	1.180362E+02	1.179635E+02	1.706910E+02	
55	1.179429E+02	1.175122E+02	1.700505E+02	
56	1.177219E+02	1.175637E+02	1.709585E+02	
57	1.173863E+02	1.176045E+02	1.707028E+02	
58	1.170015E+02	1.173213E+02	1.710378E+02	
59	1.175233E+02	1.178100E+02	1.714108E+02	
60	1.171855E+02	1.172022E+02	1.702413E+02	
61	1.170214E+02	1.169334E+02	1.703493E+02	
62	1.166856E+02	1.175797E+02	1.707515E+02	
63	1.167303E+02	1.171459E+02	1.694544E+02	
64	1.165641E+02	1.163351E+02	1.704184E+02	
65	1.162976E+02	1.170585E+02	1.702426E+02	
66	1.163778E+02	1.165197E+02	1.696333E+02	
67	1.162521E+02	1.166551E+02	1.695317E+02	
68	1.159328E+02	1.165053E+02	1.700560E+02	
69	1.158774E+02	1.163105E+02	1.688415E+02	
70	1.159503E+02	1.163703E+02	1.683321E+02	
71	1.155285E+02	1.159166E+02	1.689485E+02	
72	1.160284E+02	1.158934E+02	1.673203E+02	
73	1.156521E+02	1.157763E+02	1.674982E+02	
74	1.158423E+02	1.157905E+02	1.672501E+02	
75	1.156501E+02	1.158310E+02	1.666805E+02	
76	1.155044E+02	1.155288E+02	1.669993E+02	
77	1.153172E+02	1.158118E+02	1.663656E+02	
78	1.151213E+02	1.154569E+02	1.658290E+02	
79	1.148048E+02	1.158697E+02	1.659302E+02	
80	1.150254E+02	1.154387E+02	1.654622E+02	
81	1.147046E+02	1.150667E+02	1.646869E+02	
82	1.144114E+02	1.154177E+02	1.649845E+02	
83	1.141100E+02	1.148921E+02	1.648623E+02	
84	1.144678E+02	1.147869E+02	1.645660E+02	
85	1.142617E+02	1.146088E+02	1.641177E+02	
86	1.139779E+02	1.144870E+02	1.645218E+02	
87	1.137223E+02	1.144858E+02	1.641669E+02	
88	1.137547E+02	1.138636E+02	1.641677E+02	
89	1.139040E+02	1.141172E+02	1.646533E+02	
90	1.134530E+02	1.139226E+02	1.642303E+02	
91	1.135261E+02	1.139452E+02	1.648074E+02	
92	1.136514E+02	1.140116E+02	1.643751E+02	
93	1.134128E+02	1.137755E+02	1.643558E+02	
94	1.130648E+02	1.137612E+02	1.643894E+02	
95	1.133401E+02	1.136924E+02	1.645102E+02	
96	1.132273E+02	1.141034E+02	1.641956E+02	
97	1.134039E+02	1.137730E+02	1.646951E+02	
98	1.129276E+02	1.138568E+02	1.646317E+02	
99	1.130526E+02	1.136084E+02	1.640927E+02	
100	1.131198E+02	1.137870E+02	1.642867E+02	
101	1.131520E+02	1.136744E+02	1.640836E+02	
102	1.125486E+02	1.136093E+02	1.637896E+02	
103	1.124701E+02	1.138075E+02	1.640321E+02	
104	1.125432E+02	1.133485E+02	1.639334E+02	
105	1.126997E+02	1.133097E+02	1.638802E+02	
106	1.123835E+02	1.133055E+02	1.643263E+02	
107	1.125315E+02	1.132168E+02	1.637399E+02	
108	1.125730E+02	1.133452E+02	1.636660E+02	
109	1.121572E+02	1.132408E+02	1.638976E+02	
110	1.120171E+02	1.128540E+02	1.634969E+02	
111	1.122136E+02	1.131465E+02	1.630968E+02	
112	1.121511E+02	1.133105E+02	1.639620E+02	
113	1.119150E+02	1.131525E+02	1.636360E+02	
114	1.119663E+02	1.129571E+02	1.637008E+02	
115	1.119424E+02	1.133391E+02	1.644287E+02	
116	1.116776E+02	1.130078E+02	1.636714E+02	
117	1.117491E+02	1.129823E+02	1.640688E+02	
118	1.117113E+02	1.131682E+02	1.636047E+02	
119	1.117547E+02	1.127958E+02	1.635204E+02	
120	1.118298E+02	1.132916E+02	1.643190E+02	
121	1.116740E+02	1.131320E+02	1.640271E+02	
122	1.117144E+02	1.130509E+02	1.640575E+02	
123	1.119537E+02	1.132225E+02	1.644015E+02	
124	1.114352E+02	1.133814E+02	1.643492E+02	
125	1.117825E+02	1.131775E+02	1.642015E+02	
126	1.115552E+02	1.133721E+02	1.651709E+02	
127	1.113724E+02	1.132913E+02	1.639132E+02	
128	1.113775E+02	1.132110E+02	1.649402E+02	
129	1.113388E+02	1.133570E+02	1.647779E+02	
130	1.114465E+02	1.132324E+02	1.649135E+02	
131	1.114695E+02	1.137452E+02	1.656780E+02	
132	1.112504E+02	1.134877E+02	1.647132E+02	
133	1.112674E+02	1.136998E+02	1.650003E+02	
134	1.114076E+02	1.143068E+02	1.654163E+02	
135	1.109864E+02	1.138755E+02	1.658774E+02	
136	1.111622E+02	1.142090E+02	1.655279E+02	
137	1.113416E+02	1.141393E+02	1.659300E+02	
138	1.111206E+02	1.145423E+02	1.661950E+02	
139	1.115380E+02	1.142684E+02	1.664476E+02	
140	1.112258E+02	1.147601E+02	1.667821E+02	
141	1.112950E+02	1.142517E+02	1.670347E+02	
142	1.116246E+02	1.142510E+02	1.668167E+02	
143	1.113198E+02	1.145483E+02	1.667791E+02	
144	1.113456E+02	1.147210E+02	1.666513E+02	
145	1.116215E+02	1.146805E+02	1.681724E+02	
146	1.115547E+02	1.144676E+02	1.679227E+02	
147	1.120003E+02	1.149284E+02	1.674084E+02	
148	1.118848E+02	1.147327E+02	1.685273E+02	
149	1.119698E+02	1.149381E+02	1.690777E+02	
150	1.114638E+02	1.152224E+02	1.686604E+02	
151	1.116332E+02	1.153491E+02	1.693491E+02	
152	1.119937E+02	1.153755E+02	1.696448E+02	
153	1.116705E+02	1.150358E+02	1.692610E+02	
154	1.118719E+02	1.153534E+02	1.702723E+02	
155	1.115760E+02	1.158166E+02	1.695206E+02	
156	1.120403E+02	1.159859E+02	1.714548E+02	
157	1.119696E+02	1.160225E+02	1.707889E+02	
158	1.125235E+02	1.161597E+02	1.709243E+02	
159	1.122113E+02	1.159043E+02	1.711426E+02	
160	1.125218E+02	1.162989E+02	1.717994E+02	
161	1.129712E+02	1.161201E+02	1.724843E+02	
162	1.122468E+02	1.166745E+02	1.726269E+02	
163	1.130464E+02	1.170553E+02	1.728220E+02	
164	1.129782E+02	1.170195E+02	1.736408E+02	
165	1.131543E+02	1.174340E+02	1.737029E+02	
166	1.130989E+02	1.181561E+02	1.743170E+02	
167	1.131136E+02	1.182991E+02	1.747331E+02	
168	1.131970E+02	1.181251E+02	1.755128E+02	
169	1.137070E+02	1.184793E+02	1.753990E+02	
170	1.137003E+02	1.188442E+02	1.760481E+02	
171	1.135620E+02	1.191673E+02	1.761073E+02	
172	1.144132E+02	1.194000E+02	1.774648E+02	
173	1.139231E+02	1.192409E+02	1.770127E+02	
174	1.141728E+02	1.205178E+02	1.770095E+02	
175	1.142146E+02	1.198391E+02	1.774868E+02	
176	1.142107E+02	1.202759E+02	1.783401E+02	
177	1.149453E+02	1.208951E+02	1.795940E+02	
178	1.146790E+02	1.208213E+02	1.793953E+02	
179	1.157169E+02	1.210410E+02	1.788166E+02	
180	1.152245E+02	1.214677E+02	1.797563E+02	
181	1.153289E+02	1.214341E+02	1.807218E+02	
182	1.152810E+02	1.217359E+02	1.802490E+02	
183	1.158482E+02	1.220235E+02	1.809344E+02	
184	1.165307E+02	1.221784E+02	1.802786E+02	
185	1.161780E+02	1.220792E+02	1.818453E+02	
186	1.157198E+02	1.221526E+02	1.821222E+02	
187	1.160573E+02	1.221523E+02	1.826602E+02	
188	1.173454E+02	1.231708E+02	1.838598E+02	
189	1.172921E+02	1.230220E+02	1.830912E+02	
190	1.174678E+02	1.237476E+02	1.840339E+02	
191	1.179996E+02	1.239275E+02	1.840584E+02	
192	1.190131E+02	1.242022E+02	1.845026E+02	
193	1.188380E+02	1.246417E+02	1.856022E+02	
194	1.179169E+02	1.242908E+02	1.848534E+02	
195	1.202129E+02	1.245717E+02	1.864425E+02	
196	1.203268E+02	1.253447E+02	1.863756E+02	
197	1.197188E+02	1.257256E+02	1.873767E+02	
198	1.198308E+02	1.258734E+02	1.873110E+02	
199	1.209792E+02	1.262321E+02	1.865297E+02	
200	1.206152E+02	1.260575E+02	1.888589E+02	
201	1.216441E+02	1.260730E+02	1.896059E+02	
202	1.204234E+02	1.274431E+02	1.892800E+02	
203	1.222149E+02	1.265738E+02	1.898591E+02	
204	1.225998E+02	1.267853E+02	1.909928E+02	
205	1.217349E+02	1.269667E+02	1.902620E+02	
206	1.244023E+02	1.272752E+02	1.917543E+02	
207	1.231585E+02	1.279870E+02	1.905271E+02	
208	1.246977E+02	1.276809E+02	1.920464E+02	
209	1.242533E+02	1.276439E+02	1.919906E+02	
210	1.245441E+02	1.276049E+02	1.901001E+02	
211	1.238985E+02	1.286935E+02	1.930802E+02	
212	1.243579E+02	1.275744E+02	1.921585E+02	
213	1.262400E+02	1.276613E+02	1.929125E+02	
214	1.248163E+02	1.289986E+02	1.930685E+02	
215	1.244358E+02	1.288033E+02	1.923482E+02	
216	1.249294E+02	1.286705E+02	1.934603E+02	
217	1.250379E+02	1.280122E+02	1.924970E+02	
218	1.251785E+02	1.282018E+02	1.928534E+02	
219	1.246787E+02	1.281947E+02	1.937670E+02	
220	1.243799E+02	1.280867E+02	1.931690E+02	
221	1.238500E+02	1.295567E+02	1.923338E+02	
222	1.256117E+02	1.293119E+02	1.926941E+02	
223	1.249664E+02	1.284450E+02	1.932863E+02	
224	1.255772E+02	1.287991E+02	1.944500E+02	
225	1.239160E+02	1.286086E+02	1.943074E+02	
226	1.256570E+02	1.291841E+02	1.941237E+02	
227	1.270102E+02	1.287861E+02	1.946777E+02	
228	1.274061E+02	1.282943E+02	1.941874E+02	
229	1.272625E+02	1.279253E+02	1.941330E+02	
230	1.297924E+02	1.284706E+02	1.947683E+02	
231	1.257706E+02	1.283037E+02	1.940231E+02	
232	1.257524E+02	1.285841E+02	1.936780E+02	
233	1.262564E+02	1.284769E+02	1.927923E+02	
234	1.221880E+02	1.282098E+02	1.940207E+02	
235	1.265779E+02	1.281762E+02	1.955754E+02	
236	1.246905E+02	1.273044E+02	1.947431E+02	
237	1.231151E+02	1.290310E+02	1.948292E+02	
238	1.230459E+02	1.281225E+02	1.962323E+02	
239	1.225327E+02	1.278750E+02	1.937488E+02	
240	1.196410E+02	1.275633E+02	1.953812E+02	
241	1.218007E+02	1.279439E+02	1.949773E+02	
242	1.235600E+02	1.282786E+02	1.933983E+02	
243	1.215952E+02	1.273238E+02	1.947151E+02	
244	1.207467E+02	1.276087E+02	1.928454E+02	
245	1.230995E+02	1.281560E+02	1.940733E+02	
246	1.225001E+02	1.275716E+02	1.932764E+02	
247	1.217396E+02	1.279556E+02	1.931197E+02	
248	1.201865E+02	1.277654E+02	1.934456E+02	
249	1.180809E+02	1.277985E+02	1.929746E+02	
250	1.215824E+02	1.283720E+02	1.925232E+02	
251	1.183254E+02	1.290958E+02	1.918815E+02	
252	1.201836E+02	1.265382E+02	1.915966E+02	
253	1.153776E+02	1.281878E+02	1.915594E+02	
254	1.174250E+02	1.269876E+02	1.920953E+02	
255	1.161258E+02	1.278597E+02	1.921585E+02	
256	1.161521E+02	1.281946E+02	1.924132E+02	
257	1.151094E+02	1.276402E+02	1.910952E+02	
258	1.153929E+02	1.284982E+02	1.916621E+02	
259	1.136807E+02	1.287020E+02	1.924322E+02	
260	1.154770E+02	1.273512E+02	1.927395E+02	
261	1.149971E+02	1.273939E+02	1.929752E+02	
262	1.140434E+02	1.286388E+02	1.925312E+02	
263	1.156335E+02	1.284032E+02	1.909467E+02	
264	1.131159E+02	1.284990E+02	1.920391E+02	
265	1.121828E+02	1.281089E+02	1.922606E+02	
266	1.121046E+02	1.285245E+02	1.918102E+02	
267	1.119622E+02	1.281410E+02	1.916015E+02	
268	1.116452E+02	1.286917E+02	1.901124E+02	
269	1.119929E+02	1.286560E+02	1.904181E+02	
270	1.111646E+02	1.289476E+02	1.902085E+02	
271	1.085049E+02	1.288663E+02	1.915528E+02	
272	1.112746E+02	1.273512E+02	1.903684E+02	
273	1.119312E+02	1.285645E+02	1.908740E+02	
274	1.129142E+02	1.288604E+02	1.885516E+02	
275	1.114284E+02	1.286865E+02	1.905160E+02	
276	1.111596E+02	1.280063E+02	1.909912E+02	
277	1.131554E+02	1.279626E+02	1.900118E+02	
278	1.119355E+02	1.284054E+02	1.904910E+02	
279	1.091037E+02	1.273063E+02	1.896833E+02	
280	1.094860E+02	1.277797E+02	1.892908E+02	
281	1.144880E+02	1.278327E+02	1.898597E+02	
282	1.129043E+02	1.274560E+02	1.913389E+02	
283	1.128809E+02	1.277231E+02	1.895956E+02	
284	1.110493E+02	1.275402E+02	1.901248E+02	
285	1.094463E+02	1.267728E+02	1.889906E+02	
286	1.112643E+02	1.276100E+02	1.894561E+02	
287	1.088996E+02	1.266653E+02	1.896076E+02	
288	1.090415E+02	1.281218E+02	1.898636E+02	
289	1.047236E+02	1.267093E+02	1.884318E+02	
290	1.067855E+02	1.273758E+02	1.898525E+02	
291	1.090648E+02	1.266927E+02	1.892858E+02	
292	1.054676E+02	1.269485E+02	1.892512E+02	
293	1.047978E+02	1.270286E+02	1.885152E+02	
294	1.036935E+02	1.274049E+02	1.909966E+02	
295	1.062582E+02	1.267610E+02	1.883977E+02	
296	1.054122E+02	1.271265E+02	1.893195E+02	
297	1.044471E+02	1.261453E+02	1.886236E+02	
298	1.041386E+02	1.265551E+02	1.894200E+02	
299	1.071647E+02	1.270442E+02	1.881798E+02	
300	1.056279E+02	1.274654E+02	1.881114E+02	
301	1.066970E+02	1.266926E+02	1.886910E+02	
302	1.060004E+02	1.272671E+02	1.883487E+02	
303	1.049341E+02	1.278142E+02	1.885467E+02	
304	1.093881E+02	1.268106E+02	1.875275E+02	
305	1.039827E+02	1.266919E+02	1.889053E+02	
306	1.055615E+02	1.279589E+02	1.875557E+02	
307	1.049193E+02	1.265717E+02	1.884515E+02	
308	1.029392E+02	1.266816E+02	1.893429E+02	
309	1.035445E+02	1.269479E+02	1.882083E+02	
310	1.049673E+02	1.267278E+02	1.891097E+02	
311	1.035401E+02	1.270852E+02	1.874679E+02	
312	1.035881E+02	1.269767E+02	1.878976E+02	
313	1.048242E+02	1.262305E+02	1.881831E+02	
314	1.024448E+02	1.263423E+02	1.870635E+02	
315	1.079697E+02	1.266534E+02	1.873073E+02	
316	1.044362E+02	1.257552E+02	1.875708E+02	
317	1.045799E+02	1.260810E+02	1.866956E+02	
318	1.074347E+02	1.258272E+02	1.858525E+02	
319	1.044297E+02	1.256848E+02	1.864946E+02	
320	1.042825E+02	1.260436E+02	1.873034E+02	
321	1.027404E+02	1.264833E+02	1.867472E+02	
322	1.054362E+02	1.257135E+02	1.870027E+02	
323	1.012501E+02	1.260154E+02	1.854253E+02	
324	1.026020E+02	1.255636E+02	1.854355E+02	
325	1.027610E+02	1.251034E+02	1.857093E+02	
326	1.023633E+02	1.257838E+02	1.866043E+02	
327	1.026487E+02	1.256240E+02	1.850857E+02	
328	1.015027E+02	1.253929E+02	1.850049E+02	
329	1.057540E+02	1.257633E+02	1.860571E+02	
330	1.038501E+02	1.249496E+02	1.856676E+02	
331	1.062891E+02	1.247415E+02	1.853711E+02	
332	1.071904E+02	1.257965E+02	1.866900E+02	
333	1.054598E+02	1.250399E+02	1.855966E+02	
334	1.075036E+02	1.257646E+02	1.863178E+02	
335	1.066656E+02	1.258078E+02	1.856933E+02	
336	1.070169E+02	1.248320E+02	1.855187E+02	
337	1.066699E+02	1.255637E+02	1.860207E+02	
338	1.066619E+02	1.254364E+02	1.857228E+02	
339	1.065818E+02	1.253494E+02	1.846247E+02	
340	1.099807E+02	1.261592E+02	1.853702E+02	
341	1.057456E+02	1.256923E+02	1.847763E+02	
342	1.061637E+02	1.255951E+02	1.838792E+02	
343	1.096837E+02	1.261140E+02	1.842919E+02	
344	1.080875E+02	1.260634E+02	1.852538E+02	
345	1.052715E+02	1.262696E+02	1.853215E+02	
346	1.050477E+02	1.255020E+02	1.842626E+02	
347	1.055952E+02	1.266248E+02	1.849533E+02	
348	1.035242E+02	1.250812E+02	1.838481E+02	
349	1.009858E+02	1.259008E+02	1.843480E+02	
350	1.070017E+02	1.269879E+02	1.858558E+02	
351	1.034167E+02	1.263102E+02	1.840380E+02	
352	1.051829E+02	1.258623E+02	1.849329E+02	
353	1.075341E+02	1.261314E+02	1.858356E+02	
354	1.054275E+02	1.262878E+02	1.848838E+02	
355	1.062083E+02	1.262264E+02	1.848490E+02	
356	1.081156E+02	1.257498E+02	1.866247E+02	
357	1.061561E+02	1.260979E+02	1.850766E+02	
358	1.040376E+02	1.260746E+02	1.860787E+02	
359	1.056501E+02	1.259226E+02	1.851915E+02	
360	1.046126E+02	1.248551E+02	1.853799E+02	
361	1.078706E+02	1.267220E+02	1.864444E+02	
362	1.027804E+02	1.254609E+02	1.877639E+02	
363	1.024613E+02	1.246999E+02	1.861115E+02	
364	1.084174E+02	1.261658E+02	1.876315E+02	
365	1.073114E+02	1.259059E+02	1.875489E+02	
366	1.071283E+02	1.254930E+02	1.872821E+02	
367	1.101832E+02	1.250237E+02	1.853408E+02	
368	1.082454E+02	1.252115E+02	1.867897E+02	
369	1.080458E+02	1.255686E+02	1.874018E+02	
370	1.083683E+02	1.257144E+02	1.876692E+02	
371	1.088037E+02	1.271449E+02	1.869050E+02	
372	1.088129E+02	1.260361E+02	1.862634E+02	
373	1.114546E+02	1.261012E+02	1.859940E+02	
374	1.118081E+02	1.261343E+02	1.860954E+02	
375	1.141637E+02	1.269548E+02	1.871402E+02	
376	1.093777E+02	1.263042E+02	1.856335E+02	
377	1.085343E+02	1.262333E+02	1.852219E+02	
378	1.092230E+02	1.267805E+02	1.852582E+02	
379	1.083146E+02	1.262981E+02	1.845815E+02	
380	1.105995E+02	1.265650E+02	1.844381E+02	
381	1.033681E+02	1.262163E+02	1.855960E+02	
382	1.072240E+02	1.266120E+02	1.840104E+02	
383	1.040838E+02	1.270452E+02	1.847836E+02	
384	1.072280E+02	1.245998E+02	1.842174E+02	
385	1.054009E+02	1.261195E+02	1.834718E+02	
386	1.071088E+02	1.263942E+02	1.846659E+02	
387	1.058381E+02	1.264508E+02	1.847287E+02	
388	1.075825E+02	1.257823E+02	1.849225E+02	
389	1.033557E+02	1.260379E+02	1.864024E+02	
390	1.035158E+02	1.261350E+02	1.867777E+02	
391	1.067852E+02	1.251030E+02	1.875803E+02	
392	1.061798E+02	1.254938E+02	1.872974E+02	
393	1.045757E+02	1.252573E+02	1.877444E+02	
394	1.044720E+02	1.252347E+02	1.861776E+02	
395	1.055406E+02	1.268580E+02	1.871652E+02	
396	1.036321E+02	1.263485E+02	1.880048E+02	
397	1.014811E+02	1.251637E+02	1.859817E+02	
398	1.010801E+02	1.258193E+02	1.872199E+02	
399	1.022646E+02	1.256985E+02	1.866134E+02	
400	9.827816E+01	1.256086E+02	1.879864E+02	
401	1.042234E+02	1.251210E+02	1.866690E+02	
402	1.123411E+02	1.265386E+02	1.878621E+02	
403	1.023154E+02	1.255243E+02	1.875399E+02	
404	1.054687E+02	1.253074E+02	1.886177E+02	
405	1.006557E+02	1.269009E+02	1.886758E+02	
406	1.021017E+02	1.262997E+02	1.868779E+02	
407	1.040732E+02	1.252325E+02	1.896229E+02	
408	1.023169E+02	1.258510E+02	1.870125E+02	
409	1.017371E+02	1.259943E+02	1.872175E+02	
410	1.013059E+02	1.265180E+02	1.872111E+02	
411	9.989832E+01	1.264424E+02	1.860463E+02	
412	1.011669E+02	1.263602E+02	1.872588E+02	
413	1.015222E+02	1.262712E+02	1.873448E+02	
414	1.028533E+02	1.270051E+02	1.862442E+02	
415	9.849800E+01	1.249665E+02	1.908576E+02	
416	1.007566E+02	1.261134E+02	1.875034E+02	
417	1.005742E+02	1.241785E+02	1.865772E+02	
418	1.030969E+02	1.250444E+02	1.852935E+02	
419	1.020072E+02	1.261343E+02	1.845211E+02	
420	1.043014E+02	1.244604E+02	1.857551E+02	
421	1.056855E+02	1.241775E+02	1.850209E+02	
422	1.094951E+02	1.234520E+02	1.891942E+02	
423	1.009928E+02	1.255269E+02	1.842895E+02	
424	1.037506E+02	1.240901E+02	1.854759E+02	
425	1.024678E+02	1.248173E+02	1.852800E+02	
426	1.050860E+02	1.255839E+02	1.850133E+02	
427	1.033618E+02	1.260323E+02	1.862186E+02	
428	1.036093E+02	1.266082E+02	1.844709E+02	
429	1.118829E+02	1.244299E+02	1.869990E+02	
430	1.067374E+02	1.253511E+02	1.874724E+02	
431	1.045719E+02	1.266970E+02	1.882630E+02	
432	1.070553E+02	1.260372E+02	1.887494E+02	
433	1.104511E+02	1.246772E+02	1.861708E+02	
434	1.091615E+02	1.250035E+02	1.882782E+02	
435	1.067825E+02	1.257493E+02	1.848197E+02	
436	1.104964E+02	1.250622E+02	1.897960E+02	
437	1.051374E+02	1.255922E+02	1.886603E+02	
438	1.128022E+02	1.272869E+02	1.875632E+02	
439	1.027151E+02	1.261005E+02	1.893477E+02	
440	1.086038E+02	1.253900E+02	1.866054E+02	
441	1.049214E+02	1.272902E+02	1.901964E+02	
442	1.048722E+02	1.249661E+02	1.894786E+02	
443	1.085940E+02	1.247611E+02	1.901986E+02	
444	1.038434E+02	1.268850E+02	1.908901E+02	
445	1.068199E+02	1.231414E+02	1.929359E+02	
446	1.058154E+02	1.254712E+02	1.931359E+02	
447	1.092204E+02	1.237946E+02	1.846293E+02	
448	1.124077E+02	1.238052E+02	1.899684E+02	
449	1.064992E+02	1.224625E+02	1.908439E+02	
450	1.002749E+02	1.209289E+02	1.911510E+02	
451	1.018854E+02	1.232457E+02	1.903387E+02	
452	9.988693E+01	1.216183E+02	1.884067E+02	
453	1.050664E+02	1.216848E+02	1.877690E+02	
454	1.018948E+02	1.230647E+02	1.843131E+02	
455	1.019637E+02	1.213201E+02	1.875744E+02	
456	1.038572E+02	1.237613E+02	1.851466E+02	
457	9.697285E+01	1.202332E+02	1.889731E+02	
458	1.000019E+02	1.224512E+02	1.834345E+02	
459	9.682002E+01	1.223951E+02	1.843756E+02	
460	9.550876E+01	1.189982E+02	1.919155E+02	
461	9.715102E+01	1.229189E+02	1.817429E+02	
462	9.794708E+01	1.191512E+02	1.883385E+02	
463	9.800024E+01	1.245138E+02	1.828578E+02	
464	9.032631E+01	1.210464E+02	1.824613E+02	
465	1.017399E+02	1.193379E+02	1.836043E+02	
466	8.989628E+01	1.184132E+02	1.850750E+02	
467	9.783557E+01	1.204922E+02	1.847851E+02	
468	9.251412E+01	1.200677E+02	1.854266E+02	
469	1.069423E+02	1.191999E+02	1.877955E+02	
470	9.532404E+01	1.220475E+02	1.881153E+02	
471	1.044058E+02	1.173528E+02	1.815735E+02	
472	1.141200E+02	1.226048E+02	1.810011E+02	
473	9.777938E+01	1.144760E+02	1.838724E+02	
474	9.798849E+01	1.195803E+02	1.857762E+02	
475	8.404787E+01	1.200743E+02	1.801443E+02	
476	1.131355E+02	1.158716E+02	1.782817E+02	
477	8.139523E+01	1.267563E+02	1.719562E+02	
478	1.059235E+02	1.174674E+02	1.852832E+02	
479	1.158443E+02	1.194053E+02	1.814071E+02	
480	9.408599E+01	1.200291E+02	1.906473E+02	
481	9.393409E+01	1.166097E+02	1.859204E+02	
482	9.952270E+01	1.179911E+02	1.937384E+02	
483	9.792041E+01	1.152184E+02	1.879796E+02	
484	8.644380E+01	1.209610E+02	1.913400E+02	
485	9.003361E+01	1.187827E+02	1.850524E+02	
486	8.130458E+01	1.194642E+02	1.885385E+02	
487	1.000491E+02	1.183096E+02	1.796488E+02	
488	1.080037E+02	1.153694E+02	1.760796E+02	
489	9.405571E+01	1.212505E+02	1.793423E+02	
490	1.060170E+02	1.156683E+02	1.710875E+02	
491	1.168013E+02	1.180078E+02	1.718924E+02	
492	9.923391E+01	1.139382E+02	1.809606E+02	
493	1.567330E+02	9.630010E+01	1.692058E+02	
494	9.509579E+01	1.170155E+02	1.779489E+02	
495	1.016461E+02	1.029662E+02	1.778651E+02	
496	9.358625E+01	1.215814E+02	1.638194E+02	
497	8.249310E+01	1.083410E+02	1.858262E+02	
498	9.895651E+01	1.243246E+02	1.527900E+02	
499	9.702383E+01	1.102760E+02	1.731356E+02	
500	0.000000E+00	0.000000E+00	0.000000E+00	
501	9.109629E+01	1.241443E+02	1.586694E+02	
502	0.000000E+00	0.000000E+00	0.000000E+00	
503	1.012251E+02	1.178595E+02	1.543378E+02	
504	0.000000E+00	0.000000E+00	0.000000E+00	
505	1.009241E+02	1.182933E+02	1.424819E+02	
506	9.601218E+01	1.217414E+02	1.869765E+02	
507	0.000000E+00	0.000000E+00	0.000000E+00	
508	9.854888E+01	1.259053E+02	1.519079E+02	
509	0.000000E+00	0.000000E+00	0.000000E+00	
510	1.009241E+02	1.390376E+02	1.283119E+02	
511	0.000000E+00	0.000000E+00	0.000000E+00	
512	0.000000E+00	1.248480E+02	1.321221E+02	
513	0.000000E+00	0.000000E+00	0.000000E+00	
514	0.000000E+00	0.000000E+00	0.000000E+00	
515	9.601218E+01	9.035472E+01	1.216647E+02	
516	0.000000E+00	0.000000E+00	0.000000E+00	
517	0.000000E+00	8.117486E+01	1.158992E+02	
518	0.000000E+00	0.000000E+00	0.000000E+00	
519	0.000000E+00	7.780509E+01	1.068690E+02	
520	0.000000E+00	0.000000E+00	0.000000E+00	
521	0.000000E+00	0.000000E+00	0.000000E+00	
522	0.000000E+00	0.000000E+00	0.000000E+00	
523	0.000000E+00	0.000000E+00	0.000000E+00	
524	0.000000E+00	0.000000E+00	0.000000E+00	
525	0.000000E+00	0.000000E+00	0.000000E+00	
526	0.000000E+00	0.000000E+00	0.000000E+00	
527	0.000000E+00	0.000000E+00	0.000000E+00	
528	0.000000E+00	0.000000E+00	0.000000E+00	
529	0.000000E+00	0.000000E+00	0.000000E+00	
530	0.000000E+00	0.000000E+00	0.000000E+00	
531	0.000000E+00	0.000000E+00	0.000000E+00	
532	0.000000E+00	0.000000E+00	0.000000E+00	
533	0.000000E+00	0.000000E+00	0.000000E+00	
534	0.000000E+00	0.000000E+00	0.000000E+00	
535	0.000000E+00	0.000000E+00	0.000000E+00	
536	0.000000E+00	0.000000E+00	0.000000E+00	
537	0.000000E+00	0.000000E+00	0.000000E+00	
538	0.000000E+00	0.000000E+00	0.000000E+00	
539	0.000000E+00	0.000000E+00	0.000000E+00	
540	0.000000E+00	0.000000E+00	0.000000E+00	
541	0.000000E+00	0.000000E+00	0.000000E+00	
542	0.000000E+00	0.000000E+00	0.000000E+00	
543	0.000000E+00	0.000000E+00	0.000000E+00	
544	0.000000E+00	0.000000E+00	0.000000E+00	
545	0.000000E+00	0.000000E+00	0.000000E+00	
546	0.000000E+00	0.000000E+00	0.000000E+00	
547	0.000000E+00	0.000000E+00	0.000000E+00	
548	0.000000E+00	0.000000E+00	0.000000E+00	
549	0.000000E+00	0.000000E+00	0.000000E+00	
550	0.000000E+00	0.000000E+00	0.000000E+00	
551	0.000000E+00	0.000000E+00	0.000000E+00	
552	0.000000E+00	0.000000E+00	0.000000E+00	
553	0.000000E+00	0.000000E+00	0.000000E+00	
554	0.000000E+00	0.000000E+00	0.000000E+00	
555	0.000000E+00	0.000000E+00	0.000000E+00	
556	0.000000E+00	0.000000E+00	0.000000E+00	
557	0.000000E+00	0.000000E+00	0.000000E+00	
558	0.000000E+00	0.000000E+00	0.000000E+00	
559	0.000000E+00	0.000000E+00	0.000000E+00	
560	0.000000E+00	0.000000E+00	0.000000E+00	
561	0.000000E+00	0.000000E+00	0.000000E+00	
562	0.000000E+00	0.000000E+00	0.000000E+00	
563	0.000000E+00	0.000000E+00	0.000000E+00	
564	0.000000E+00	0.000000E+00	0.000000E+00	
565	0.000000E+00	0.000000E+00	0.000000E+00	
566	0.000000E+00	0.000000E+00	0.000000E+00	
567	0.000000E+00	0.000000E+00	0.000000E+00	
568	0.000000E+00	0.000000E+00	0.000000E+00	
569	0.000000E+00	0.000000E+00	0.000000E+00	
570	0.000000E+00	0.000000E+00	0.000000E+00	
571	0.000000E+00	0.000000E+00	0.000000E+00	
572	0.000000E+00	0.000000E+00	0.000000E+00	
573	0.000000E+00	0.000000E+00	0.000000E+00	
574	0.000000E+00	0.000000E+00	0.000000E+00	
575	0.000000E+00	0.000000E+00	0.000000E+00	
576	0.000000E+00	0.000000E+00	0.000000E+00	
577	0.000000E+00	0.000000E+00	0.000000E+00	
578	0.000000E+00	0.000000E+00	0.000000E+00	
579	0.000000E+00	0.000000E+00	0.000000E+00	
580	0.000000E+00	0.000000E+00	0.000000E+00	
581	0.000000E+00	0.000000E+00	0.000000E+00	
582	0.000000E+00	0.000000E+00	0.000000E+00	
583	0.000000E+00	0.000000E+00	0.000000E+00	
584	0.000000E+00	0.000000E+00	0.000000E+00	
585	0.000000E+00	0.000000E+00	0.000000E+00	
586	0.000000E+00	0.000000E+00	0.000000E+00	
587	0.000000E+00	0.000000E+00	0.000000E+00	
588	0.000000E+00	0.000000E+00	0.000000E+00	
589	0.000000E+00	0.000000E+00	0.000000E+00	
590	0.000000E+00	0.000000E+00	0.000000E+00	
591	0.000000E+00	0.000000E+00	0.000000E+00	
592	0.000000E+00	0.000000E+00	0.000000E+00	
593	0.000000E+00	0.000000E+00	0.000000E+00	
594	0.000000E+00	0.000000E+00	0.000000E+00	
595	0.000000E+00	0.000000E+00	0.000000E+00	
596	0.000000E+00	0.000000E+00	0.000000E+00	
597	0.000000E+00	0.000000E+00	0.000000E+00	
598	0.000000E+00	0.000000E+00	0.000000E+00	
599	0.000000E+00	0.000000E+00	0.000000E+00	
#NewRun
0	1.261607E+02	1.105661E+02	1.813303E+02	
1	0.000000E+00	0.000000E+00	0.000000E+00	
2	0.000000E+00	0.000000E+00	0.000000E+00	
3	0.000000E+00	0.000000E+00	0.000000E+00	
4	1.196226E+02	1.170445E+02	1.815015E+02	
5	1.216380E+02	1.176540E+02	1.886918E+02	
6	1.221400E+02	1.144059E+02	1.720366E+02	
7	0.000000E+00	0.000000E+00	0.000000E+00	
8	1.223162E+02	1.183930E+02	1.779790E+02	
9	1.213540E+02	1.183066E+02	1.763269E+02	
10	0.000000E+00	0.000000E+00	0.000000E+00	
11	1.176949E+02	1.208341E+02	1.782083E+02	
12	1.209077E+02	1.190983E+02	1.734604E+02	
13	1.209655E+02	1.165694E+02	1.745179E+02	
14	1.198676E+02	1.168378E+02	1.748803E+02	
15	0.000000E+00	0.000000E+00	0.000000E+00	
16	1.197698E+02	1.182394E+02	1.736312E+02	
17	1.189272E+02	1.161526E+02	1.744078E+02	
18	1.199315E+02	1.159733E+02	1.709681E+02	
19	1.201120E+02	1.163220E+02	1.746303E+02	
20	1.201936E+02	1.179124E+02	1.730172E+02	
21	1.198865E+02	1.184703E+02	1.720995E+02	
22	1.188179E+02	1.184217E+02	1.736171E+02	
23	1.202324E+02	1.193339E+02	1.718148E+02	
24	1.197857E+02	1.195399E+02	1.701050E+02	
25	1.197017E+02	1.192888E+02	1.696090E+02	
26	1.197063E+02	1.194442E+02	1.700746E+02	
27	1.185515E+02	1.194639E+02	1.686506E+02	
28	1.192864E+02	1.202350E+02	1.695839E+02	
29	1.188316E+02	1.207134E+02	1.682264E+02	
30	1.191815E+02	1.194708E+02	1.682973E+02	
31	1.195205E+02	1.201899E+02	1.686734E+02	
32	1.189446E+02	1.196676E+02	1.702057E+02	
33	1.187288E+02	1.200018E+02	1.683701E+02	
34	1.186867E+02	1.201790E+02	1.701712E+02	
35	1.197282E+02	1.214315E+02	1.689462E+02	
36	1.181244E+02	1.206427E+02	1.698346E+02	
37	1.189920E+02	1.210479E+02	1.698940E+02	
38	1.187307E+02	1.203623E+02	1.692040E+02	
39	1.192240E+02	1.206078E+02	1.694337E+02	
40	1.184404E+02	1.210362E+02	1.710435E+02	
41	1.197948E+02	1.210359E+02	1.708549E+02	
42	1.186581E+02	1.198123E+02	1.717147E+02	
43	1.187402E+02	1.210206E+02	1.702299E+02	
44	1.182624E+02	1.205450E+02	1.718382E+02	
45	1.179767E+02	1.207711E+02	1.713083E+02	
46	1.187046E+02	1.200496E+02	1.720144E+02	
47	1.191877E+02	1.204330E+02	1.704768E+02	
48	1.183004E+02	1.201944E+02	1.703595E+02	
49	1.181685E+02	1.202573E+02	1.698623E+02	
50	1.177228E+02	1.202229E+02	1.717723E+02	
51	1.180791E+02	1.198844E+02	1.697865E+02	
52	1.179466E+02	1.195342E+02	1.695287E+02	
53	1.176122E+02	1.196160E+02	1.699523E+02	
54	1.178525E+02	1.199759E+02	1.699099E+02	
55	1.182833E+02	1.191358E+02	1.690494E+02	
56	1.174094E+02	1.193624E+02	1.698252E+02	
57	1.173101E+02	1.186104E+02	1.701223E+02	
58	1.175705E+02	1.190928E+02	1.701058E+02	
59	1.169511E+02	1.181856E+02	1.698909E+02	
60	1.170595E+02	1.184704E+02	1.710522E+02	
61	1.171484E+02	1.182532E+02	1.694253E+02	
62	1.164886E+02	1.175609E+02	1.700218E+02	
63	1.169212E+02	1.182924E+02	1.701848E+02	
64	1.165891E+02	1.177979E+02	1.692476E+02	
65	1.164435E+02	1.172296E+02	1.687733E+02	
66	1.162858E+02	1.178830E+02	1.691107E+02	
67	1.164473E+02	1.171091E+02	1.696649E+02	
68	1.159826E+02	1.176917E+02	1.684409E+02	
69	1.160215E+02	1.171485E+02	1.684473E+02	
70	1.159241E+02	1.173852E+02	1.685586E+02	
71	1.158777E+02	1.173547E+02	1.682413E+02	
72	1.158686E+02	1.170825E+02	1.677861E+02	
73	1.159312E+02	1.172529E+02	1.681024E+02	
74	1.154398E+02	1.168554E+02	1.685186E+02	
75	1.155754E+02	1.172627E+02	1.676126E+02	
76	1.151933E+02	1.168646E+02	1.682065E+02	
77	1.155191E+02	1.165843E+02	1.681451E+02	
78	1.151616E+02	1.162394E+02	1.681350E+02	
79	1.152457E+02	1.164116E+02	1.686794E+02	
80	1.150161E+02	1.165015E+02	1.671364E+02	
81	1.150317E+02	1.159848E+02	1.688621E+02	
82	1.147044E+02	1.158300E+02	1.688456E+02	
83	1.145535E+02	1.157682E+02	1.691840E+02	
84	1.146000E+02	1.160492E+02	1.677919E+02	
85	1.141800E+02	1.157977E+02	1.686931E+02	
86	1.141111E+02	1.159361E+02	1.685083E+02	
87	1.143674E+02	1.155172E+02	1.686584E+02	
88	1.139525E+02	1.150740E+02	1.674675E+02	
89	1.138655E+02	1.159329E+02	1.678181E+02	
90	1.137121E+02	1.152297E+02	1.680309E+02	
91	1.136264E+02	1.147586E+02	1.685436E+02	
92	1.135094E+02	1.153242E+02	1.676006E+02	
93	1.129296E+02	1.148999E+02	1.676685E+02	
94	1.129429E+02	1.152472E+02	1.677902E+02	
95	1.129127E+02	1.148336E+02	1.674793E+02	
96	1.125107E+02	1.150503E+02	1.674209E+02	
97	1.124447E+02	1.147012E+02	1.669527E+02	
98	1.122287E+02	1.150049E+02	1.668775E+02	
99	1.123502E+02	1.148896E+02	1.679509E+02	
100	1.121125E+02	1.149506E+02	1.664556E+02	
101	1.121722E+02	1.145257E+02	1.667406E+02	
102	1.119990E+02	1.148183E+02	1.669244E+02	
103	1.119684E+02	1.147763E+02	1.665148E+02	
104	1.118645E+02	1.145011E+02	1.665748E+02	
105	1.117478E+02	1.148004E+02	1.663303E+02	
106	1.116389E+02	1.145618E+02	1.665069E+02	
107	1.118674E+02	1.144621E+02	1.664437E+02	
108	1.116448E+02	1.144074E+02	1.654809E+02	
109	1.116419E+02	1.141250E+02	1.664483E+02	
110	1.112509E+02	1.143519E+02	1.658400E+02	
111	1.116368E+02	1.141558E+02	1.660258E+02	
112	1.113118E+02	1.142805E+02	1.658806E+02	
113	1.113695E+02	1.141837E+02	1.656150E+02	
114	1.112424E+02	1.139504E+02	1.657143E+02	
115	1.109841E+02	1.141851E+02	1.648211E+02	
116	1.109076E+02	1.137675E+02	1.649246E+02	
117	1.108728E+02	1.139429E+02	1.656099E+02	
118	1.106012E+02	1.134945E+02	1.651183E+02	
119	1.107104E+02	1.136083E+02	1.656835E+02	
120	1.108348E+02	1.137224E+02	1.647681E+02	
121	1.106644E+02	1.134331E+02	1.656104E+02	
122	1.104934E+02	1.133605E+02	1.651080E+02	
123	1.103746E+02	1.132909E+02	1.650986E+02	
124	1.104732E+02	1.132615E+02	1.649173E+02	
125	1.103070E+02	1.134486E+02	1.653776E+02	
126	1.102997E+02	1.134500E+02	1.648861E+02	
127	1.100417E+02	1.132154E+02	1.651441E+02	
128	1.102711E+02	1.131126E+02	1.648501E+02	
129	1.101873E+02	1.131655E+02	1.651279E+02	
130	1.099161E+02	1.134078E+02	1.651578E+02	
131	1.098339E+02	1.132068E+02	1.653502E+02	
132	1.101684E+02	1.132451E+02	1.650841E+02	
133	1.100674E+02	1.133759E+02	1.655592E+02	
134	1.100746E+02	1.135180E+02	1.659520E+02	
135	1.101925E+02	1.139946E+02	1.659745E+02	
136	1.100286E+02	1.136919E+02	1.668648E+02	
137	1.104848E+02	1.137621E+02	1.663873E+02	
138	1.102032E+02	1.141686E+02	1.670932E+02	
139	1.102368E+02	1.142909E+02	1.669915E+02	
140	1.100771E+02	1.141040E+02	1.670675E+02	
141	1.099677E+02	1.141026E+02	1.669789E+02	
142	1.102719E+02	1.145953E+02	1.673687E+02	
143	1.103034E+02	1.146474E+02	1.672180E+02	
144	1.103726E+02	1.144433E+02	1.682855E+02	
145	1.100293E+02	1.146512E+02	1.678557E+02	
146	1.105210E+02	1.151998E+02	1.681862E+02	
147	1.102496E+02	1.146974E+02	1.675026E+02	
148	1.107694E+02	1.149804E+02	1.683388E+02	
149	1.109027E+02	1.151026E+02	1.691795E+02	
150	1.105775E+02	1.150942E+02	1.684852E+02	
151	1.109414E+02	1.151971E+02	1.688175E+02	
152	1.108700E+02	1.152351E+02	1.701860E+02	
153	1.107876E+02	1.154111E+02	1.698863E+02	
154	1.109941E+02	1.154642E+02	1.700225E+02	
155	1.109940E+02	1.156739E+02	1.709888E+02	
156	1.113828E+02	1.157240E+02	1.706477E+02	
157	1.116670E+02	1.160305E+02	1.712051E+02	
158	1.114372E+02	1.164208E+02	1.715473E+02	
159	1.118991E+02	1.163885E+02	1.725987E+02	
160	1.117810E+02	1.165345E+02	1.735616E+02	
161	1.119311E+02	1.170384E+02	1.723397E+02	
162	1.121621E+02	1.169400E+02	1.734352E+02	
163	1.124776E+02	1.173618E+02	1.729186E+02	
164	1.120960E+02	1.171877E+02	1.733169E+02	
165	1.123939E+02	1.176279E+02	1.739256E+02	
166	1.124085E+02	1.178960E+02	1.736608E+02	
167	1.124516E+02	1.179333E+02	1.745941E+02	
168	1.124885E+02	1.185068E+02	1.748177E+02	
169	1.126501E+02	1.184062E+02	1.757920E+02	
170	1.126566E+02	1.187060E+02	1.763979E+02	
171	1.128720E+02	1.192315E+02	1.755308E+02	
172	1.131914E+02	1.190082E+02	1.774130E+02	
173	1.135516E+02	1.196201E+02	1.769448E+02	
174	1.138036E+02	1.190599E+02	1.782731E+02	
175	1.135153E+02	1.195653E+02	1.774690E+02	
176	1.141736E+02	1.200272E+02	1.789733E+02	
177	1.149373E+02	1.200426E+02	1.800166E+02	
178	1.146724E+02	1.207193E+02	1.790269E+02	
179	1.148214E+02	1.207937E+02	1.806804E+02	
180	1.157072E+02	1.212210E+02	1.804347E+02	
181	1.155584E+02	1.216268E+02	1.817476E+02	
182	1.156210E+02	1.214627E+02	1.821395E+02	
183	1.155943E+02	1.216988E+02	1.820524E+02	
184	1.160468E+02	1.220923E+02	1.830783E+02	
185	1.161919E+02	1.218568E+02	1.833669E+02	
186	1.170822E+02	1.224574E+02	1.838330E+02	
187	1.172001E+02	1.223700E+02	1.832228E+02	
188	1.173934E+02	1.229905E+02	1.845063E+02	
189	1.180482E+02	1.236222E+02	1.854931E+02	
190	1.178496E+02	1.234466E+02	1.853369E+02	
191	1.188577E+02	1.233553E+02	1.861576E+02	
192	1.186012E+02	1.238886E+02	1.873364E+02	
193	1.194970E+02	1.243115E+02	1.873130E+02	
194	1.188349E+02	1.241963E+02	1.868946E+02	
195	1.202017E+02	1.244999E+02	1.872498E+02	
196	1.194535E+02	1.245944E+02	1.887592E+02	
197	1.198316E+02	1.252506E+02	1.895262E+02	
198	1.203720E+02	1.251470E+02	1.896566E+02	
199	1.203395E+02	1.253793E+02	1.898088E+02	
200	1.215166E+02	1.261309E+02	1.909510E+02	
201	1.215990E+02	1.262850E+02	1.893400E+02	
202	1.222415E+02	1.255200E+02	1.899935E+02	
203	1.208947E+02	1.267554E+02	1.909756E+02	
204	1.228901E+02	1.270870E+02	1.907997E+02	
205	1.229101E+02	1.272419E+02	1.895401E+02	
206	1.220962E+02	1.272072E+02	1.909855E+02	
207	1.231444E+02	1.282313E+02	1.920686E+02	
208	1.241167E+02	1.278744E+02	1.919826E+02	
209	1.256533E+02	1.272746E+02	1.910957E+02	
210	1.243297E+02	1.276791E+02	1.927447E+02	
211	1.237606E+02	1.289651E+02	1.926971E+02	
212	1.242890E+02	1.276985E+02	1.935140E+02	
213	1.249528E+02	1.283004E+02	1.923433E+02	
214	1.244859E+02	1.287285E+02	1.927263E+02	
215	1.254908E+02	1.289812E+02	1.932662E+02	
216	1.240458E+02	1.294641E+02	1.938735E+02	
217	1.255081E+02	1.293492E+02	1.929648E+02	
218	1.257548E+02	1.290618E+02	1.936823E+02	
219	1.252553E+02	1.290395E+02	1.931521E+02	
220	1.252479E+02	1.297061E+02	1.937105E+02	
221	1.256115E+02	1.296643E+02	1.947207E+02	
222	1.259256E+02	1.296068E+02	1.945854E+02	
223	1.268514E+02	1.291766E+02	1.935957E+02	
224	1.269436E+02	1.296371E+02	1.961052E+02	
225	1.262907E+02	1.300181E+02	1.951629E+02	
226	1.264498E+02	1.306269E+02	1.946552E+02	
227	1.275435E+02	1.310260E+02	1.962119E+02	
228	1.265566E+02	1.300569E+02	1.966032E+02	
229	1.267168E+02	1.312649E+02	1.947028E+02	
230	1.277004E+02	1.302753E+02	1.955858E+02	
231	1.276622E+02	1.306183E+02	1.952928E+02	
232	1.283231E+02	1.310177E+02	1.941451E+02	
233	1.268357E+02	1.308690E+02	1.958960E+02	
234	1.278939E+02	1.299787E+02	1.952900E+02	
235	1.276910E+02	1.299314E+02	1.957411E+02	
236	1.282667E+02	1.294404E+02	1.959046E+02	
237	1.278680E+02	1.300680E+02	1.958905E+02	
238	1.270582E+02	1.296008E+02	1.941395E+02	
239	1.269598E+02	1.292727E+02	1.950906E+02	
240	1.257272E+02	1.298709E+02	1.949890E+02	
241	1.261881E+02	1.293456E+02	1.950847E+02	
242	1.285227E+02	1.290759E+02	1.944886E+02	
243	1.246067E+02	1.301827E+02	1.944062E+02	
244	1.280898E+02	1.290037E+02	1.949111E+02	
245	1.263368E+02	1.300844E+02	1.950927E+02	
246	1.268499E+02	1.290672E+02	1.943745E+02	
247	1.271240E+02	1.297643E+02	1.934464E+02	
248	1.258960E+02	1.296053E+02	1.936926E+02	
249	1.258773E+02	1.293262E+02	1.931617E+02	
250	1.266019E+02	1.295316E+02	1.932813E+02	
251	1.276753E+02	1.295389E+02	1.952883E+02	
252	1.246338E+02	1.289410E+02	1.944497E+02	
253	1.276043E+02	1.285307E+02	1.927900E+02	
254	1.228562E+02	1.284368E+02	1.929460E+02	
255	1.233875E+02	1.294672E+02	1.909577E+02	
256	1.247596E+02	1.290954E+02	1.933849E+02	
257	1.213243E+02	1.283075E+02	1.934617E+02	
258	1.239875E+02	1.291443E+02	1.920991E+02	
259	1.213138E+02	1.288681E+02	1.934479E+02	
260	1.262473E+02	1.284933E+02	1.912758E+02	
261	1.229850E+02	1.283279E+02	1.915698E+02	
262	1.230527E+02	1.283926E+02	1.920913E+02	
263	1.220553E+02	1.278235E+02	1.920938E+02	
264	1.237062E+02	1.286223E+02	1.912428E+02	
265	1.234513E+02	1.277863E+02	1.932705E+02	
266	1.213557E+02	1.283017E+02	1.914861E+02	
267	1.198946E+02	1.280506E+02	1.914941E+02	
268	1.210223E+02	1.276565E+02	1.901692E+02	
269	1.208119E+02	1.274291E+02	1.913116E+02	
270	1.188307E+02	1.273997E+02	1.919788E+02	
271	1.154900E+02	1.272101E+02	1.902252E+02	
272	1.163733E+02	1.266175E+02	1.912440E+02	
273	1.180094E+02	1.276379E+02	1.889272E+02	
274	1.152634E+02	1.273588E+02	1.912169E+02	
275	1.200037E+02	1.267070E+02	1.909729E+02	
276	1.160909E+02	1.275718E+02	1.894819E+02	
277	1.178545E+02	1.285166E+02	1.895655E+02	
278	1.124573E+02	1.273651E+02	1.918026E+02	
279	1.186456E+02	1.271245E+02	1.880672E+02	
280	1.121337E+02	1.277647E+02	1.906709E+02	
281	1.173492E+02	1.276158E+02	1.900758E+02	
282	1.139622E+02	1.274926E+02	1.903532E+02	
283	1.141400E+02	1.268954E+02	1.905103E+02	
284	1.141973E+02	1.271497E+02	1.896380E+02	
285	1.150877E+02	1.267962E+02	1.902724E+02	
286	1.158966E+02	1.265482E+02	1.909312E+02	
287	1.111920E+02	1.276850E+02	1.915770E+02	
288	1.144109E+02	1.260450E+02	1.894593E+02	
289	1.115535E+02	1.260725E+02	1.910605E+02	
290	1.126242E+02	1.267530E+02	1.897922E+02	
291	1.147043E+02	1.267291E+02	1.914846E+02	
292	1.152478E+02	1.267081E+02	1.910799E+02	
293	1.154074E+02	1.263708E+02	1.901841E+02	
294	1.143259E+02	1.258299E+02	1.902952E+02	
295	1.152219E+02	1.258571E+02	1.898825E+02	
296	1.129823E+02	1.261257E+02	1.908673E+02	
297	1.118978E+02	1.262006E+02	1.903104E+02	
298	1.091019E+02	1.260617E+02	1.916750E+02	
299	1.081303E+02	1.251525E+02	1.907992E+02	
300	1.107687E+02	1.249617E+02	1.906989E+02	
301	1.086056E+02	1.261550E+02	1.910658E+02	
302	1.073130E+02	1.248685E+02	1.915634E+02	
303	1.068091E+02	1.258298E+02	1.902823E+02	
304	1.072544E+02	1.258560E+02	1.902818E+02	
305	1.069592E+02	1.257293E+02	1.904266E+02	
306	1.032084E+02	1.257249E+02	1.890898E+02	
307	1.001431E+02	1.258095E+02	1.896747E+02	
308	1.027289E+02	1.262776E+02	1.906904E+02	
309	1.018844E+02	1.259382E+02	1.902601E+02	
310	1.014947E+02	1.261312E+02	1.905892E+02	
311	1.046977E+02	1.263481E+02	1.901302E+02	
312	1.026560E+02	1.258791E+02	1.896185E+02	
313	1.039761E+02	1.262688E+02	1.891232E+02	
314	1.025487E+02	1.256115E+02	1.890825E+02	
315	1.045769E+02	1.264752E+02	1.898671E+02	
316	1.046386E+02	1.264584E+02	1.902713E+02	
317	1.033042E+02	1.261372E+02	1.888213E+02	
318	1.071332E+02	1.259269E+02	1.905303E+02	
319	1.027427E+02	1.259893E+02	1.907009E+02	
320	1.041629E+02	1.272136E+02	1.899755E+02	
321	1.013107E+02	1.274222E+02	1.890671E+02	
322	1.016908E+02	1.257332E+02	1.902674E+02	
323	1.036908E+02	1.274382E+02	1.903893E+02	
324	1.047655E+02	1.270566E+02	1.885578E+02	
325	1.039012E+02	1.273991E+02	1.904403E+02	
326	9.921489E+01	1.268850E+02	1.902365E+02	
327	1.027882E+02	1.271019E+02	1.889470E+02	
328	1.044452E+02	1.268405E+02	1.899130E+02	
329	1.030423E+02	1.265711E+02	1.890044E+02	
330	1.007001E+02	1.267187E+02	1.897230E+02	
331	1.026787E+02	1.271155E+02	1.880728E+02	
332	1.021790E+02	1.270123E+02	1.894326E+02	
333	1.032185E+02	1.272992E+02	1.882382E+02	
334	9.961852E+01	1.270274E+02	1.878593E+02	
335	9.774109E+01	1.265168E+02	1.883702E+02	
336	9.853780E+01	1.271482E+02	1.880868E+02	
337	9.912038E+01	1.273804E+02	1.878217E+02	
338	9.759206E+01	1.274195E+02	1.884618E+02	
339	9.999706E+01	1.267881E+02	1.880312E+02	
340	9.997285E+01	1.282372E+02	1.870505E+02	
341	9.786284E+01	1.273500E+02	1.883260E+02	
342	9.777571E+01	1.274856E+02	1.871210E+02	
343	9.927824E+01	1.273816E+02	1.883736E+02	
344	9.951158E+01	1.281351E+02	1.884130E+02	
345	9.977367E+01	1.283373E+02	1.879175E+02	
346	9.913134E+01	1.276478E+02	1.904470E+02	
347	1.009761E+02	1.278790E+02	1.889704E+02	
348	1.004257E+02	1.269381E+02	1.894666E+02	
349	9.894987E+01	1.270819E+02	1.891307E+02	
350	1.034325E+02	1.274192E+02	1.890242E+02	
351	1.007463E+02	1.274735E+02	1.890071E+02	
352	1.003335E+02	1.270438E+02	1.876865E+02	
353	1.012484E+02	1.266596E+02	1.881453E+02	
354	1.034200E+02	1.272199E+02	1.890785E+02	
355	1.042449E+02	1.268155E+02	1.891152E+02	
356	1.019824E+02	1.268513E+02	1.880850E+02	
357	1.041752E+02	1.268408E+02	1.897828E+02	
358	1.075482E+02	1.267200E+02	1.899487E+02	
359	1.029922E+02	1.262102E+02	1.887238E+02	
360	1.051816E+02	1.269464E+02	1.899796E+02	
361	1.019295E+02	1.272362E+02	1.906791E+02	
362	1.009288E+02	1.271596E+02	1.869109E+02	
363	1.049182E+02	1.263538E+02	1.899759E+02	
364	1.008506E+02	1.277091E+02	1.880634E+02	
365	9.949748E+01	1.271992E+02	1.891475E+02	
366	1.039254E+02	1.263377E+02	1.894123E+02	
367	9.571093E+01	1.273343E+02	1.881491E+02	
368	1.051305E+02	1.269759E+02	1.874992E+02	
369	1.023724E+02	1.271514E+02	1.887826E+02	
370	1.012786E+02	1.261493E+02	1.880629E+02	
371	1.062602E+02	1.271707E+02	1.870328E+02	
372	1.024883E+02	1.271706E+02	1.878555E+02	
373	1.009487E+02	1.269977E+02	1.889605E+02	
374	1.045315E+02	1.275959E+02	1.869641E+02	
375	1.024569E+02	1.262739E+02	1.893693E+02	
376	1.052180E+02	1.263002E+02	1.874648E+02	
377	1.073545E+02	1.265555E+02	1.881570E+02	
378	1.020375E+02	1.274290E+02	1.862735E+02	
379	1.051272E+02	1.264157E+02	1.872317E+02	
380	1.063266E+02	1.275242E+02	1.884769E+02	
381	9.955876E+01	1.270549E+02	1.869722E+02	
382	1.050298E+02	1.258506E+02	1.872962E+02	
383	1.016789E+02	1.253258E+02	1.876740E+02	
384	9.897565E+01	1.267865E+02	1.874903E+02	
385	1.046213E+02	1.255096E+02	1.865639E+02	
386	1.010887E+02	1.258640E+02	1.897016E+02	
387	1.006278E+02	1.258679E+02	1.884569E+02	
388	1.065611E+02	1.255170E+02	1.881244E+02	
389	1.056076E+02	1.259697E+02	1.892652E+02	
390	9.860277E+01	1.259560E+02	1.884369E+02	
391	9.762793E+01	1.249823E+02	1.870804E+02	
392	9.747504E+01	1.252938E+02	1.883119E+02	
393	9.617086E+01	1.246067E+02	1.866032E+02	
394	1.067954E+02	1.246296E+02	1.890849E+02	
395	1.012274E+02	1.243235E+02	1.888764E+02	
396	1.009308E+02	1.249731E+02	1.892659E+02	
397	1.046314E+02	1.245723E+02	1.883046E+02	
398	1.072078E+02	1.251097E+02	1.891016E+02	
399	1.024724E+02	1.248596E+02	1.893551E+02	
400	1.012978E+02	1.249594E+02	1.892045E+02	
401	1.012549E+02	1.244762E+02	1.881906E+02	
402	1.035471E+02	1.247957E+02	1.888180E+02	
403	1.010550E+02	1.256424E+02	1.890662E+02	
404	1.028733E+02	1.248833E+02	1.890256E+02	
405	9.408346E+01	1.250574E+02	1.905436E+02	
406	9.770969E+01	1.251295E+02	1.891747E+02	
407	9.868098E+01	1.254144E+02	1.906687E+02	
408	9.556102E+01	1.254289E+02	1.878134E+02	
409	1.020385E+02	1.261707E+02	1.887156E+02	
410	9.576327E+01	1.271739E+02	1.880533E+02	
411	9.976999E+01	1.258890E+02	1.879202E+02	
412	9.806084E+01	1.266230E+02	1.879672E+02	
413	9.585290E+01	1.263146E+02	1.886476E+02	
414	9.178153E+01	1.268936E+02	1.891539E+02	
415	9.644546E+01	1.262654E+02	1.874921E+02	
416	9.334266E+01	1.270678E+02	1.890048E+02	
417	9.430430E+01	1.264222E+02	1.863213E+02	
418	9.217387E+01	1.275036E+02	1.883739E+02	
419	9.236186E+01	1.275839E+02	1.861689E+02	
420	8.911400E+01	1.267199E+02	1.868883E+02	
421	8.641168E+01	1.265728E+02	1.883830E+02	
422	8.968017E+01	1.261821E+02	1.878938E+02	
423	8.807333E+01	1.277323E+02	1.886801E+02	
424	8.853083E+01	1.243214E+02	1.877351E+02	
425	8.663720E+01	1.264930E+02	1.906825E+02	
426	9.012399E+01	1.242202E+02	1.877122E+02	
427	8.609334E+01	1.259790E+02	1.871293E+02	
428	9.024202E+01	1.240355E+02	1.906954E+02	
429	9.024071E+01	1.244436E+02	1.861434E+02	
430	8.498199E+01	1.264952E+02	1.886996E+02	
431	8.259640E+01	1.259191E+02	1.842413E+02	
432	8.697771E+01	1.250686E+02	1.888787E+02	
433	8.586161E+01	1.263732E+02	1.885731E+02	
434	7.990806E+01	1.239812E+02	1.876279E+02	
435	7.271355E+01	1.262956E+02	1.858247E+02	
436	7.694411E+01	1.242073E+02	1.857543E+02	
437	8.439904E+01	1.249042E+02	1.897355E+02	
438	9.418774E+01	1.239698E+02	1.890672E+02	
439	7.765244E+01	1.268810E+02	1.848635E+02	
440	9.522510E+01	1.247539E+02	1.866944E+02	
441	8.506104E+01	1.258959E+02	1.841219E+02	
442	8.873746E+01	1.255776E+02	1.843020E+02	
443	7.810326E+01	1.241898E+02	1.828905E+02	
444	9.882384E+01	1.270425E+02	1.828953E+02	
445	9.394201E+01	1.242508E+02	1.770117E+02	
446	8.713200E+01	1.270802E+02	1.823489E+02	
447	9.492351E+01	1.269806E+02	1.820850E+02	
448	1.035933E+02	1.273249E+02	1.850397E+02	
449	1.215376E+02	1.293738E+02	1.834189E+02	
450	9.533539E+01	1.289649E+02	1.843410E+02	
451	1.084583E+02	1.305447E+02	1.842474E+02	
452	1.100560E+02	1.291344E+02	1.831286E+02	
453	1.118390E+02	1.295001E+02	1.857914E+02	
454	9.674531E+01	1.302556E+02	1.846186E+02	
455	1.269330E+02	1.287746E+02	1.831957E+02	
456	1.261817E+02	1.293950E+02	1.848638E+02	
457	1.287973E+02	1.314487E+02	1.869710E+02	
458	1.142683E+02	1.303103E+02	1.857049E+02	
459	1.180500E+02	1.299135E+02	1.848559E+02	
460	1.368851E+02	1.287378E+02	1.817427E+02	
461	1.250670E+02	1.277561E+02	1.850686E+02	
462	1.285570E+02	1.262852E+02	1.822052E+02	
463	1.251598E+02	1.284561E+02	1.847663E+02	
464	1.247287E+02	1.284851E+02	1.847628E+02	
465	1.403315E+02	1.250491E+02	1.801380E+02	
466	1.251431E+02	1.291905E+02	1.827468E+02	
467	1.301555E+02	1.252349E+02	1.806678E+02	
468	1.281211E+02	1.276830E+02	1.863729E+02	
469	1.287869E+02	1.298910E+02	1.808867E+02	
470	1.321633E+02	1.237632E+02	1.755164E+02	
471	1.181186E+02	1.252238E+02	1.825628E+02	
472	1.311610E+02	1.275710E+02	1.849148E+02	
473	1.222071E+02	1.239627E+02	1.789494E+02	
474	1.341417E+02	1.290645E+02	1.850016E+02	
475	1.207286E+02	1.271575E+02	1.787643E+02	
476	1.337463E+02	1.245133E+02	1.785779E+02	
477	1.408561E+02	1.255670E+02	1.908584E+02	
478	1.129706E+02	1.240069E+02	1.715889E+02	
479	1.247611E+02	1.279904E+02	1.857124E+02	
480	1.238411E+02	1.288360E+02	1.737468E+02	
481	1.166710E+02	1.279781E+02	1.789124E+02	
482	1.452134E+02	1.332074E+02	1.761395E+02	
483	7.103997E+01	1.268263E+02	1.709044E+02	
484	1.452134E+02	1.262970E+02	2.046335E+02	
485	8.434749E+01	1.312775E+02	1.652607E+02	
486	0.000000E+00	1.253153E+02	1.816055E+02	
487	7.103997E+01	1.295894E+02	1.687870E+02	
488	0.000000E+00	1.288096E+02	1.701634E+02	
489	0.000000E+00	1.241562E+02	1.678592E+02	
490	0.000000E+00	1.250411E+02	1.675546E+02	
491	0.000000E+00	1.147013E+02	1.665589E+02	
492	7.103997E+01	1.221115E+02	1.625114E+02	
493	0.000000E+00	1.122249E+02	1.867143E+02	
494	0.000000E+00	1.202192E+02	1.606327E+02	
495	0.000000E+00	1.197095E+02	1.881918E+02	
496	0.000000E+00	1.204906E+02	1.730262E+02	
497	0.000000E+00	1.234385E+02	1.739484E+02	
498	0.000000E+00	1.137829E+02	1.740573E+02	
499	0.000000E+00	1.280397E+02	1.714181E+02	
500	0.000000E+00	0.000000E+00	0.000000E+00	
501	0.000000E+00	1.163640E+02	1.761203E+02	
502	0.000000E+00	0.000000E+00	0.000000E+00	
503	0.000000E+00	1.196547E+02	1.782804E+02	
504	0.000000E+00	0.000000E+00	0.000000E+00	
505	0.000000E+00	1.123032E+02	1.727886E+02	
506	0.000000E+00	1.120291E+02	2.452669E+02	
507	0.000000E+00	0.000000E+00	0.000000E+00	
508	0.000000E+00	1.105858E+02	1.594012E+02	
509	0.000000E+00	0.000000E+00	0.000000E+00	
510	0.000000E+00	1.171178E+02	1.636310E+02	
511	0.000000E+00	0.000000E+00	0.000000E+00	
512	0.000000E+00	1.095837E+02	1.545076E+02	
513	0.000000E+00	0.000000E+00	0.000000E+00	
514	0.000000E+00	0.000000E+00	0.000000E+00	
515	0.000000E+00	1.122956E+02	1.124561E+02	
516	0.000000E+00	0.000000E+00	0.000000E+00	
517	0.000000E+00	1.223109E+02	1.182694E+02	
518	0.000000E+00	0.000000E+00	0.000000E+00	
519	0.000000E+00	1.284831E+02	1.178439E+02	
520	0.000000E+00	0.000000E+00	0.000000E+00	
521	0.000000E+00	0.000000E+00	0.000000E+00	
522	0.000000E+00	0.000000E+00	0.000000E+00	
523	0.000000E+00	0.000000E+00	0.000000E+00	
524	0.000000E+00	0.000000E+00	0.000000E+00	
525	0.000000E+00	0.000000E+00	0.000000E+00	
526	0.000000E+00	0.000000E+00	0.000000E+00	
527	0.000000E+00	0.000000E+00	0.000000E+00	
528	0.000000E+00	0.000000E+00	0.000000E+00	
529	0.000000E+00	0.000000E+00	0.000000E+00	
530	0.000000E+00	0.000000E+00	0.000000E+00	
531	0.000000E+00	0.000000E+00	0.000000E+00	
532	0.000000E+00	0.000000E+00	0.000000E+00	
533	0.000000E+00	0.000000E+00	0.000000E+00	
534	0.000000E+00	0.000000E+00	0.000000E+00	
535	0.000000E+00	0.000000E+00	0.000000E+00	
536	0.000000E+00	0.000000E+00	0.000000E+00	
537	0.000000E+00	0.000000E+00	0.000000E+00	
538	0.000000E+00	0.000000E+00	0.000000E+00	
539	0.000000E+00	0.000000E+00	0.000000E+00	
540	0.000000E+00	0.000000E+00	0.000000E+00	
541	0.000000E+00	0.000000E+00	0.000000E+00	
542	0.000000E+00	0.000000E+00	0.000000E+00	
543	0.000000E+00	0.000000E+00	0.000000E+00	
544	0.000000E+00	0.000000E+00	0.000000E+00	
545	0.000000E+00	0.000000E+00	0.000000E+00	
546	0.000000E+00	0.000000E+00	0.000000E+00	
547	0.000000E+00	0.000000E+00	0.000000E+00	
548	0.000000E+00	0.000000E+00	0.000000E+00	
549	0.000000E+00	0.000000E+00	0.000000E+00	
550	0.000000E+00	0.000000E+00	0.000000E+00	
551	0.000000E+00	0.000000E+00	0.000000E+00	
552	0.000000E+00	0.000000E+00	0.000000E+00	
553	0.000000E+00	0.000000E+00	0.000000E+00	
554	0.000000E+00	0.000000E+00	0.000000E+00	
555	0.000000E+00	0.000000E+00	0.000000E+00	
556	0.000000E+00	0.000000E+00	0.000000E+00	
557	0.000000E+00	0.000000E+00	0.000000E+00	
558	0.000000E+00	0.000000E+00	0.000000E+00	
559	0.000000E+00	0.000000E+00	0.000000E+00	
560	0.000000E+00	0.000000E+00	0.000000E+00	
561	0.000000E+00	0.000000E+00	0.000000E+00	
562	0.000000E+00	0.000000E+00	0.000000E+00	
563	0.000000E+00	0.000000E+00	0.000000E+00	
564	0.000000E+00	0.000000E+00	0.000000E+00	
565	0.000000E+00	0.000000E+00	0.000000E+00	
566	0.000000E+00	0.000000E+00	0.000000E+00	
567	0.000000E+00	0.000000E+00	0.000000E+00	
568	0.000000E+00	0.000000E+00	0.000000E+00	
569	0.000000E+00	0.000000E+00	0.000000E+00	
570	0.000000E+00	0.000000E+00	0.000000E+00	
571	0.000000E+00	0.000000E+00	0.000000E+00	
572	0.000000E+00	0.000000E+00	0.000000E+00	
573	0.000000E+00	0.000000E+00	0.000000E+00	
574	0.000000E+00	0.000000E+00	0.000000E+00	
575	0.000000E+00	0.000000E+00	0.000000E+00	
576	0.000000E+00	0.000000E+00	0.000000E+00	
577	0.000000E+00	0.000000E+00	0.000000E+00	
578	0.000000E+00	0.000000E+00	0.000000E+00	
579	0.000000E+00	0.000000E+00	0.000000E+00	
580	0.000000E+00	0.000000E+00	0.000000E+00	
581	0.000000E+00	0.000000E+00	0.000000E+00	
582	0.000000E+00	0.000000E+00	0.000000E+00	
583	0.000000E+00	0.000000E+00	0.000000E+00	
584	0.000000E+00	0.000000E+00	0.000000E+00	
585	0.000000E+00	0.000000E+00	0.000000E+00	
586	0.000000E+00	0.000000E+00	0.000000E+00	
587	0.000000E+00	0.000000E+00	0.000000E+00	
588	0.000000E+00	0.000000E+00	0.000000E+00	
589	0.000000E+00	0.000000E+00	0.000000E+00	
590	0.000000E+00	0.000000E+00	0.000000E+00	
591	0.000000E+00	0.000000E+00	0.000000E+00	
592	0.000000E+00	0.000000E+00	0.000000E+00	
593	0.000000E+00	0.000000E+00	0.000000E+00	
594	0.000000E+00	0.000000E+00	0.000000E+00	
595	0.000000E+00	0.000000E+00	0.000000E+00	
596	0.000000E+00	0.000000E+00	0.000000E+00	
597	0.000000E+00	0.000000E+00	0.000000E+00	
598	0.000000E+00	0.000000E+00	0.000000E+00	
599	0.000000E+00	0.000000E+00	0.000000E+00	
#NewRun
