#COM_Bin	Avg_cosine_squared
#Order is chain type
0	0	0	0	
1	0	0	0	
2	0	0	0	
3	0	0	0	
4	3.335770E-01	3.330511E-01	3.361693E-01	
5	3.256646E-01	3.238372E-01	3.312817E-01	
6	3.348637E-01	3.643413E-01	3.311467E-01	
7	0	0	0	
8	3.244583E-01	3.334269E-01	3.508996E-01	
9	3.185397E-01	3.279678E-01	3.343039E-01	
10	0	0	0	
11	3.288680E-01	3.369529E-01	3.313712E-01	
12	3.281296E-01	3.375734E-01	3.418061E-01	
13	3.186058E-01	3.366468E-01	3.354950E-01	
14	3.241764E-01	3.431995E-01	3.428653E-01	
15	0	0	0	
16	3.257614E-01	3.291058E-01	3.392746E-01	
17	3.225056E-01	3.399943E-01	3.488044E-01	
18	3.203481E-01	3.277970E-01	3.407643E-01	
19	3.350787E-01	3.266535E-01	3.468951E-01	
20	3.254788E-01	3.332248E-01	3.447683E-01	
21	3.283124E-01	3.222637E-01	3.492611E-01	
22	3.241462E-01	3.299555E-01	3.418720E-01	
23	3.313327E-01	3.276733E-01	3.394374E-01	
24	3.306636E-01	3.199937E-01	3.458873E-01	
25	3.248247E-01	3.237671E-01	3.380253E-01	
26	3.301713E-01	3.236254E-01	3.300911E-01	
27	3.240347E-01	3.249454E-01	3.370301E-01	
28	3.309315E-01	3.270581E-01	3.367260E-01	
29	3.301254E-01	3.199226E-01	3.381953E-01	
30	3.291014E-01	3.242960E-01	3.446751E-01	
31	3.268638E-01	3.239226E-01	3.306537E-01	
32	3.286125E-01	3.237925E-01	3.396306E-01	
33	3.280276E-01	3.257599E-01	3.397631E-01	
34	3.274333E-01	3.303253E-01	3.376165E-01	
35	3.287366E-01	3.282292E-01	3.370713E-01	
36	3.312074E-01	3.282416E-01	3.398645E-01	
37	3.319388E-01	3.290387E-01	3.397386E-01	
38	3.319063E-01	3.279955E-01	3.389718E-01	
39	3.313720E-01	3.294309E-01	3.368900E-01	
40	3.303654E-01	3.311006E-01	3.384267E-01	
41	3.300575E-01	3.329700E-01	3.387796E-01	
42	3.307683E-01	3.340640E-01	3.385596E-01	
43	3.326278E-01	3.326653E-01	3.392893E-01	
44	3.293065E-01	3.283269E-01	3.308929E-01	
45	3.300475E-01	3.311540E-01	3.369147E-01	
46	3.296660E-01	3.329503E-01	3.361986E-01	
47	3.294081E-01	3.327576E-01	3.317049E-01	
48	3.310667E-01	3.318536E-01	3.327018E-01	
49	3.306912E-01	3.304446E-01	3.339833E-01	
50	3.309436E-01	3.333138E-01	3.353155E-01	
51	3.277051E-01	3.352018E-01	3.337246E-01	
52	3.286756E-01	3.315896E-01	3.318886E-01	
53	3.293071E-01	3.320480E-01	3.309569E-01	
54	3.306667E-01	3.314421E-01	3.286205E-01	
55	3.290425E-01	3.341735E-01	3.296555E-01	
56	3.286829E-01	3.331698E-01	3.328016E-01	
57	3.261423E-01	3.313845E-01	3.292257E-01	
58	3.248876E-01	3.299337E-01	3.311086E-01	
59	3.279947E-01	3.281901E-01	3.289203E-01	
60	3.264093E-01	3.313421E-01	3.281391E-01	
61	3.262956E-01	3.280462E-01	3.301483E-01	
62	3.243051E-01	3.269070E-01	3.289958E-01	
63	3.254271E-01	3.272079E-01	3.254499E-01	
64	3.234399E-01	3.262210E-01	3.273524E-01	
65	3.231644E-01	3.259825E-01	3.267877E-01	
66	3.235482E-01	3.237217E-01	3.292058E-01	
67	3.226742E-01	3.249658E-01	3.295069E-01	
68	3.231035E-01	3.223285E-01	3.281823E-01	
69	3.212263E-01	3.263159E-01	3.266110E-01	
70	3.208265E-01	3.224822E-01	3.247710E-01	
71	3.184387E-01	3.236318E-01	3.275027E-01	
72	3.187533E-01	3.245717E-01	3.238362E-01	
73	3.187399E-01	3.239847E-01	3.233113E-01	
74	3.169009E-01	3.230644E-01	3.230620E-01	
75	3.166085E-01	3.236403E-01	3.216738E-01	
76	3.149630E-01	3.232520E-01	3.224408E-01	
77	3.162874E-01	3.217402E-01	3.204676E-01	
78	3.151451E-01	3.204913E-01	3.208637E-01	
79	3.141225E-01	3.200080E-01	3.212881E-01	
80	3.137757E-01	3.194273E-01	3.217905E-01	
81	3.135757E-01	3.194645E-01	3.200207E-01	
82	3.135212E-01	3.165817E-01	3.205024E-01	
83	3.123104E-01	3.190944E-01	3.221681E-01	
84	3.127452E-01	3.184120E-01	3.155752E-01	
85	3.123748E-01	3.165090E-01	3.196326E-01	
86	3.130228E-01	3.161693E-01	3.207688E-01	
87	3.123928E-01	3.198400E-01	3.191207E-01	
88	3.108954E-01	3.154182E-01	3.164802E-01	
89	3.124287E-01	3.151363E-01	3.163199E-01	
90	3.113559E-01	3.169291E-01	3.168557E-01	
91	3.110500E-01	3.148815E-01	3.168946E-01	
92	3.116008E-01	3.154273E-01	3.168757E-01	
93	3.111327E-01	3.141195E-01	3.153267E-01	
94	3.106809E-01	3.130084E-01	3.155902E-01	
95	3.124504E-01	3.141657E-01	3.147447E-01	
96	3.134446E-01	3.137684E-01	3.148864E-01	
97	3.124419E-01	3.153692E-01	3.158206E-01	
98	3.124807E-01	3.151046E-01	3.154916E-01	
99	3.128072E-01	3.151432E-01	3.160584E-01	
100	3.123957E-01	3.148809E-01	3.171198E-01	
101	3.129106E-01	3.144369E-01	3.163275E-01	
102	3.138634E-01	3.147968E-01	3.140118E-01	
103	3.132750E-01	3.164489E-01	3.173457E-01	
104	3.146202E-01	3.161327E-01	3.172525E-01	
105	3.151205E-01	3.153579E-01	3.163337E-01	
106	3.152156E-01	3.164557E-01	3.170572E-01	
107	3.173852E-01	3.160063E-01	3.174786E-01	
108	3.164105E-01	3.170472E-01	3.170948E-01	
109	3.187584E-01	3.172952E-01	3.190997E-01	
110	3.178658E-01	3.171684E-01	3.194411E-01	
111	3.181489E-01	3.191038E-01	3.194148E-01	
112	3.203700E-01	3.187212E-01	3.213754E-01	
113	3.204557E-01	3.196334E-01	3.224557E-01	
114	3.234345E-01	3.196386E-01	3.214831E-01	
115	3.224120E-01	3.204183E-01	3.215796E-01	
116	3.226801E-01	3.207412E-01	3.235513E-01	
117	3.249024E-01	3.215113E-01	3.232782E-01	
118	3.244182E-01	3.228135E-01	3.236923E-01	
119	3.250885E-01	3.246549E-01	3.255255E-01	
120	3.265422E-01	3.230584E-01	3.271521E-01	
121	3.272340E-01	3.257960E-01	3.272993E-01	
122	3.274978E-01	3.290180E-01	3.279367E-01	
123	3.293505E-01	3.287692E-01	3.290374E-01	
124	3.304552E-01	3.292576E-01	3.319017E-01	
125	3.326494E-01	3.310096E-01	3.306789E-01	
126	3.333582E-01	3.343171E-01	3.327057E-01	
127	3.330871E-01	3.365870E-01	3.342867E-01	
128	3.354938E-01	3.357319E-01	3.351439E-01	
129	3.369712E-01	3.372500E-01	3.373714E-01	
130	3.394700E-01	3.374623E-01	3.384789E-01	
131	3.413392E-01	3.402308E-01	3.384909E-01	
132	3.439504E-01	3.390575E-01	3.420072E-01	
133	3.432183E-01	3.428229E-01	3.432955E-01	
134	3.469409E-01	3.429485E-01	3.425484E-01	
135	3.495150E-01	3.437408E-01	3.438575E-01	
136	3.500233E-01	3.427174E-01	3.482706E-01	
137	3.530448E-01	3.460392E-01	3.477932E-01	
138	3.544418E-01	3.467314E-01	3.479739E-01	
139	3.554536E-01	3.471425E-01	3.530985E-01	
140	3.593205E-01	3.484321E-01	3.523512E-01	
141	3.584273E-01	3.481584E-01	3.564753E-01	
142	3.623877E-01	3.500265E-01	3.563450E-01	
143	3.645529E-01	3.509945E-01	3.587004E-01	
144	3.662122E-01	3.515611E-01	3.631261E-01	
145	3.682769E-01	3.538150E-01	3.621141E-01	
146	3.716106E-01	3.580909E-01	3.624151E-01	
147	3.712247E-01	3.588894E-01	3.629831E-01	
148	3.754269E-01	3.575000E-01	3.664991E-01	
149	3.784465E-01	3.598498E-01	3.673321E-01	
150	3.786907E-01	3.603885E-01	3.674232E-01	
151	3.832773E-01	3.644399E-01	3.697852E-01	
152	3.839442E-01	3.658230E-01	3.717420E-01	
153	3.873561E-01	3.673657E-01	3.715197E-01	
154	3.907353E-01	3.699733E-01	3.750075E-01	
155	3.921466E-01	3.711194E-01	3.761713E-01	
156	3.941857E-01	3.730715E-01	3.772510E-01	
157	3.973132E-01	3.726462E-01	3.769792E-01	
158	3.999721E-01	3.754718E-01	3.786566E-01	
159	4.040291E-01	3.764319E-01	3.813469E-01	
160	4.041272E-01	3.788082E-01	3.822868E-01	
161	4.070353E-01	3.796454E-01	3.841271E-01	
162	4.114882E-01	3.809707E-01	3.835724E-01	
163	4.116862E-01	3.819894E-01	3.822966E-01	
164	4.129629E-01	3.860612E-01	3.890782E-01	
165	4.173007E-01	3.879136E-01	3.888516E-01	
166	4.219741E-01	3.899725E-01	3.936110E-01	
167	4.235431E-01	3.908527E-01	3.910977E-01	
168	4.237908E-01	3.918753E-01	3.963061E-01	
169	4.256327E-01	3.926307E-01	3.982544E-01	
170	4.293649E-01	3.961175E-01	4.000792E-01	
171	4.322415E-01	3.980451E-01	4.009512E-01	
172	4.311667E-01	3.977393E-01	4.015132E-01	
173	4.357674E-01	4.016529E-01	4.060806E-01	
174	4.368671E-01	4.014227E-01	4.072402E-01	
175	4.432774E-01	4.047658E-01	4.102126E-01	
176	4.446394E-01	4.030215E-01	4.094794E-01	
177	4.468287E-01	4.053247E-01	4.131478E-01	
178	4.520416E-01	4.084953E-01	4.142450E-01	
179	4.561816E-01	4.062285E-01	4.134143E-01	
180	4.541769E-01	4.070029E-01	4.159059E-01	
181	4.603445E-01	4.073949E-01	4.174069E-01	
182	4.568344E-01	4.074034E-01	4.184335E-01	
183	4.648958E-01	4.124302E-01	4.196230E-01	
184	4.651729E-01	4.115364E-01	4.204897E-01	
185	4.648410E-01	4.107299E-01	4.247497E-01	
186	4.723785E-01	4.103883E-01	4.246009E-01	
187	4.726258E-01	4.112915E-01	4.258707E-01	
188	4.756352E-01	4.119330E-01	4.269361E-01	
189	4.750791E-01	4.137072E-01	4.289775E-01	
190	4.768078E-01	4.131622E-01	4.291809E-01	
191	4.779451E-01	4.111620E-01	4.247626E-01	
192	4.851077E-01	4.141933E-01	4.297229E-01	
193	4.873986E-01	4.159894E-01	4.280098E-01	
194	4.892398E-01	4.165799E-01	4.299251E-01	
195	4.897062E-01	4.138988E-01	4.267694E-01	
196	4.894761E-01	4.147808E-01	4.284107E-01	
197	4.918490E-01	4.111482E-01	4.280167E-01	
198	4.970865E-01	4.156495E-01	4.279343E-01	
199	4.928903E-01	4.120276E-01	4.264664E-01	
200	4.946452E-01	4.151421E-01	4.281515E-01	
201	4.989529E-01	4.119284E-01	4.252753E-01	
202	5.065494E-01	4.125267E-01	4.257252E-01	
203	5.033677E-01	4.119566E-01	4.276929E-01	
204	5.069953E-01	4.112460E-01	4.217737E-01	
205	5.079413E-01	4.128134E-01	4.217624E-01	
206	5.092751E-01	4.085966E-01	4.221269E-01	
207	5.116095E-01	4.121424E-01	4.183831E-01	
208	5.108519E-01	4.118280E-01	4.160081E-01	
209	5.100494E-01	4.080864E-01	4.183652E-01	
210	5.121381E-01	4.050220E-01	4.139688E-01	
211	5.098469E-01	4.070941E-01	4.147632E-01	
212	5.102020E-01	4.102224E-01	4.110598E-01	
213	5.186818E-01	4.056192E-01	4.134078E-01	
214	5.074263E-01	4.041409E-01	4.093551E-01	
215	4.985510E-01	4.047263E-01	4.075238E-01	
216	5.113690E-01	3.998863E-01	4.045963E-01	
217	5.018621E-01	3.997087E-01	4.041536E-01	
218	4.981896E-01	3.963497E-01	4.044114E-01	
219	5.041220E-01	3.954086E-01	4.005525E-01	
220	5.062692E-01	3.943088E-01	3.970819E-01	
221	5.000396E-01	3.936684E-01	4.022858E-01	
222	5.038233E-01	3.900617E-01	3.929364E-01	
223	5.036562E-01	3.927874E-01	3.932928E-01	
224	4.934637E-01	3.882737E-01	3.928946E-01	
225	5.068393E-01	3.888332E-01	3.844703E-01	
226	4.981960E-01	3.882313E-01	3.904237E-01	
227	4.812997E-01	3.877992E-01	3.906816E-01	
228	4.988068E-01	3.861506E-01	3.885421E-01	
229	4.796987E-01	3.849081E-01	3.856739E-01	
230	4.755717E-01	3.818831E-01	3.894981E-01	
231	4.847042E-01	3.832622E-01	3.860036E-01	
232	4.716456E-01	3.818596E-01	3.824560E-01	
233	4.689413E-01	3.798325E-01	3.789518E-01	
234	4.688990E-01	3.804431E-01	3.803026E-01	
235	4.758589E-01	3.766110E-01	3.806179E-01	
236	4.782651E-01	3.763498E-01	3.753671E-01	
237	4.803073E-01	3.714306E-01	3.768718E-01	
238	4.671705E-01	3.739787E-01	3.704037E-01	
239	4.574857E-01	3.731651E-01	3.722640E-01	
240	4.700075E-01	3.727515E-01	3.725259E-01	
241	4.764743E-01	3.700415E-01	3.605823E-01	
242	4.590841E-01	3.669551E-01	3.630712E-01	
243	4.677606E-01	3.681729E-01	3.612029E-01	
244	4.671892E-01	3.663825E-01	3.604419E-01	
245	4.588911E-01	3.628535E-01	3.584921E-01	
246	4.681808E-01	3.642521E-01	3.570697E-01	
247	4.606317E-01	3.615333E-01	3.598339E-01	
248	4.591923E-01	3.610266E-01	3.534017E-01	
249	4.601777E-01	3.593298E-01	3.528199E-01	
250	4.554892E-01	3.571578E-01	3.495925E-01	
251	4.568582E-01	3.548402E-01	3.510564E-01	
252	4.590415E-01	3.552517E-01	3.473404E-01	
253	4.541684E-01	3.501617E-01	3.455006E-01	
254	4.630039E-01	3.502269E-01	3.421776E-01	
255	4.503172E-01	3.468192E-01	3.433851E-01	
256	4.449305E-01	3.464864E-01	3.435356E-01	
257	4.436528E-01	3.480727E-01	3.431069E-01	
258	4.458950E-01	3.436354E-01	3.389178E-01	
259	4.559362E-01	3.419837E-01	3.350596E-01	
260	4.549334E-01	3.399484E-01	3.392358E-01	
261	4.465085E-01	3.367636E-01	3.370875E-01	
262	4.288368E-01	3.376863E-01	3.366773E-01	
263	4.196376E-01	3.347009E-01	3.339719E-01	
264	4.379643E-01	3.331894E-01	3.290294E-01	
265	4.321722E-01	3.334695E-01	3.313977E-01	
266	4.166395E-01	3.304354E-01	3.323847E-01	
267	4.118343E-01	3.282739E-01	3.302860E-01	
268	4.153810E-01	3.232744E-01	3.241760E-01	
269	4.050435E-01	3.276400E-01	3.220576E-01	
270	3.854935E-01	3.247152E-01	3.212690E-01	
271	3.791528E-01	3.273426E-01	3.237340E-01	
272	3.800448E-01	3.191488E-01	3.170717E-01	
273	3.686536E-01	3.174208E-01	3.151661E-01	
274	3.533048E-01	3.186793E-01	3.186785E-01	
275	3.595471E-01	3.182166E-01	3.149804E-01	
276	3.356574E-01	3.140627E-01	3.121540E-01	
277	3.465178E-01	3.134894E-01	3.109238E-01	
278	3.343774E-01	3.120529E-01	3.115808E-01	
279	3.238064E-01	3.102481E-01	3.112577E-01	
280	3.327467E-01	3.096731E-01	3.099877E-01	
281	3.347725E-01	3.059016E-01	3.066555E-01	
282	3.343249E-01	3.068149E-01	3.102068E-01	
283	3.261933E-01	3.027059E-01	3.070129E-01	
284	3.252715E-01	3.022015E-01	3.045931E-01	
285	3.320553E-01	3.032255E-01	3.056399E-01	
286	3.120271E-01	3.019436E-01	3.057162E-01	
287	3.381433E-01	3.007503E-01	3.064201E-01	
288	3.220809E-01	2.988628E-01	3.025612E-01	
289	3.256248E-01	2.992630E-01	3.026321E-01	
290	3.135965E-01	2.950258E-01	3.022884E-01	
291	3.281608E-01	3.023769E-01	3.028557E-01	
292	3.226170E-01	2.938847E-01	3.037813E-01	
293	3.252982E-01	2.952910E-01	2.971159E-01	
294	3.066212E-01	2.971641E-01	3.021117E-01	
295	3.143472E-01	2.934448E-01	2.969515E-01	
296	3.064863E-01	2.985889E-01	2.973082E-01	
297	3.135814E-01	2.970404E-01	2.966450E-01	
298	3.212602E-01	2.948126E-01	2.945032E-01	
299	3.095217E-01	2.946162E-01	2.958831E-01	
300	3.159156E-01	2.958044E-01	2.959763E-01	
301	3.174400E-01	2.995711E-01	2.937649E-01	
302	3.272384E-01	2.954820E-01	2.928527E-01	
303	3.377011E-01	2.968876E-01	2.942812E-01	
304	3.333075E-01	2.943320E-01	2.947323E-01	
305	3.393307E-01	2.983317E-01	2.970451E-01	
306	3.558541E-01	2.931909E-01	2.925487E-01	
307	3.393444E-01	2.933273E-01	2.912963E-01	
308	3.466982E-01	2.959356E-01	2.915953E-01	
309	3.309498E-01	2.949635E-01	2.908724E-01	
310	3.385101E-01	2.977649E-01	2.916882E-01	
311	3.301383E-01	2.933256E-01	2.892354E-01	
312	3.213682E-01	2.932708E-01	2.869339E-01	
313	3.314914E-01	2.908774E-01	2.851234E-01	
314	3.298777E-01	2.970547E-01	2.890029E-01	
315	3.241647E-01	2.939617E-01	2.828842E-01	
316	3.121353E-01	2.942087E-01	2.847577E-01	
317	3.183899E-01	2.938894E-01	2.839888E-01	
318	3.277943E-01	2.918154E-01	2.854200E-01	
319	3.021317E-01	2.926000E-01	2.871313E-01	
320	2.973609E-01	2.916336E-01	2.860200E-01	
321	3.126220E-01	2.933797E-01	2.849419E-01	
322	2.960017E-01	2.859118E-01	2.845398E-01	
323	3.064047E-01	2.883196E-01	2.839923E-01	
324	2.948291E-01	2.904523E-01	2.852901E-01	
325	3.050765E-01	2.887832E-01	2.841675E-01	
326	2.992660E-01	2.892869E-01	2.863942E-01	
327	3.035454E-01	2.920255E-01	2.853785E-01	
328	3.079663E-01	2.910795E-01	2.875497E-01	
329	3.168371E-01	2.907058E-01	2.839383E-01	
330	3.020885E-01	2.857060E-01	2.905980E-01	
331	3.056384E-01	2.886839E-01	2.877138E-01	
332	3.422594E-01	2.888375E-01	2.905523E-01	
333	3.093530E-01	2.888763E-01	2.868059E-01	
334	3.333477E-01	2.880495E-01	2.898103E-01	
335	3.264455E-01	2.887979E-01	2.865780E-01	
336	3.173086E-01	2.893566E-01	2.890387E-01	
337	3.316564E-01	2.904459E-01	2.879955E-01	
338	3.324207E-01	2.916095E-01	2.906741E-01	
339	3.148262E-01	2.913442E-01	2.901500E-01	
340	3.245394E-01	2.920285E-01	2.897532E-01	
341	3.167309E-01	2.921643E-01	2.907729E-01	
342	3.081187E-01	2.943729E-01	2.935219E-01	
343	3.094739E-01	2.921241E-01	2.939317E-01	
344	3.199445E-01	2.907559E-01	2.902491E-01	
345	3.097949E-01	2.937321E-01	2.869197E-01	
346	3.053874E-01	2.927057E-01	2.919808E-01	
347	3.084509E-01	2.903186E-01	2.871514E-01	
348	2.946848E-01	2.935076E-01	2.904770E-01	
349	3.077290E-01	2.928595E-01	2.904447E-01	
350	2.969090E-01	2.941530E-01	2.847651E-01	
351	2.811203E-01	2.918737E-01	2.874086E-01	
352	2.924439E-01	2.892872E-01	2.834737E-01	
353	2.853417E-01	2.932259E-01	2.862201E-01	
354	2.835244E-01	2.899431E-01	2.867253E-01	
355	2.837750E-01	2.869804E-01	2.887412E-01	
356	2.878672E-01	2.882451E-01	2.859131E-01	
357	2.727706E-01	2.916254E-01	2.836104E-01	
358	2.703512E-01	2.878778E-01	2.873445E-01	
359	2.715500E-01	2.892249E-01	2.820392E-01	
360	2.497042E-01	2.895487E-01	2.847021E-01	
361	2.662108E-01	2.868147E-01	2.871672E-01	
362	2.469761E-01	2.820695E-01	2.804408E-01	
363	2.567446E-01	2.854758E-01	2.820153E-01	
364	2.576144E-01	2.831544E-01	2.851990E-01	
365	2.507951E-01	2.861270E-01	2.812278E-01	
366	2.468876E-01	2.800898E-01	2.857512E-01	
367	2.596164E-01	2.814304E-01	2.883639E-01	
368	2.614740E-01	2.786614E-01	2.775945E-01	
369	2.678059E-01	2.803194E-01	2.865026E-01	
370	2.640152E-01	2.820581E-01	2.820384E-01	
371	2.730525E-01	2.758723E-01	2.798813E-01	
372	2.786712E-01	2.808011E-01	2.876683E-01	
373	2.682273E-01	2.745128E-01	2.827631E-01	
374	2.765312E-01	2.773628E-01	2.805635E-01	
375	2.683235E-01	2.801504E-01	2.824692E-01	
376	2.572869E-01	2.771263E-01	2.820917E-01	
377	2.677331E-01	2.758151E-01	2.819243E-01	
378	2.750466E-01	2.834260E-01	2.829393E-01	
379	2.814592E-01	2.707682E-01	2.832912E-01	
380	2.556423E-01	2.781538E-01	2.768427E-01	
381	2.790268E-01	2.776615E-01	2.852044E-01	
382	2.618865E-01	2.694883E-01	2.761800E-01	
383	2.630269E-01	2.755173E-01	2.795479E-01	
384	2.784621E-01	2.740688E-01	2.772613E-01	
385	2.720720E-01	2.723069E-01	2.744674E-01	
386	2.951009E-01	2.724617E-01	2.824581E-01	
387	2.939461E-01	2.746223E-01	2.798931E-01	
388	2.802742E-01	2.716047E-01	2.799559E-01	
389	2.762224E-01	2.740193E-01	2.809017E-01	
390	2.646297E-01	2.718609E-01	2.764800E-01	
391	2.957885E-01	2.731519E-01	2.725518E-01	
392	2.786349E-01	2.772246E-01	2.732778E-01	
393	2.764366E-01	2.762354E-01	2.691993E-01	
394	2.757547E-01	2.702400E-01	2.791209E-01	
395	2.957438E-01	2.835125E-01	2.786905E-01	
396	2.897150E-01	2.793613E-01	2.718795E-01	
397	3.065454E-01	2.804785E-01	2.834973E-01	
398	2.944180E-01	2.821436E-01	2.752928E-01	
399	2.867531E-01	2.765943E-01	2.775818E-01	
400	2.987087E-01	2.840077E-01	2.748502E-01	
401	3.118792E-01	2.835322E-01	2.741566E-01	
402	3.401643E-01	2.869137E-01	2.870883E-01	
403	2.894477E-01	2.875046E-01	2.829648E-01	
404	3.300725E-01	2.898242E-01	2.776447E-01	
405	3.323328E-01	2.922169E-01	2.875598E-01	
406	3.326276E-01	2.886566E-01	2.801501E-01	
407	3.156710E-01	3.001002E-01	2.845916E-01	
408	3.188738E-01	2.902572E-01	2.833164E-01	
409	3.339358E-01	2.958193E-01	2.908342E-01	
410	3.359283E-01	2.969975E-01	2.853866E-01	
411	3.076297E-01	2.968853E-01	2.965133E-01	
412	2.939044E-01	2.937722E-01	2.863517E-01	
413	3.049946E-01	2.986614E-01	2.980397E-01	
414	3.066645E-01	2.976652E-01	2.891640E-01	
415	3.041414E-01	2.992903E-01	3.026186E-01	
416	2.783649E-01	3.005417E-01	2.960321E-01	
417	2.897802E-01	2.995135E-01	2.910589E-01	
418	2.761222E-01	3.003305E-01	3.023658E-01	
419	2.887848E-01	2.991216E-01	3.012117E-01	
420	2.781762E-01	2.981511E-01	2.963752E-01	
421	2.600002E-01	3.012814E-01	3.067428E-01	
422	2.846896E-01	3.002641E-01	3.072479E-01	
423	2.782551E-01	2.970581E-01	3.054985E-01	
424	2.506551E-01	2.957686E-01	3.078734E-01	
425	2.810908E-01	2.966621E-01	3.070747E-01	
426	2.813878E-01	2.898313E-01	3.096060E-01	
427	2.343855E-01	2.888133E-01	3.079909E-01	
428	2.321026E-01	2.927006E-01	3.130222E-01	
429	2.223122E-01	2.907250E-01	3.038337E-01	
430	2.344400E-01	2.966840E-01	3.012202E-01	
431	2.360715E-01	2.882446E-01	3.096152E-01	
432	2.527668E-01	2.987504E-01	2.966289E-01	
433	2.215227E-01	2.882197E-01	3.026523E-01	
434	2.572434E-01	2.942994E-01	2.875430E-01	
435	2.695230E-01	2.838861E-01	2.854727E-01	
436	2.519020E-01	3.009690E-01	3.021339E-01	
437	2.583428E-01	2.934393E-01	3.012248E-01	
438	2.384466E-01	3.063465E-01	3.074323E-01	
439	2.036621E-01	2.863160E-01	2.932155E-01	
440	2.312485E-01	2.993429E-01	3.096286E-01	
441	2.017439E-01	3.019554E-01	2.915554E-01	
442	2.577339E-01	2.984597E-01	2.952087E-01	
443	2.434207E-01	2.876653E-01	2.776705E-01	
444	2.772396E-01	3.000271E-01	3.026557E-01	
445	3.153566E-01	3.025726E-01	2.967858E-01	
446	2.489661E-01	2.937249E-01	2.927184E-01	
447	2.752789E-01	3.000563E-01	2.874454E-01	
448	3.067965E-01	2.995390E-01	2.939591E-01	
449	2.569210E-01	3.027679E-01	2.925700E-01	
450	2.806728E-01	2.923395E-01	2.956442E-01	
451	2.814733E-01	2.860864E-01	2.961082E-01	
452	2.815789E-01	2.903785E-01	2.975961E-01	
453	2.623550E-01	2.842448E-01	2.969763E-01	
454	3.213701E-01	2.853233E-01	2.983618E-01	
455	2.853685E-01	2.909666E-01	2.932305E-01	
456	2.927638E-01	2.804827E-01	3.064297E-01	
457	2.784313E-01	2.827448E-01	3.046043E-01	
458	2.879368E-01	2.860450E-01	3.244549E-01	
459	3.082349E-01	2.849806E-01	3.122263E-01	
460	3.220596E-01	2.827447E-01	3.099892E-01	
461	3.080408E-01	3.066363E-01	3.213491E-01	
462	3.074140E-01	2.840578E-01	2.846166E-01	
463	3.551607E-01	3.030547E-01	3.199639E-01	
464	2.676613E-01	3.124140E-01	2.913305E-01	
465	3.609564E-01	3.017340E-01	3.122692E-01	
466	2.816524E-01	2.977367E-01	2.904981E-01	
467	2.835250E-01	3.072264E-01	3.175188E-01	
468	3.533410E-01	3.247901E-01	3.145805E-01	
469	3.579428E-01	3.196023E-01	3.048436E-01	
470	3.567495E-01	3.239354E-01	3.475454E-01	
471	3.335761E-01	3.154581E-01	2.980792E-01	
472	3.585127E-01	3.328434E-01	3.321480E-01	
473	3.854669E-01	3.220994E-01	2.791666E-01	
474	3.808887E-01	3.398976E-01	3.340800E-01	
475	3.124382E-01	3.589288E-01	3.236457E-01	
476	3.943903E-01	3.250767E-01	3.313644E-01	
477	5.662307E-01	3.878830E-01	3.787180E-01	
478	3.571040E-01	3.275594E-01	3.303686E-01	
479	4.235109E-01	3.831275E-01	3.729323E-01	
480	3.475329E-01	3.536864E-01	3.092813E-01	
481	3.514822E-01	3.684463E-01	3.649615E-01	
482	3.570456E-01	3.830628E-01	3.547048E-01	
483	3.918516E-01	3.682473E-01	3.675526E-01	
484	6.365490E-01	4.439633E-01	4.164017E-01	
485	3.659308E-01	3.798856E-01	3.828290E-01	
486	7.613694E-01	4.599833E-01	4.664143E-01	
487	3.150861E-01	3.891258E-01	3.873715E-01	
488	5.360298E-01	4.439122E-01	4.754856E-01	
489	2.755141E-01	3.906184E-01	4.104050E-01	
490	4.327385E-01	4.334069E-01	4.487661E-01	
491	2.187097E-01	4.143222E-01	4.195274E-01	
492	4.157162E-01	4.282586E-01	4.192374E-01	
493	7.839047E-01	5.753504E-01	5.594983E-01	
494	4.316986E-01	4.353353E-01	4.251935E-01	
495	6.773010E-01	6.064840E-01	5.128804E-01	
496	4.954582E-01	4.043998E-01	4.541617E-01	
497	7.435881E-01	5.061823E-01	4.667201E-01	
498	4.981262E-01	4.241559E-01	4.585875E-01	
499	6.330014E-01	4.923096E-01	4.449091E-01	
500	0	0	0	
501	6.191180E-01	4.842431E-01	4.800060E-01	
502	0	0	0	
503	7.133931E-01	5.147999E-01	4.909911E-01	
504	0	0	0	
505	6.548801E-01	5.150406E-01	5.502115E-01	
506	7.626544E-01	6.728387E-01	4.769584E-01	
507	0	0	0	
508	6.871556E-01	5.204957E-01	5.680249E-01	
509	0	0	0	
510	7.290886E-01	5.641529E-01	6.139187E-01	
511	0	0	0	
512	7.414160E-01	6.516360E-01	6.716740E-01	
513	0	0	0	
514	0	0	0	
515	7.154134E-01	6.768189E-01	7.420016E-01	
516	0	0	0	
517	7.682353E-01	7.909968E-01	8.428970E-01	
518	0	0	0	
519	6.786102E-01	9.837398E-01	8.771930E-01	
520	0	0	0	
521	0	0	0	
522	0	0	0	
523	0	0	0	
524	0	0	0	
525	0	0	0	
526	0	0	0	
527	0	0	0	
528	0	0	0	
529	0	0	0	
530	0	0	0	
531	0	0	0	
532	0	0	0	
533	0	0	0	
534	0	0	0	
535	0	0	0	
536	0	0	0	
537	0	0	0	
538	0	0	0	
539	0	0	0	
540	0	0	0	
541	0	0	0	
542	0	0	0	
543	0	0	0	
544	0	0	0	
545	0	0	0	
546	0	0	0	
547	0	0	0	
548	0	0	0	
549	0	0	0	
550	0	0	0	
551	0	0	0	
552	0	0	0	
553	0	0	0	
554	0	0	0	
555	0	0	0	
556	0	0	0	
557	0	0	0	
558	0	0	0	
559	0	0	0	
560	0	0	0	
561	0	0	0	
562	0	0	0	
563	0	0	0	
564	0	0	0	
565	0	0	0	
566	0	0	0	
567	0	0	0	
568	0	0	0	
569	0	0	0	
570	0	0	0	
571	0	0	0	
572	0	0	0	
573	0	0	0	
574	0	0	0	
575	0	0	0	
576	0	0	0	
577	0	0	0	
578	0	0	0	
579	0	0	0	
580	0	0	0	
581	0	0	0	
582	0	0	0	
583	0	0	0	
584	0	0	0	
585	0	0	0	
586	0	0	0	
587	0	0	0	
588	0	0	0	
589	0	0	0	
590	0	0	0	
591	0	0	0	
592	0	0	0	
593	0	0	0	
594	0	0	0	
595	0	0	0	
596	0	0	0	
597	0	0	0	
598	0	0	0	
599	0	0	0	
#NewRun
0	0	0	0	
1	0	0	0	
2	0	0	0	
3	0	0	0	
4	3.268353E-01	3.196432E-01	3.215103E-01	
5	3.366570E-01	3.323930E-01	3.377491E-01	
6	3.231108E-01	3.280364E-01	3.402410E-01	
7	0	0	0	
8	3.372398E-01	3.233001E-01	3.306639E-01	
9	3.448605E-01	3.317711E-01	3.426102E-01	
10	0	0	0	
11	3.318978E-01	3.442275E-01	3.392588E-01	
12	3.377505E-01	3.385930E-01	3.326678E-01	
13	3.313870E-01	3.282618E-01	3.368045E-01	
14	3.373890E-01	3.301526E-01	3.292762E-01	
15	0	0	0	
16	3.430387E-01	3.305857E-01	3.339074E-01	
17	3.403995E-01	3.363219E-01	3.483636E-01	
18	3.411290E-01	3.283678E-01	3.367279E-01	
19	3.299068E-01	3.385379E-01	3.478826E-01	
20	3.406509E-01	3.383792E-01	3.438685E-01	
21	3.372654E-01	3.318144E-01	3.399443E-01	
22	3.355768E-01	3.367799E-01	3.393218E-01	
23	3.374208E-01	3.359784E-01	3.385076E-01	
24	3.329136E-01	3.213851E-01	3.334724E-01	
25	3.368614E-01	3.305894E-01	3.340707E-01	
26	3.347129E-01	3.339460E-01	3.366828E-01	
27	3.418491E-01	3.309759E-01	3.404410E-01	
28	3.366212E-01	3.312633E-01	3.348108E-01	
29	3.323143E-01	3.314821E-01	3.319325E-01	
30	3.369645E-01	3.333157E-01	3.376036E-01	
31	3.325088E-01	3.247378E-01	3.354418E-01	
32	3.326468E-01	3.306429E-01	3.374893E-01	
33	3.332454E-01	3.348443E-01	3.376361E-01	
34	3.373860E-01	3.320806E-01	3.376363E-01	
35	3.355563E-01	3.300995E-01	3.390922E-01	
36	3.320199E-01	3.338904E-01	3.333751E-01	
37	3.317964E-01	3.370571E-01	3.350683E-01	
38	3.317145E-01	3.348569E-01	3.369762E-01	
39	3.284132E-01	3.323334E-01	3.381388E-01	
40	3.304680E-01	3.362289E-01	3.338957E-01	
41	3.305124E-01	3.303577E-01	3.350088E-01	
42	3.287814E-01	3.295809E-01	3.372464E-01	
43	3.277250E-01	3.292075E-01	3.325664E-01	
44	3.247960E-01	3.288980E-01	3.323661E-01	
45	3.252902E-01	3.297405E-01	3.349488E-01	
46	3.254515E-01	3.280841E-01	3.332901E-01	
47	3.252738E-01	3.299461E-01	3.272685E-01	
48	3.234373E-01	3.264000E-01	3.316139E-01	
49	3.237704E-01	3.281140E-01	3.280754E-01	
50	3.194063E-01	3.255226E-01	3.294838E-01	
51	3.240639E-01	3.267767E-01	3.269698E-01	
52	3.232483E-01	3.250607E-01	3.270772E-01	
53	3.227227E-01	3.243858E-01	3.254784E-01	
54	3.211937E-01	3.277681E-01	3.253001E-01	
55	3.201729E-01	3.243590E-01	3.284549E-01	
56	3.236207E-01	3.234955E-01	3.242045E-01	
57	3.223680E-01	3.248314E-01	3.241699E-01	
58	3.226414E-01	3.228433E-01	3.268578E-01	
59	3.235939E-01	3.247731E-01	3.230222E-01	
60	3.232691E-01	3.219190E-01	3.234878E-01	
61	3.204389E-01	3.211878E-01	3.240710E-01	
62	3.228772E-01	3.247011E-01	3.256633E-01	
63	3.223124E-01	3.219455E-01	3.271459E-01	
64	3.235105E-01	3.229590E-01	3.271739E-01	
65	3.234902E-01	3.219763E-01	3.272791E-01	
66	3.187423E-01	3.204131E-01	3.270905E-01	
67	3.209487E-01	3.222720E-01	3.261175E-01	
68	3.219761E-01	3.202490E-01	3.243403E-01	
69	3.228762E-01	3.193210E-01	3.261857E-01	
70	3.201027E-01	3.208864E-01	3.253340E-01	
71	3.206204E-01	3.196079E-01	3.258407E-01	
72	3.202137E-01	3.191607E-01	3.265743E-01	
73	3.210200E-01	3.171687E-01	3.257872E-01	
74	3.185682E-01	3.178610E-01	3.275627E-01	
75	3.181339E-01	3.219317E-01	3.256955E-01	
76	3.189741E-01	3.165254E-01	3.276080E-01	
77	3.174562E-01	3.192579E-01	3.267765E-01	
78	3.183456E-01	3.191291E-01	3.269619E-01	
79	3.178819E-01	3.186997E-01	3.277257E-01	
80	3.184984E-01	3.192688E-01	3.257212E-01	
81	3.165196E-01	3.201827E-01	3.258875E-01	
82	3.170383E-01	3.180081E-01	3.240900E-01	
83	3.174268E-01	3.196804E-01	3.228519E-01	
84	3.134144E-01	3.210486E-01	3.248815E-01	
85	3.152953E-01	3.189387E-01	3.211404E-01	
86	3.150147E-01	3.186481E-01	3.224412E-01	
87	3.151925E-01	3.188762E-01	3.240181E-01	
88	3.143363E-01	3.194800E-01	3.237960E-01	
89	3.142073E-01	3.205749E-01	3.231146E-01	
90	3.131553E-01	3.192065E-01	3.234710E-01	
91	3.114143E-01	3.180056E-01	3.244907E-01	
92	3.133836E-01	3.195275E-01	3.212598E-01	
93	3.135407E-01	3.176038E-01	3.217480E-01	
94	3.126585E-01	3.178186E-01	3.213781E-01	
95	3.121756E-01	3.165327E-01	3.225918E-01	
96	3.139277E-01	3.178057E-01	3.214359E-01	
97	3.142257E-01	3.166521E-01	3.224453E-01	
98	3.139868E-01	3.177411E-01	3.204766E-01	
99	3.139300E-01	3.152874E-01	3.226011E-01	
100	3.146427E-01	3.162951E-01	3.216649E-01	
101	3.149128E-01	3.168941E-01	3.206407E-01	
102	3.148658E-01	3.164422E-01	3.224959E-01	
103	3.133169E-01	3.171351E-01	3.223345E-01	
104	3.160236E-01	3.185974E-01	3.204920E-01	
105	3.149234E-01	3.168731E-01	3.215421E-01	
106	3.150496E-01	3.188004E-01	3.208636E-01	
107	3.163354E-01	3.186352E-01	3.194437E-01	
108	3.161973E-01	3.187246E-01	3.219007E-01	
109	3.169819E-01	3.203309E-01	3.217652E-01	
110	3.185609E-01	3.191476E-01	3.224638E-01	
111	3.186604E-01	3.207541E-01	3.241751E-01	
112	3.186140E-01	3.211262E-01	3.214713E-01	
113	3.202252E-01	3.187037E-01	3.237238E-01	
114	3.205303E-01	3.206497E-01	3.242750E-01	
115	3.212405E-01	3.215815E-01	3.237433E-01	
116	3.230872E-01	3.205416E-01	3.228788E-01	
117	3.243682E-01	3.219868E-01	3.264898E-01	
118	3.248984E-01	3.213270E-01	3.258118E-01	
119	3.268290E-01	3.242712E-01	3.275633E-01	
120	3.270528E-01	3.227405E-01	3.288291E-01	
121	3.288786E-01	3.233456E-01	3.283273E-01	
122	3.291831E-01	3.250591E-01	3.294319E-01	
123	3.303502E-01	3.252159E-01	3.298471E-01	
124	3.329791E-01	3.250094E-01	3.298151E-01	
125	3.343285E-01	3.256054E-01	3.314344E-01	
126	3.374213E-01	3.301446E-01	3.313645E-01	
127	3.373143E-01	3.297270E-01	3.314100E-01	
128	3.380888E-01	3.286837E-01	3.332736E-01	
129	3.394209E-01	3.314362E-01	3.348468E-01	
130	3.428135E-01	3.330764E-01	3.344046E-01	
131	3.430837E-01	3.333305E-01	3.370125E-01	
132	3.439318E-01	3.331152E-01	3.374293E-01	
133	3.462787E-01	3.360657E-01	3.390135E-01	
134	3.476808E-01	3.360064E-01	3.396093E-01	
135	3.495324E-01	3.371811E-01	3.424720E-01	
136	3.535882E-01	3.386573E-01	3.434494E-01	
137	3.521194E-01	3.422830E-01	3.445343E-01	
138	3.535167E-01	3.430828E-01	3.450447E-01	
139	3.559951E-01	3.415669E-01	3.476599E-01	
140	3.585660E-01	3.441080E-01	3.492768E-01	
141	3.611267E-01	3.464240E-01	3.494757E-01	
142	3.612905E-01	3.458711E-01	3.532322E-01	
143	3.642979E-01	3.457665E-01	3.539773E-01	
144	3.657221E-01	3.476135E-01	3.561629E-01	
145	3.668622E-01	3.511285E-01	3.565050E-01	
146	3.707725E-01	3.513672E-01	3.603985E-01	
147	3.715313E-01	3.521844E-01	3.597067E-01	
148	3.753923E-01	3.545339E-01	3.637584E-01	
149	3.771369E-01	3.574215E-01	3.650907E-01	
150	3.790789E-01	3.588371E-01	3.659544E-01	
151	3.815772E-01	3.610747E-01	3.670054E-01	
152	3.846672E-01	3.627786E-01	3.684910E-01	
153	3.880626E-01	3.641111E-01	3.703986E-01	
154	3.890849E-01	3.669243E-01	3.726292E-01	
155	3.899996E-01	3.673795E-01	3.759851E-01	
156	3.968497E-01	3.711486E-01	3.775198E-01	
157	3.978627E-01	3.721206E-01	3.791001E-01	
158	4.010383E-01	3.743887E-01	3.782585E-01	
159	4.033706E-01	3.747381E-01	3.833901E-01	
160	4.087118E-01	3.776677E-01	3.838103E-01	
161	4.083768E-01	3.829793E-01	3.855392E-01	
162	4.134132E-01	3.802980E-01	3.831296E-01	
163	4.131934E-01	3.837354E-01	3.863252E-01	
164	4.184978E-01	3.875349E-01	3.894183E-01	
165	4.201503E-01	3.902179E-01	3.902673E-01	
166	4.239746E-01	3.905156E-01	3.922683E-01	
167	4.280105E-01	3.926875E-01	3.918228E-01	
168	4.298588E-01	3.951852E-01	3.927084E-01	
169	4.326953E-01	3.993350E-01	3.944642E-01	
170	4.337210E-01	3.991874E-01	3.972646E-01	
171	4.382025E-01	4.005576E-01	3.956949E-01	
172	4.405753E-01	4.035803E-01	4.011442E-01	
173	4.442526E-01	4.073342E-01	3.998438E-01	
174	4.464488E-01	4.072351E-01	4.012737E-01	
175	4.474702E-01	4.058156E-01	4.033705E-01	
176	4.519143E-01	4.137561E-01	4.056497E-01	
177	4.556959E-01	4.134310E-01	4.067225E-01	
178	4.582862E-01	4.154327E-01	4.059333E-01	
179	4.623143E-01	4.196376E-01	4.092507E-01	
180	4.657511E-01	4.189866E-01	4.121444E-01	
181	4.681440E-01	4.194696E-01	4.128790E-01	
182	4.713815E-01	4.205682E-01	4.156946E-01	
183	4.713960E-01	4.212320E-01	4.155018E-01	
184	4.802370E-01	4.229899E-01	4.185511E-01	
185	4.745847E-01	4.260526E-01	4.182266E-01	
186	4.827471E-01	4.266503E-01	4.170191E-01	
187	4.859723E-01	4.247391E-01	4.215168E-01	
188	4.903030E-01	4.281612E-01	4.199681E-01	
189	4.892128E-01	4.316454E-01	4.202421E-01	
190	4.946916E-01	4.295586E-01	4.222319E-01	
191	4.951772E-01	4.337511E-01	4.180337E-01	
192	4.994276E-01	4.328371E-01	4.200769E-01	
193	5.019111E-01	4.315005E-01	4.209953E-01	
194	5.078217E-01	4.308220E-01	4.193690E-01	
195	5.101786E-01	4.273844E-01	4.215637E-01	
196	5.095014E-01	4.295681E-01	4.215617E-01	
197	5.191707E-01	4.328680E-01	4.200953E-01	
198	5.187104E-01	4.288469E-01	4.195129E-01	
199	5.207701E-01	4.323549E-01	4.217079E-01	
200	5.199363E-01	4.268390E-01	4.177953E-01	
201	5.260320E-01	4.287985E-01	4.169350E-01	
202	5.247210E-01	4.265394E-01	4.204217E-01	
203	5.359010E-01	4.268211E-01	4.167070E-01	
204	5.230423E-01	4.295956E-01	4.158196E-01	
205	5.262015E-01	4.253841E-01	4.187738E-01	
206	5.341674E-01	4.239606E-01	4.173308E-01	
207	5.328403E-01	4.219827E-01	4.154382E-01	
208	5.268342E-01	4.191161E-01	4.145933E-01	
209	5.305657E-01	4.199102E-01	4.118871E-01	
210	5.350311E-01	4.178073E-01	4.119982E-01	
211	5.336879E-01	4.148429E-01	4.091255E-01	
212	5.255439E-01	4.139043E-01	4.040646E-01	
213	5.229585E-01	4.081607E-01	4.049034E-01	
214	5.338423E-01	4.062649E-01	4.088923E-01	
215	5.306568E-01	4.057937E-01	4.018932E-01	
216	5.283558E-01	4.061809E-01	4.032690E-01	
217	5.306689E-01	3.999689E-01	4.033412E-01	
218	5.351043E-01	3.998061E-01	3.968422E-01	
219	5.265183E-01	4.006555E-01	4.059209E-01	
220	5.229220E-01	4.015305E-01	3.980436E-01	
221	5.213554E-01	3.981403E-01	3.947837E-01	
222	5.295515E-01	3.963588E-01	3.949154E-01	
223	5.354173E-01	3.941577E-01	3.964001E-01	
224	5.206699E-01	3.979698E-01	3.914193E-01	
225	5.076146E-01	3.909373E-01	3.909677E-01	
226	5.226161E-01	3.853583E-01	3.919283E-01	
227	5.118685E-01	3.880646E-01	3.834207E-01	
228	5.122914E-01	3.916715E-01	3.839498E-01	
229	5.129884E-01	3.847200E-01	3.835101E-01	
230	5.246441E-01	3.874514E-01	3.778237E-01	
231	4.998816E-01	3.830233E-01	3.792560E-01	
232	4.987767E-01	3.846934E-01	3.796005E-01	
233	4.953356E-01	3.755018E-01	3.730269E-01	
234	4.915637E-01	3.778289E-01	3.776422E-01	
235	4.926627E-01	3.752461E-01	3.723298E-01	
236	4.857430E-01	3.762785E-01	3.735329E-01	
237	4.762412E-01	3.744807E-01	3.757235E-01	
238	4.777911E-01	3.722498E-01	3.704746E-01	
239	4.641335E-01	3.694297E-01	3.710679E-01	
240	4.679292E-01	3.672684E-01	3.692564E-01	
241	4.546676E-01	3.593727E-01	3.665868E-01	
242	4.524285E-01	3.598650E-01	3.648548E-01	
243	4.521335E-01	3.649418E-01	3.633386E-01	
244	4.347195E-01	3.589879E-01	3.597857E-01	
245	4.400236E-01	3.588306E-01	3.605763E-01	
246	4.282543E-01	3.572798E-01	3.562495E-01	
247	4.305531E-01	3.592931E-01	3.576544E-01	
248	4.270471E-01	3.562524E-01	3.521314E-01	
249	4.293063E-01	3.552531E-01	3.563120E-01	
250	4.163774E-01	3.547524E-01	3.509850E-01	
251	4.154354E-01	3.495887E-01	3.471473E-01	
252	4.066683E-01	3.530865E-01	3.477285E-01	
253	4.143846E-01	3.486535E-01	3.405492E-01	
254	3.934367E-01	3.457257E-01	3.400971E-01	
255	3.866285E-01	3.472978E-01	3.348327E-01	
256	3.777726E-01	3.387971E-01	3.366780E-01	
257	3.744859E-01	3.427994E-01	3.361822E-01	
258	3.867143E-01	3.415812E-01	3.319514E-01	
259	3.867138E-01	3.370560E-01	3.312943E-01	
260	3.543522E-01	3.291388E-01	3.312223E-01	
261	3.667827E-01	3.337984E-01	3.286946E-01	
262	3.768571E-01	3.318273E-01	3.272544E-01	
263	3.626526E-01	3.275659E-01	3.303727E-01	
264	3.701793E-01	3.250651E-01	3.296842E-01	
265	3.556013E-01	3.254374E-01	3.268396E-01	
266	3.380786E-01	3.212249E-01	3.276664E-01	
267	3.415724E-01	3.199809E-01	3.270668E-01	
268	3.565249E-01	3.145403E-01	3.233671E-01	
269	3.501471E-01	3.161354E-01	3.206491E-01	
270	3.539709E-01	3.141660E-01	3.237858E-01	
271	3.360200E-01	3.150587E-01	3.176974E-01	
272	3.355123E-01	3.159132E-01	3.174637E-01	
273	3.529280E-01	3.090002E-01	3.181750E-01	
274	3.698894E-01	3.141192E-01	3.162277E-01	
275	3.612035E-01	3.147671E-01	3.150381E-01	
276	3.559725E-01	3.105673E-01	3.144159E-01	
277	3.647712E-01	3.081117E-01	3.149886E-01	
278	3.659510E-01	3.056240E-01	3.141193E-01	
279	3.705875E-01	3.091435E-01	3.118979E-01	
280	3.763746E-01	3.074614E-01	3.135383E-01	
281	3.580813E-01	3.018176E-01	3.113704E-01	
282	3.676974E-01	3.042011E-01	3.119836E-01	
283	3.685930E-01	3.054452E-01	3.100284E-01	
284	3.404305E-01	3.044956E-01	3.105286E-01	
285	3.590633E-01	2.989435E-01	3.061080E-01	
286	3.525943E-01	3.044642E-01	3.076868E-01	
287	3.470048E-01	2.983277E-01	3.063421E-01	
288	3.395420E-01	2.985695E-01	3.050122E-01	
289	3.395368E-01	2.999883E-01	3.057721E-01	
290	3.287847E-01	2.967269E-01	3.057343E-01	
291	3.302330E-01	2.987286E-01	3.066437E-01	
292	3.191137E-01	2.949150E-01	3.031507E-01	
293	3.173303E-01	2.935340E-01	3.023257E-01	
294	3.011545E-01	2.934424E-01	3.018964E-01	
295	3.111899E-01	2.919558E-01	3.003706E-01	
296	3.122951E-01	2.952849E-01	3.014478E-01	
297	2.805332E-01	2.923668E-01	3.010378E-01	
298	2.994431E-01	2.943835E-01	2.991451E-01	
299	3.049224E-01	2.936931E-01	2.975193E-01	
300	3.079553E-01	2.921075E-01	3.008374E-01	
301	3.020252E-01	2.931338E-01	2.997299E-01	
302	2.977099E-01	2.973392E-01	2.982804E-01	
303	2.898079E-01	2.962853E-01	2.975298E-01	
304	2.913665E-01	2.929420E-01	2.930073E-01	
305	3.018020E-01	2.975947E-01	2.966456E-01	
306	2.898773E-01	2.927064E-01	2.915228E-01	
307	2.880335E-01	2.979455E-01	2.944820E-01	
308	2.760632E-01	2.963821E-01	2.914336E-01	
309	2.878431E-01	2.959941E-01	2.930957E-01	
310	2.845313E-01	2.978990E-01	2.913797E-01	
311	2.860577E-01	2.956864E-01	2.925442E-01	
312	2.727182E-01	2.958269E-01	2.965612E-01	
313	2.820975E-01	2.936391E-01	2.911859E-01	
314	2.910520E-01	2.987104E-01	2.925597E-01	
315	2.865796E-01	2.970412E-01	2.930850E-01	
316	2.857633E-01	2.943422E-01	2.904792E-01	
317	2.764694E-01	2.949550E-01	2.880888E-01	
318	2.778354E-01	2.937133E-01	2.875114E-01	
319	2.688906E-01	2.963184E-01	2.850130E-01	
320	2.753502E-01	2.938960E-01	2.848778E-01	
321	2.767722E-01	2.918683E-01	2.885996E-01	
322	2.656385E-01	2.904561E-01	2.836394E-01	
323	2.543450E-01	2.949274E-01	2.862899E-01	
324	2.737010E-01	2.920366E-01	2.838974E-01	
325	2.769779E-01	2.938777E-01	2.834217E-01	
326	2.796404E-01	2.934652E-01	2.853635E-01	
327	2.661641E-01	2.930736E-01	2.857262E-01	
328	2.869497E-01	2.894425E-01	2.885838E-01	
329	2.756536E-01	2.915472E-01	2.860577E-01	
330	2.921985E-01	2.917955E-01	2.865244E-01	
331	2.915458E-01	2.906323E-01	2.833702E-01	
332	2.834701E-01	2.875195E-01	2.842271E-01	
333	2.902311E-01	2.891541E-01	2.842215E-01	
334	2.910201E-01	2.927970E-01	2.835832E-01	
335	2.919578E-01	2.916814E-01	2.826441E-01	
336	2.973001E-01	2.889592E-01	2.854707E-01	
337	2.868881E-01	2.933444E-01	2.834937E-01	
338	2.767142E-01	2.875769E-01	2.803125E-01	
339	2.691064E-01	2.872257E-01	2.847428E-01	
340	2.844439E-01	2.879848E-01	2.853214E-01	
341	2.838331E-01	2.881956E-01	2.816666E-01	
342	2.867850E-01	2.880829E-01	2.820645E-01	
343	2.811568E-01	2.864045E-01	2.776170E-01	
344	2.719652E-01	2.839331E-01	2.849161E-01	
345	2.782157E-01	2.840697E-01	2.857930E-01	
346	2.723168E-01	2.856222E-01	2.821000E-01	
347	2.800672E-01	2.860894E-01	2.854645E-01	
348	2.730884E-01	2.865693E-01	2.859940E-01	
349	2.726714E-01	2.919910E-01	2.878696E-01	
350	2.897321E-01	2.858721E-01	2.901331E-01	
351	2.762680E-01	2.862485E-01	2.880301E-01	
352	2.769144E-01	2.877820E-01	2.881036E-01	
353	2.678251E-01	2.856136E-01	2.901879E-01	
354	2.689377E-01	2.882887E-01	2.893161E-01	
355	2.645803E-01	2.885125E-01	2.886131E-01	
356	2.648933E-01	2.875444E-01	2.873650E-01	
357	2.691938E-01	2.864394E-01	2.887364E-01	
358	2.681176E-01	2.856136E-01	2.887339E-01	
359	2.809940E-01	2.897427E-01	2.879479E-01	
360	2.700913E-01	2.888881E-01	2.921673E-01	
361	2.673269E-01	2.877786E-01	2.833616E-01	
362	2.650364E-01	2.898245E-01	2.870766E-01	
363	2.574065E-01	2.852057E-01	2.863755E-01	
364	2.759746E-01	2.893201E-01	2.867668E-01	
365	2.692722E-01	2.856730E-01	2.892468E-01	
366	2.591234E-01	2.845528E-01	2.830465E-01	
367	2.602510E-01	2.857357E-01	2.857214E-01	
368	2.662080E-01	2.863096E-01	2.863275E-01	
369	2.688538E-01	2.866078E-01	2.864521E-01	
370	2.543624E-01	2.833012E-01	2.843362E-01	
371	2.539357E-01	2.830615E-01	2.830252E-01	
372	2.538623E-01	2.877623E-01	2.847787E-01	
373	2.648641E-01	2.832297E-01	2.843998E-01	
374	2.450959E-01	2.829555E-01	2.816603E-01	
375	2.742892E-01	2.807091E-01	2.801321E-01	
376	2.631508E-01	2.799892E-01	2.827378E-01	
377	2.665821E-01	2.818602E-01	2.794744E-01	
378	2.546566E-01	2.821322E-01	2.791292E-01	
379	2.732965E-01	2.794150E-01	2.791560E-01	
380	2.763561E-01	2.814600E-01	2.770686E-01	
381	2.877731E-01	2.769615E-01	2.831604E-01	
382	2.615878E-01	2.782558E-01	2.710490E-01	
383	2.694924E-01	2.799005E-01	2.771317E-01	
384	2.590344E-01	2.787674E-01	2.769502E-01	
385	2.603308E-01	2.767687E-01	2.750213E-01	
386	2.857712E-01	2.772782E-01	2.787350E-01	
387	2.736672E-01	2.771944E-01	2.726806E-01	
388	2.628954E-01	2.813928E-01	2.772140E-01	
389	2.911935E-01	2.808651E-01	2.724769E-01	
390	2.850466E-01	2.805749E-01	2.747437E-01	
391	2.639283E-01	2.769964E-01	2.729094E-01	
392	2.875032E-01	2.787015E-01	2.744638E-01	
393	2.724103E-01	2.855659E-01	2.806127E-01	
394	2.795659E-01	2.761437E-01	2.731119E-01	
395	2.855059E-01	2.833558E-01	2.778058E-01	
396	2.777435E-01	2.844841E-01	2.781381E-01	
397	2.803965E-01	2.780622E-01	2.746575E-01	
398	2.734960E-01	2.806132E-01	2.806238E-01	
399	2.844014E-01	2.832605E-01	2.760012E-01	
400	2.785473E-01	2.826822E-01	2.753478E-01	
401	2.793569E-01	2.765024E-01	2.686594E-01	
402	2.927965E-01	2.789919E-01	2.797857E-01	
403	2.936945E-01	2.792226E-01	2.765279E-01	
404	2.944929E-01	2.865919E-01	2.779171E-01	
405	2.952132E-01	2.773551E-01	2.759757E-01	
406	2.901056E-01	2.866881E-01	2.758691E-01	
407	3.155340E-01	2.795390E-01	2.894480E-01	
408	2.924044E-01	2.808529E-01	2.743591E-01	
409	2.985775E-01	2.816250E-01	2.793170E-01	
410	3.042866E-01	2.862429E-01	2.874890E-01	
411	3.047070E-01	2.863276E-01	2.857775E-01	
412	3.118419E-01	2.872339E-01	2.796655E-01	
413	3.161510E-01	2.876456E-01	2.885920E-01	
414	3.208155E-01	2.838186E-01	2.844599E-01	
415	3.206864E-01	2.922302E-01	2.920651E-01	
416	3.376952E-01	2.850024E-01	2.873623E-01	
417	3.244728E-01	2.887735E-01	2.837710E-01	
418	2.805968E-01	2.960510E-01	2.958839E-01	
419	3.374691E-01	2.871450E-01	2.887059E-01	
420	3.096248E-01	2.975903E-01	2.945832E-01	
421	3.178019E-01	2.926605E-01	2.910576E-01	
422	2.718999E-01	2.978801E-01	2.998054E-01	
423	3.218636E-01	2.903918E-01	2.973003E-01	
424	3.025057E-01	2.873357E-01	2.922569E-01	
425	3.174740E-01	2.867776E-01	2.874705E-01	
426	3.259934E-01	2.863048E-01	2.977729E-01	
427	2.659579E-01	2.864750E-01	2.919506E-01	
428	3.223225E-01	2.842361E-01	2.906036E-01	
429	2.541771E-01	2.873701E-01	2.807721E-01	
430	3.072324E-01	2.857333E-01	2.881306E-01	
431	2.804746E-01	2.935664E-01	2.834330E-01	
432	2.574753E-01	2.897386E-01	2.774113E-01	
433	2.734984E-01	2.882947E-01	2.815298E-01	
434	2.551440E-01	2.922425E-01	2.754518E-01	
435	2.448902E-01	2.844546E-01	2.822403E-01	
436	2.282818E-01	2.937356E-01	2.744249E-01	
437	2.394097E-01	2.918896E-01	2.794844E-01	
438	2.227590E-01	2.927941E-01	2.894126E-01	
439	2.328508E-01	2.764102E-01	2.774516E-01	
440	2.053683E-01	2.838759E-01	2.788062E-01	
441	2.394950E-01	2.883226E-01	2.753292E-01	
442	2.295581E-01	2.863678E-01	2.906777E-01	
443	2.343678E-01	2.726804E-01	2.886245E-01	
444	2.406041E-01	2.916649E-01	2.878394E-01	
445	2.652790E-01	2.794065E-01	2.853331E-01	
446	2.346142E-01	2.878213E-01	2.829985E-01	
447	2.432878E-01	2.747509E-01	2.815356E-01	
448	2.822843E-01	2.859116E-01	2.879986E-01	
449	1.939084E-01	2.761783E-01	2.896193E-01	
450	2.108597E-01	2.738498E-01	2.885670E-01	
451	2.579804E-01	2.768129E-01	2.776550E-01	
452	2.293522E-01	2.812686E-01	3.027060E-01	
453	1.966308E-01	2.893469E-01	2.855070E-01	
454	2.320859E-01	2.834404E-01	3.017947E-01	
455	2.050397E-01	2.853340E-01	2.850247E-01	
456	1.843816E-01	2.740877E-01	3.032937E-01	
457	2.257968E-01	2.790468E-01	2.909178E-01	
458	2.322265E-01	2.928791E-01	3.028773E-01	
459	2.250962E-01	2.864163E-01	2.969145E-01	
460	2.388913E-01	2.885636E-01	2.931865E-01	
461	2.415910E-01	2.964956E-01	3.062966E-01	
462	2.173318E-01	3.018406E-01	2.788777E-01	
463	2.127479E-01	3.058480E-01	3.113291E-01	
464	2.033424E-01	3.032145E-01	3.052726E-01	
465	2.135683E-01	3.024376E-01	2.894883E-01	
466	1.941671E-01	3.117206E-01	3.053486E-01	
467	2.329563E-01	3.064741E-01	2.885181E-01	
468	2.387572E-01	3.072770E-01	3.090108E-01	
469	2.239761E-01	3.090336E-01	2.940763E-01	
470	2.237699E-01	3.232605E-01	3.022379E-01	
471	2.078098E-01	3.044102E-01	3.001588E-01	
472	2.669698E-01	3.189130E-01	3.137529E-01	
473	2.094649E-01	2.951959E-01	2.933764E-01	
474	2.912462E-01	3.219669E-01	3.059351E-01	
475	2.798866E-01	2.934242E-01	3.219099E-01	
476	2.728294E-01	3.267905E-01	3.016514E-01	
477	3.152023E-01	3.518197E-01	3.452911E-01	
478	2.714492E-01	3.093837E-01	3.051585E-01	
479	3.432351E-01	3.343096E-01	3.489053E-01	
480	2.433823E-01	2.985889E-01	3.073084E-01	
481	2.456234E-01	3.386397E-01	3.563659E-01	
482	2.356836E-01	3.203187E-01	3.171038E-01	
483	2.350852E-01	3.331744E-01	3.358076E-01	
484	2.754087E-01	3.946582E-01	3.931866E-01	
485	2.114314E-01	3.322667E-01	3.243081E-01	
486	1.786264E-01	3.857448E-01	3.787815E-01	
487	2.406352E-01	3.435821E-01	3.317283E-01	
488	2.438389E-01	3.471330E-01	3.703816E-01	
489	2.478149E-01	3.575534E-01	3.545148E-01	
490	1.759479E-01	3.701642E-01	3.952349E-01	
491	2.660713E-01	4.411811E-01	3.600887E-01	
492	2.035228E-01	3.980997E-01	3.822973E-01	
493	3.481017E-01	4.891387E-01	4.891084E-01	
494	2.480406E-01	4.217602E-01	3.867313E-01	
495	5.161569E-01	4.578456E-01	4.447755E-01	
496	2.767134E-01	4.425398E-01	3.897086E-01	
497	3.833719E-01	5.173250E-01	4.299987E-01	
498	3.878633E-01	4.494565E-01	4.186214E-01	
499	2.865433E-01	4.658535E-01	4.139692E-01	
500	0	0	0	
501	3.026435E-01	4.647016E-01	4.195552E-01	
502	0	0	0	
503	2.625716E-01	4.794476E-01	4.057060E-01	
504	0	0	0	
505	4.546302E-01	5.026261E-01	4.685561E-01	
506	0	5.724378E-01	5.956816E-01	
507	0	0	0	
508	3.215078E-01	5.252413E-01	4.745768E-01	
509	0	0	0	
510	3.752000E-01	6.092829E-01	5.039478E-01	
511	0	0	0	
512	0	6.714208E-01	5.283170E-01	
513	0	0	0	
514	0	0	0	
515	0	6.586992E-01	5.785175E-01	
516	0	0	0	
517	0	7.379223E-01	6.836352E-01	
518	0	0	0	
519	0	8.991704E-01	9.163803E-01	
520	0	0	0	
521	0	0	0	
522	0	0	0	
523	0	0	0	
524	0	0	0	
525	0	0	0	
526	0	0	0	
527	0	0	0	
528	0	0	0	
529	0	0	0	
530	0	0	0	
531	0	0	0	
532	0	0	0	
533	0	0	0	
534	0	0	0	
535	0	0	0	
536	0	0	0	
537	0	0	0	
538	0	0	0	
539	0	0	0	
540	0	0	0	
541	0	0	0	
542	0	0	0	
543	0	0	0	
544	0	0	0	
545	0	0	0	
546	0	0	0	
547	0	0	0	
548	0	0	0	
549	0	0	0	
550	0	0	0	
551	0	0	0	
552	0	0	0	
553	0	0	0	
554	0	0	0	
555	0	0	0	
556	0	0	0	
557	0	0	0	
558	0	0	0	
559	0	0	0	
560	0	0	0	
561	0	0	0	
562	0	0	0	
563	0	0	0	
564	0	0	0	
565	0	0	0	
566	0	0	0	
567	0	0	0	
568	0	0	0	
569	0	0	0	
570	0	0	0	
571	0	0	0	
572	0	0	0	
573	0	0	0	
574	0	0	0	
575	0	0	0	
576	0	0	0	
577	0	0	0	
578	0	0	0	
579	0	0	0	
580	0	0	0	
581	0	0	0	
582	0	0	0	
583	0	0	0	
584	0	0	0	
585	0	0	0	
586	0	0	0	
587	0	0	0	
588	0	0	0	
589	0	0	0	
590	0	0	0	
591	0	0	0	
592	0	0	0	
593	0	0	0	
594	0	0	0	
595	0	0	0	
596	0	0	0	
597	0	0	0	
598	0	0	0	
599	0	0	0	
#NewRun
0	0	0	0	
1	0	0	0	
2	0	0	0	
3	0	0	0	
4	3.260955E-01	3.321184E-01	3.455969E-01	
5	3.344114E-01	3.405060E-01	3.329618E-01	
6	3.367881E-01	3.321359E-01	3.497058E-01	
7	0	0	0	
8	3.307876E-01	3.250596E-01	3.302492E-01	
9	3.360900E-01	3.454598E-01	3.313233E-01	
10	0	0	0	
11	3.279650E-01	3.412280E-01	3.365536E-01	
12	3.324936E-01	3.243149E-01	3.272874E-01	
13	3.250939E-01	3.256217E-01	3.236227E-01	
14	3.315663E-01	3.373498E-01	3.264198E-01	
15	0	0	0	
16	3.290339E-01	3.211645E-01	3.262637E-01	
17	3.311852E-01	3.270018E-01	3.359252E-01	
18	3.300162E-01	3.249595E-01	3.360511E-01	
19	3.217505E-01	3.375114E-01	3.451595E-01	
20	3.272419E-01	3.305821E-01	3.401170E-01	
21	3.276507E-01	3.267451E-01	3.426423E-01	
22	3.284578E-01	3.344381E-01	3.410061E-01	
23	3.228350E-01	3.329513E-01	3.441368E-01	
24	3.289507E-01	3.251279E-01	3.374858E-01	
25	3.286811E-01	3.341664E-01	3.471532E-01	
26	3.268339E-01	3.315673E-01	3.414098E-01	
27	3.234354E-01	3.330636E-01	3.401632E-01	
28	3.254161E-01	3.326771E-01	3.436035E-01	
29	3.279749E-01	3.266712E-01	3.391047E-01	
30	3.259233E-01	3.321696E-01	3.436226E-01	
31	3.238982E-01	3.294966E-01	3.381867E-01	
32	3.234670E-01	3.288447E-01	3.408172E-01	
33	3.225581E-01	3.243804E-01	3.386308E-01	
34	3.252048E-01	3.251639E-01	3.359027E-01	
35	3.291563E-01	3.242531E-01	3.401564E-01	
36	3.240937E-01	3.303201E-01	3.369552E-01	
37	3.263874E-01	3.274267E-01	3.321213E-01	
38	3.284345E-01	3.217476E-01	3.301911E-01	
39	3.282962E-01	3.228677E-01	3.328706E-01	
40	3.282972E-01	3.291174E-01	3.297680E-01	
41	3.242301E-01	3.260916E-01	3.303390E-01	
42	3.259182E-01	3.281293E-01	3.272057E-01	
43	3.251948E-01	3.233051E-01	3.286674E-01	
44	3.274552E-01	3.234463E-01	3.307619E-01	
45	3.268905E-01	3.249428E-01	3.295589E-01	
46	3.266406E-01	3.208375E-01	3.288793E-01	
47	3.259599E-01	3.247410E-01	3.289763E-01	
48	3.260647E-01	3.242915E-01	3.281401E-01	
49	3.256991E-01	3.279495E-01	3.277442E-01	
50	3.241539E-01	3.243404E-01	3.270137E-01	
51	3.267422E-01	3.250643E-01	3.291029E-01	
52	3.244551E-01	3.252149E-01	3.293913E-01	
53	3.269378E-01	3.289411E-01	3.277171E-01	
54	3.258509E-01	3.273089E-01	3.271136E-01	
55	3.238490E-01	3.270930E-01	3.304853E-01	
56	3.226400E-01	3.259981E-01	3.276423E-01	
57	3.233193E-01	3.249287E-01	3.250487E-01	
58	3.236942E-01	3.251704E-01	3.282465E-01	
59	3.230910E-01	3.275019E-01	3.272072E-01	
60	3.214844E-01	3.238370E-01	3.265086E-01	
61	3.216201E-01	3.251272E-01	3.276266E-01	
62	3.227603E-01	3.242354E-01	3.270591E-01	
63	3.231351E-01	3.236584E-01	3.253166E-01	
64	3.227712E-01	3.205295E-01	3.255470E-01	
65	3.202122E-01	3.241099E-01	3.260372E-01	
66	3.228166E-01	3.232554E-01	3.249693E-01	
67	3.206144E-01	3.253176E-01	3.250902E-01	
68	3.215250E-01	3.205218E-01	3.232675E-01	
69	3.197330E-01	3.244581E-01	3.239020E-01	
70	3.194647E-01	3.219174E-01	3.244912E-01	
71	3.208075E-01	3.207906E-01	3.222132E-01	
72	3.196335E-01	3.181777E-01	3.221569E-01	
73	3.188273E-01	3.206159E-01	3.202916E-01	
74	3.185451E-01	3.223912E-01	3.233843E-01	
75	3.181176E-01	3.224689E-01	3.186732E-01	
76	3.185928E-01	3.210102E-01	3.179532E-01	
77	3.181582E-01	3.220271E-01	3.191988E-01	
78	3.204519E-01	3.204348E-01	3.204923E-01	
79	3.196256E-01	3.194786E-01	3.204229E-01	
80	3.176590E-01	3.216626E-01	3.171701E-01	
81	3.187833E-01	3.194896E-01	3.169674E-01	
82	3.184585E-01	3.203148E-01	3.186796E-01	
83	3.194708E-01	3.217879E-01	3.164689E-01	
84	3.184790E-01	3.216265E-01	3.171477E-01	
85	3.179106E-01	3.229302E-01	3.168731E-01	
86	3.183183E-01	3.208585E-01	3.189364E-01	
87	3.189923E-01	3.215621E-01	3.185697E-01	
88	3.184085E-01	3.198123E-01	3.195037E-01	
89	3.188643E-01	3.202792E-01	3.214299E-01	
90	3.193001E-01	3.212797E-01	3.217879E-01	
91	3.194396E-01	3.196634E-01	3.192322E-01	
92	3.176296E-01	3.205293E-01	3.205249E-01	
93	3.183322E-01	3.220384E-01	3.229014E-01	
94	3.189625E-01	3.211661E-01	3.234745E-01	
95	3.190715E-01	3.212951E-01	3.233130E-01	
96	3.178774E-01	3.219724E-01	3.236485E-01	
97	3.188630E-01	3.206771E-01	3.214304E-01	
98	3.178384E-01	3.226006E-01	3.216160E-01	
99	3.199204E-01	3.230817E-01	3.215854E-01	
100	3.192083E-01	3.207337E-01	3.233691E-01	
101	3.189683E-01	3.201676E-01	3.236205E-01	
102	3.194953E-01	3.204641E-01	3.226976E-01	
103	3.208304E-01	3.221500E-01	3.213114E-01	
104	3.195705E-01	3.220206E-01	3.231788E-01	
105	3.205616E-01	3.201133E-01	3.226542E-01	
106	3.216630E-01	3.199887E-01	3.204073E-01	
107	3.210319E-01	3.211387E-01	3.216863E-01	
108	3.219465E-01	3.203992E-01	3.243797E-01	
109	3.209345E-01	3.231487E-01	3.222984E-01	
110	3.229879E-01	3.239581E-01	3.211352E-01	
111	3.233263E-01	3.220087E-01	3.222836E-01	
112	3.231516E-01	3.233802E-01	3.238166E-01	
113	3.232256E-01	3.245782E-01	3.223117E-01	
114	3.243397E-01	3.250572E-01	3.223637E-01	
115	3.253344E-01	3.237456E-01	3.244488E-01	
116	3.250858E-01	3.249315E-01	3.238159E-01	
117	3.272270E-01	3.272652E-01	3.263251E-01	
118	3.267069E-01	3.272850E-01	3.230522E-01	
119	3.297309E-01	3.282941E-01	3.246860E-01	
120	3.288579E-01	3.286322E-01	3.262572E-01	
121	3.311848E-01	3.318306E-01	3.272581E-01	
122	3.307381E-01	3.293324E-01	3.274987E-01	
123	3.320107E-01	3.340007E-01	3.277454E-01	
124	3.344688E-01	3.324435E-01	3.297746E-01	
125	3.362218E-01	3.342940E-01	3.306562E-01	
126	3.369325E-01	3.366501E-01	3.308661E-01	
127	3.378782E-01	3.348350E-01	3.310205E-01	
128	3.394988E-01	3.362599E-01	3.334743E-01	
129	3.412068E-01	3.381102E-01	3.336354E-01	
130	3.430467E-01	3.390895E-01	3.327710E-01	
131	3.443474E-01	3.411329E-01	3.347232E-01	
132	3.450694E-01	3.392576E-01	3.370578E-01	
133	3.476327E-01	3.407613E-01	3.363278E-01	
134	3.485975E-01	3.432863E-01	3.378120E-01	
135	3.495883E-01	3.445067E-01	3.389628E-01	
136	3.511529E-01	3.437626E-01	3.401324E-01	
137	3.523940E-01	3.468082E-01	3.411128E-01	
138	3.546044E-01	3.470016E-01	3.433342E-01	
139	3.572066E-01	3.496140E-01	3.451991E-01	
140	3.545421E-01	3.497949E-01	3.452296E-01	
141	3.587459E-01	3.516271E-01	3.457650E-01	
142	3.616842E-01	3.543905E-01	3.489656E-01	
143	3.631632E-01	3.556264E-01	3.504731E-01	
144	3.635100E-01	3.568744E-01	3.519117E-01	
145	3.653052E-01	3.583635E-01	3.545273E-01	
146	3.684069E-01	3.591807E-01	3.551761E-01	
147	3.712909E-01	3.592219E-01	3.604824E-01	
148	3.712119E-01	3.624506E-01	3.596675E-01	
149	3.735117E-01	3.634057E-01	3.622581E-01	
150	3.765908E-01	3.651310E-01	3.645532E-01	
151	3.800114E-01	3.666773E-01	3.649565E-01	
152	3.803181E-01	3.671242E-01	3.651899E-01	
153	3.824395E-01	3.702073E-01	3.686547E-01	
154	3.886646E-01	3.704597E-01	3.698640E-01	
155	3.904702E-01	3.712306E-01	3.708642E-01	
156	3.897062E-01	3.749323E-01	3.724827E-01	
157	3.930270E-01	3.748712E-01	3.738724E-01	
158	3.997643E-01	3.775071E-01	3.745659E-01	
159	4.013236E-01	3.805693E-01	3.743364E-01	
160	4.022973E-01	3.808714E-01	3.777220E-01	
161	4.047449E-01	3.809627E-01	3.797766E-01	
162	4.107681E-01	3.851510E-01	3.797032E-01	
163	4.136524E-01	3.858507E-01	3.820324E-01	
164	4.145592E-01	3.884416E-01	3.835619E-01	
165	4.174170E-01	3.909431E-01	3.853601E-01	
166	4.192324E-01	3.885214E-01	3.869850E-01	
167	4.222084E-01	3.926923E-01	3.888176E-01	
168	4.271857E-01	3.924278E-01	3.902456E-01	
169	4.322231E-01	3.963626E-01	3.926517E-01	
170	4.323132E-01	3.992412E-01	3.929245E-01	
171	4.346494E-01	3.981007E-01	3.977252E-01	
172	4.383806E-01	3.991854E-01	3.955666E-01	
173	4.429411E-01	4.017298E-01	3.973734E-01	
174	4.461806E-01	4.048275E-01	3.966611E-01	
175	4.454974E-01	4.063393E-01	3.993451E-01	
176	4.502763E-01	4.071128E-01	4.014022E-01	
177	4.591893E-01	4.058512E-01	4.049686E-01	
178	4.558736E-01	4.146046E-01	4.057650E-01	
179	4.621932E-01	4.106339E-01	4.032162E-01	
180	4.623481E-01	4.104340E-01	4.052403E-01	
181	4.687674E-01	4.111137E-01	4.094229E-01	
182	4.735365E-01	4.117768E-01	4.120353E-01	
183	4.721906E-01	4.149660E-01	4.088271E-01	
184	4.781458E-01	4.151635E-01	4.101707E-01	
185	4.783328E-01	4.154752E-01	4.102549E-01	
186	4.811805E-01	4.166000E-01	4.146810E-01	
187	4.855574E-01	4.160386E-01	4.121381E-01	
188	4.857103E-01	4.144956E-01	4.178582E-01	
189	4.834870E-01	4.154853E-01	4.168777E-01	
190	4.893748E-01	4.174281E-01	4.161855E-01	
191	4.884682E-01	4.173644E-01	4.178932E-01	
192	4.928217E-01	4.154285E-01	4.166770E-01	
193	4.927261E-01	4.184774E-01	4.163901E-01	
194	4.950075E-01	4.181534E-01	4.151534E-01	
195	4.960755E-01	4.151443E-01	4.165376E-01	
196	4.983048E-01	4.157915E-01	4.140717E-01	
197	4.969256E-01	4.165631E-01	4.124560E-01	
198	5.025271E-01	4.139429E-01	4.140130E-01	
199	5.014697E-01	4.150137E-01	4.109314E-01	
200	5.100622E-01	4.127586E-01	4.169208E-01	
201	5.089837E-01	4.130837E-01	4.096075E-01	
202	5.100894E-01	4.095805E-01	4.090040E-01	
203	5.064406E-01	4.078284E-01	4.105285E-01	
204	5.081630E-01	4.076697E-01	4.100925E-01	
205	5.127627E-01	4.101458E-01	4.105100E-01	
206	5.100697E-01	4.098577E-01	4.103373E-01	
207	5.120355E-01	4.090550E-01	4.067130E-01	
208	5.084296E-01	4.066295E-01	4.069371E-01	
209	5.192307E-01	4.052131E-01	4.085830E-01	
210	5.065689E-01	4.055386E-01	4.057748E-01	
211	5.090463E-01	4.050882E-01	4.026634E-01	
212	5.072727E-01	4.025970E-01	4.026684E-01	
213	5.121938E-01	4.043999E-01	3.967186E-01	
214	5.084616E-01	3.965059E-01	4.006750E-01	
215	5.104877E-01	3.986914E-01	4.004312E-01	
216	5.092204E-01	4.001593E-01	3.980051E-01	
217	5.115250E-01	3.983003E-01	3.935183E-01	
218	5.029195E-01	3.960347E-01	3.976663E-01	
219	5.189313E-01	3.983925E-01	3.930308E-01	
220	5.073477E-01	3.951117E-01	3.937891E-01	
221	5.175740E-01	3.901140E-01	3.928200E-01	
222	5.070106E-01	3.937040E-01	3.939040E-01	
223	5.167768E-01	3.913901E-01	3.909432E-01	
224	5.111769E-01	3.884100E-01	3.910440E-01	
225	5.081163E-01	3.837976E-01	3.885873E-01	
226	5.086332E-01	3.842431E-01	3.924285E-01	
227	5.048370E-01	3.867440E-01	3.856751E-01	
228	5.050979E-01	3.792276E-01	3.863781E-01	
229	4.916846E-01	3.781059E-01	3.860338E-01	
230	5.040590E-01	3.773412E-01	3.834320E-01	
231	4.930510E-01	3.793472E-01	3.802636E-01	
232	4.927061E-01	3.755412E-01	3.804542E-01	
233	4.931580E-01	3.739061E-01	3.769815E-01	
234	4.821672E-01	3.746893E-01	3.747372E-01	
235	4.901934E-01	3.713463E-01	3.727883E-01	
236	4.740854E-01	3.682608E-01	3.724806E-01	
237	4.821759E-01	3.696607E-01	3.670082E-01	
238	4.730303E-01	3.646130E-01	3.699241E-01	
239	4.696256E-01	3.710951E-01	3.681058E-01	
240	4.511464E-01	3.658649E-01	3.651916E-01	
241	4.456156E-01	3.625496E-01	3.614042E-01	
242	4.530998E-01	3.671208E-01	3.612910E-01	
243	4.320560E-01	3.635027E-01	3.567923E-01	
244	4.412632E-01	3.566101E-01	3.548168E-01	
245	4.243159E-01	3.558105E-01	3.592191E-01	
246	4.050180E-01	3.555773E-01	3.538760E-01	
247	4.235603E-01	3.532396E-01	3.497538E-01	
248	4.115688E-01	3.558895E-01	3.502940E-01	
249	4.048934E-01	3.525706E-01	3.510421E-01	
250	4.124581E-01	3.490661E-01	3.426759E-01	
251	4.125488E-01	3.483254E-01	3.464871E-01	
252	4.104337E-01	3.430413E-01	3.387451E-01	
253	3.950340E-01	3.411541E-01	3.410077E-01	
254	4.056478E-01	3.480421E-01	3.399135E-01	
255	4.005959E-01	3.454179E-01	3.377915E-01	
256	3.845552E-01	3.403187E-01	3.332356E-01	
257	3.880197E-01	3.423152E-01	3.360780E-01	
258	3.865115E-01	3.413626E-01	3.375778E-01	
259	3.787320E-01	3.371323E-01	3.330568E-01	
260	3.820824E-01	3.368508E-01	3.330320E-01	
261	3.636141E-01	3.352433E-01	3.293813E-01	
262	3.677763E-01	3.292778E-01	3.263218E-01	
263	3.768426E-01	3.319653E-01	3.313491E-01	
264	3.591028E-01	3.274633E-01	3.278778E-01	
265	3.656237E-01	3.268973E-01	3.220312E-01	
266	3.596973E-01	3.309901E-01	3.269136E-01	
267	3.548222E-01	3.267702E-01	3.224996E-01	
268	3.566243E-01	3.204430E-01	3.254653E-01	
269	3.572845E-01	3.210394E-01	3.193070E-01	
270	3.554919E-01	3.235054E-01	3.173249E-01	
271	3.620514E-01	3.236133E-01	3.187101E-01	
272	3.470304E-01	3.175149E-01	3.197513E-01	
273	3.442682E-01	3.197663E-01	3.123204E-01	
274	3.384355E-01	3.214836E-01	3.197876E-01	
275	3.442717E-01	3.177646E-01	3.153898E-01	
276	3.356204E-01	3.137304E-01	3.181009E-01	
277	3.477601E-01	3.144043E-01	3.124839E-01	
278	3.294539E-01	3.114303E-01	3.118997E-01	
279	3.147213E-01	3.139522E-01	3.177363E-01	
280	3.347767E-01	3.093037E-01	3.153327E-01	
281	3.250018E-01	3.087551E-01	3.142516E-01	
282	3.135643E-01	3.104102E-01	3.105699E-01	
283	3.182486E-01	3.054159E-01	3.124983E-01	
284	3.150505E-01	3.036577E-01	3.077638E-01	
285	3.136568E-01	3.074199E-01	3.050209E-01	
286	3.124375E-01	3.029650E-01	3.052158E-01	
287	3.175884E-01	3.043084E-01	3.094531E-01	
288	3.133642E-01	2.998358E-01	3.017212E-01	
289	3.105078E-01	2.996456E-01	3.041379E-01	
290	3.187696E-01	3.004393E-01	2.982116E-01	
291	3.092520E-01	3.009945E-01	3.030092E-01	
292	3.030439E-01	2.974314E-01	2.975561E-01	
293	3.109930E-01	2.993370E-01	2.968355E-01	
294	3.146390E-01	2.994427E-01	2.983751E-01	
295	2.986707E-01	2.980518E-01	2.966090E-01	
296	3.129111E-01	2.964120E-01	2.938652E-01	
297	3.017217E-01	2.983323E-01	2.969571E-01	
298	3.061193E-01	2.989128E-01	2.966776E-01	
299	3.080925E-01	2.933100E-01	2.958394E-01	
300	3.036993E-01	3.004349E-01	2.980443E-01	
301	2.995649E-01	2.960252E-01	2.961999E-01	
302	3.026058E-01	2.938037E-01	2.990181E-01	
303	3.115818E-01	2.989834E-01	2.976744E-01	
304	3.022449E-01	2.927166E-01	2.906169E-01	
305	3.015033E-01	2.991263E-01	2.943507E-01	
306	3.028238E-01	2.939750E-01	2.937125E-01	
307	2.958871E-01	2.958169E-01	2.947842E-01	
308	3.056862E-01	2.967212E-01	2.947239E-01	
309	3.001981E-01	2.930606E-01	2.923246E-01	
310	3.147516E-01	2.966291E-01	2.915711E-01	
311	3.055574E-01	2.984293E-01	2.934004E-01	
312	3.072021E-01	2.967925E-01	2.918631E-01	
313	3.132919E-01	2.935588E-01	2.905014E-01	
314	3.143896E-01	2.959890E-01	2.950287E-01	
315	3.187964E-01	2.938597E-01	2.961347E-01	
316	3.171789E-01	2.936940E-01	2.910274E-01	
317	3.235558E-01	2.947608E-01	2.977457E-01	
318	3.243817E-01	2.919025E-01	2.965867E-01	
319	3.128226E-01	2.973311E-01	2.954777E-01	
320	3.254550E-01	2.930180E-01	2.939548E-01	
321	3.247822E-01	2.972317E-01	2.988119E-01	
322	3.103202E-01	2.911823E-01	2.915098E-01	
323	3.077126E-01	2.936606E-01	2.942717E-01	
324	3.204190E-01	2.965972E-01	2.972971E-01	
325	2.997417E-01	2.958291E-01	2.913188E-01	
326	2.930854E-01	2.961428E-01	2.955265E-01	
327	2.906234E-01	2.937491E-01	2.934627E-01	
328	2.997439E-01	2.963534E-01	2.971346E-01	
329	3.096123E-01	2.897327E-01	2.951945E-01	
330	2.931759E-01	2.927491E-01	2.956380E-01	
331	2.896111E-01	2.911611E-01	2.930185E-01	
332	3.068070E-01	2.909262E-01	2.965167E-01	
333	2.990697E-01	2.916512E-01	2.937019E-01	
334	2.960431E-01	2.856254E-01	2.964698E-01	
335	2.838037E-01	2.858852E-01	2.944563E-01	
336	2.925155E-01	2.866850E-01	2.933142E-01	
337	3.035825E-01	2.843499E-01	2.978743E-01	
338	2.894474E-01	2.827386E-01	2.925684E-01	
339	2.880101E-01	2.900028E-01	2.918993E-01	
340	2.889022E-01	2.844324E-01	2.965891E-01	
341	3.054520E-01	2.834083E-01	2.911283E-01	
342	2.989663E-01	2.838854E-01	2.921110E-01	
343	2.852234E-01	2.820963E-01	2.908291E-01	
344	2.991604E-01	2.832522E-01	2.927423E-01	
345	3.094992E-01	2.845230E-01	2.879115E-01	
346	3.013932E-01	2.828752E-01	2.875835E-01	
347	2.838114E-01	2.852072E-01	2.867026E-01	
348	2.922435E-01	2.849961E-01	2.881397E-01	
349	3.015195E-01	2.876068E-01	2.898341E-01	
350	2.954726E-01	2.876145E-01	2.863523E-01	
351	2.965043E-01	2.867813E-01	2.836855E-01	
352	3.015839E-01	2.790441E-01	2.826907E-01	
353	3.069599E-01	2.844047E-01	2.862756E-01	
354	3.042260E-01	2.822240E-01	2.869532E-01	
355	2.946707E-01	2.839200E-01	2.820891E-01	
356	3.046071E-01	2.822114E-01	2.864683E-01	
357	3.055978E-01	2.844231E-01	2.830953E-01	
358	2.983384E-01	2.872740E-01	2.881283E-01	
359	3.055819E-01	2.804003E-01	2.838687E-01	
360	3.073956E-01	2.837320E-01	2.840864E-01	
361	2.867436E-01	2.860791E-01	2.845958E-01	
362	2.921482E-01	2.836510E-01	2.841318E-01	
363	2.860604E-01	2.837883E-01	2.824489E-01	
364	2.945722E-01	2.862802E-01	2.846520E-01	
365	2.976597E-01	2.812399E-01	2.862709E-01	
366	2.934530E-01	2.825392E-01	2.824176E-01	
367	2.811201E-01	2.863279E-01	2.887056E-01	
368	2.781826E-01	2.772289E-01	2.838230E-01	
369	2.918957E-01	2.880508E-01	2.825741E-01	
370	2.749821E-01	2.809503E-01	2.797761E-01	
371	2.721795E-01	2.809804E-01	2.827162E-01	
372	2.794542E-01	2.828260E-01	2.846337E-01	
373	2.849521E-01	2.799958E-01	2.819296E-01	
374	2.885183E-01	2.815959E-01	2.828275E-01	
375	2.867907E-01	2.821086E-01	2.843761E-01	
376	2.902101E-01	2.826438E-01	2.788965E-01	
377	2.790528E-01	2.787982E-01	2.791389E-01	
378	3.006400E-01	2.790666E-01	2.824347E-01	
379	2.726286E-01	2.810087E-01	2.775752E-01	
380	2.942035E-01	2.778212E-01	2.778179E-01	
381	2.876625E-01	2.865647E-01	2.786949E-01	
382	2.915275E-01	2.822496E-01	2.746636E-01	
383	3.018987E-01	2.822663E-01	2.800406E-01	
384	2.951069E-01	2.800233E-01	2.764720E-01	
385	2.927410E-01	2.764641E-01	2.803944E-01	
386	2.866451E-01	2.823051E-01	2.794795E-01	
387	2.850547E-01	2.810227E-01	2.755972E-01	
388	2.928623E-01	2.802451E-01	2.779108E-01	
389	2.939825E-01	2.787858E-01	2.790566E-01	
390	2.933777E-01	2.809082E-01	2.798874E-01	
391	2.783608E-01	2.786320E-01	2.787625E-01	
392	3.045810E-01	2.775439E-01	2.803485E-01	
393	2.965901E-01	2.771999E-01	2.816906E-01	
394	2.997687E-01	2.808440E-01	2.766022E-01	
395	3.160367E-01	2.783183E-01	2.812863E-01	
396	3.066641E-01	2.731451E-01	2.842225E-01	
397	3.052976E-01	2.778123E-01	2.811841E-01	
398	3.052112E-01	2.801503E-01	2.809726E-01	
399	3.032508E-01	2.808606E-01	2.877955E-01	
400	3.089742E-01	2.776831E-01	2.828248E-01	
401	2.837712E-01	2.802652E-01	2.815675E-01	
402	3.040139E-01	2.840567E-01	2.830251E-01	
403	3.166634E-01	2.846008E-01	2.828646E-01	
404	3.132006E-01	2.833791E-01	2.825074E-01	
405	3.241273E-01	2.855557E-01	2.864957E-01	
406	3.188798E-01	2.841179E-01	2.829277E-01	
407	3.021330E-01	2.906551E-01	2.866751E-01	
408	3.276363E-01	2.865843E-01	2.823710E-01	
409	3.231873E-01	2.882855E-01	2.875983E-01	
410	3.250178E-01	2.946281E-01	2.890635E-01	
411	3.119632E-01	2.911780E-01	2.931119E-01	
412	3.222877E-01	2.869714E-01	2.844304E-01	
413	3.147672E-01	2.927836E-01	2.898859E-01	
414	3.156575E-01	2.919893E-01	2.914921E-01	
415	3.211777E-01	2.975923E-01	2.904834E-01	
416	3.210293E-01	2.918401E-01	2.925309E-01	
417	3.504771E-01	2.942298E-01	2.935586E-01	
418	3.083684E-01	2.998222E-01	2.949582E-01	
419	3.242707E-01	2.975119E-01	2.992242E-01	
420	3.200448E-01	2.975736E-01	2.955958E-01	
421	3.086352E-01	2.968981E-01	3.011588E-01	
422	3.306916E-01	2.914186E-01	2.998387E-01	
423	3.237529E-01	2.973694E-01	3.003197E-01	
424	3.352247E-01	2.973543E-01	3.045160E-01	
425	3.223803E-01	2.962048E-01	3.042556E-01	
426	3.398045E-01	2.960068E-01	2.963794E-01	
427	3.019498E-01	2.980577E-01	3.014940E-01	
428	3.151157E-01	2.913532E-01	3.003420E-01	
429	3.163343E-01	3.001696E-01	3.046569E-01	
430	2.968724E-01	2.924809E-01	3.073771E-01	
431	3.012752E-01	2.841551E-01	3.007806E-01	
432	3.423932E-01	3.032670E-01	3.039112E-01	
433	3.238264E-01	2.939292E-01	3.026242E-01	
434	3.330771E-01	2.934897E-01	3.044880E-01	
435	3.330872E-01	2.884338E-01	3.003914E-01	
436	3.030967E-01	2.976187E-01	3.107280E-01	
437	3.102120E-01	2.876698E-01	3.118187E-01	
438	3.104072E-01	2.929395E-01	3.084784E-01	
439	3.415915E-01	2.832204E-01	3.049738E-01	
440	3.092971E-01	2.930526E-01	3.109964E-01	
441	2.884953E-01	2.850737E-01	3.129717E-01	
442	3.031889E-01	2.823799E-01	3.086532E-01	
443	2.879071E-01	2.692076E-01	2.960096E-01	
444	3.030059E-01	2.976521E-01	3.168832E-01	
445	2.621017E-01	2.900643E-01	3.117682E-01	
446	3.091975E-01	2.887354E-01	3.065021E-01	
447	3.092633E-01	2.876482E-01	2.948190E-01	
448	2.943593E-01	2.880813E-01	3.027507E-01	
449	3.037333E-01	2.970994E-01	3.075432E-01	
450	3.259632E-01	2.833123E-01	2.998975E-01	
451	2.782392E-01	2.947663E-01	2.957377E-01	
452	2.737267E-01	2.898137E-01	3.128189E-01	
453	2.933256E-01	2.904855E-01	2.920064E-01	
454	2.677717E-01	2.879006E-01	3.086617E-01	
455	2.871463E-01	2.915590E-01	2.839520E-01	
456	2.532950E-01	2.992129E-01	3.051813E-01	
457	2.585917E-01	2.897179E-01	2.885715E-01	
458	2.550380E-01	3.069453E-01	3.098737E-01	
459	2.719716E-01	3.048002E-01	3.044120E-01	
460	2.194356E-01	2.910931E-01	2.990373E-01	
461	2.499026E-01	3.022074E-01	3.049377E-01	
462	2.361136E-01	2.793894E-01	2.885236E-01	
463	2.402860E-01	3.196508E-01	3.206690E-01	
464	2.051874E-01	2.933664E-01	3.006643E-01	
465	2.219170E-01	2.990076E-01	2.902561E-01	
466	2.042354E-01	3.062967E-01	2.975581E-01	
467	2.478190E-01	2.923981E-01	2.890750E-01	
468	2.126595E-01	2.885858E-01	3.098176E-01	
469	2.285986E-01	2.793073E-01	2.923778E-01	
470	2.395474E-01	3.056213E-01	3.126544E-01	
471	2.269230E-01	2.822587E-01	2.877986E-01	
472	2.340474E-01	2.873150E-01	3.164080E-01	
473	2.182011E-01	2.844889E-01	2.874476E-01	
474	2.438113E-01	2.728226E-01	3.126550E-01	
475	2.092826E-01	3.046569E-01	3.005862E-01	
476	2.943548E-01	2.904521E-01	2.996040E-01	
477	1.940355E-01	3.153841E-01	3.883179E-01	
478	2.175311E-01	2.868333E-01	2.960025E-01	
479	2.495049E-01	3.177527E-01	3.495632E-01	
480	2.545143E-01	3.003409E-01	3.094221E-01	
481	2.290618E-01	3.220450E-01	3.143193E-01	
482	1.798377E-01	3.304115E-01	3.035111E-01	
483	2.666112E-01	3.215936E-01	3.243164E-01	
484	3.048284E-01	3.760363E-01	4.069785E-01	
485	2.716995E-01	3.297671E-01	3.084384E-01	
486	3.364968E-01	3.916008E-01	4.350259E-01	
487	2.772012E-01	3.059632E-01	3.093757E-01	
488	3.587837E-01	3.632574E-01	3.596897E-01	
489	2.937587E-01	3.453305E-01	3.264462E-01	
490	3.812399E-01	3.373000E-01	3.556302E-01	
491	3.942523E-01	3.721090E-01	2.979257E-01	
492	3.602662E-01	3.677202E-01	3.436787E-01	
493	4.196159E-01	4.519661E-01	4.594636E-01	
494	3.785963E-01	3.908444E-01	3.448414E-01	
495	4.819460E-01	3.829299E-01	4.846819E-01	
496	4.492844E-01	3.930386E-01	3.798546E-01	
497	5.594841E-01	4.190220E-01	4.773419E-01	
498	4.522200E-01	3.816288E-01	3.555415E-01	
499	5.194103E-01	4.121803E-01	4.291255E-01	
500	0	0	0	
501	5.115145E-01	4.452450E-01	4.296930E-01	
502	0	0	0	
503	5.574813E-01	4.351342E-01	4.065041E-01	
504	0	0	0	
505	6.027342E-01	4.727702E-01	4.984267E-01	
506	5.277919E-01	6.358101E-01	5.597453E-01	
507	0	0	0	
508	6.170050E-01	5.069159E-01	5.259303E-01	
509	0	0	0	
510	6.836599E-01	4.934426E-01	5.297372E-01	
511	0	0	0	
512	6.879833E-01	5.290869E-01	6.100454E-01	
513	0	0	0	
514	0	0	0	
515	8.664583E-01	5.644607E-01	7.533209E-01	
516	0	0	0	
517	0	5.467261E-01	8.246482E-01	
518	0	0	0	
519	0	6.138301E-01	9.245463E-01	
520	0	0	0	
521	0	0	0	
522	0	0	0	
523	0	0	0	
524	0	0	0	
525	0	0	0	
526	0	0	0	
527	0	0	0	
528	0	0	0	
529	0	0	0	
530	0	0	0	
531	0	0	0	
532	0	0	0	
533	0	0	0	
534	0	0	0	
535	0	0	0	
536	0	0	0	
537	0	0	0	
538	0	0	0	
539	0	0	0	
540	0	0	0	
541	0	0	0	
542	0	0	0	
543	0	0	0	
544	0	0	0	
545	0	0	0	
546	0	0	0	
547	0	0	0	
548	0	0	0	
549	0	0	0	
550	0	0	0	
551	0	0	0	
552	0	0	0	
553	0	0	0	
554	0	0	0	
555	0	0	0	
556	0	0	0	
557	0	0	0	
558	0	0	0	
559	0	0	0	
560	0	0	0	
561	0	0	0	
562	0	0	0	
563	0	0	0	
564	0	0	0	
565	0	0	0	
566	0	0	0	
567	0	0	0	
568	0	0	0	
569	0	0	0	
570	0	0	0	
571	0	0	0	
572	0	0	0	
573	0	0	0	
574	0	0	0	
575	0	0	0	
576	0	0	0	
577	0	0	0	
578	0	0	0	
579	0	0	0	
580	0	0	0	
581	0	0	0	
582	0	0	0	
583	0	0	0	
584	0	0	0	
585	0	0	0	
586	0	0	0	
587	0	0	0	
588	0	0	0	
589	0	0	0	
590	0	0	0	
591	0	0	0	
592	0	0	0	
593	0	0	0	
594	0	0	0	
595	0	0	0	
596	0	0	0	
597	0	0	0	
598	0	0	0	
599	0	0	0	
#NewRun
