#COM_Bin	Avg_cosine_squared
#Order is chain type
0	0	0	0	
1	0	0	0	
2	0	0	0	
3	0	0	0	
4	3.252945E-01	3.533687E-01	2.931850E-01	
5	3.373968E-01	3.327873E-01	3.528813E-01	
6	3.178748E-01	3.243913E-01	3.409746E-01	
7	0	0	0	
8	3.202261E-01	3.334796E-01	3.224830E-01	
9	3.331527E-01	3.320959E-01	3.321050E-01	
10	0	0	0	
11	3.317216E-01	3.432296E-01	3.637901E-01	
12	3.370285E-01	3.374548E-01	3.397878E-01	
13	3.384056E-01	3.320997E-01	3.493280E-01	
14	3.342256E-01	3.389469E-01	3.353868E-01	
15	0	0	0	
16	3.338174E-01	3.323416E-01	3.169371E-01	
17	3.268590E-01	3.391747E-01	3.185524E-01	
18	3.291078E-01	3.362464E-01	3.319924E-01	
19	3.294723E-01	3.284949E-01	3.171633E-01	
20	3.328822E-01	3.315735E-01	3.206940E-01	
21	3.341938E-01	3.333660E-01	3.211028E-01	
22	3.305254E-01	3.263149E-01	3.298519E-01	
23	3.313190E-01	3.299154E-01	3.192514E-01	
24	3.280023E-01	3.298922E-01	3.313359E-01	
25	3.286388E-01	3.327195E-01	3.326147E-01	
26	3.233684E-01	3.330959E-01	3.227300E-01	
27	3.268991E-01	3.296195E-01	3.342115E-01	
28	3.295479E-01	3.309179E-01	3.283565E-01	
29	3.254374E-01	3.278812E-01	3.317712E-01	
30	3.290800E-01	3.288901E-01	3.223459E-01	
31	3.276983E-01	3.342863E-01	3.431733E-01	
32	3.281382E-01	3.268759E-01	3.409910E-01	
33	3.295940E-01	3.276579E-01	3.491175E-01	
34	3.304675E-01	3.290720E-01	3.431837E-01	
35	3.273845E-01	3.287885E-01	3.408345E-01	
36	3.295121E-01	3.287620E-01	3.458988E-01	
37	3.277369E-01	3.274624E-01	3.416291E-01	
38	3.298044E-01	3.250523E-01	3.353567E-01	
39	3.267262E-01	3.262132E-01	3.443940E-01	
40	3.283074E-01	3.286051E-01	3.479217E-01	
41	3.264719E-01	3.266740E-01	3.468277E-01	
42	3.269843E-01	3.254244E-01	3.485249E-01	
43	3.244816E-01	3.266731E-01	3.562118E-01	
44	3.252913E-01	3.270283E-01	3.428706E-01	
45	3.271600E-01	3.252910E-01	3.532786E-01	
46	3.257535E-01	3.273869E-01	3.444030E-01	
47	3.241726E-01	3.224389E-01	3.463616E-01	
48	3.266020E-01	3.272890E-01	3.460017E-01	
49	3.271898E-01	3.271734E-01	3.401898E-01	
50	3.240884E-01	3.243997E-01	3.413722E-01	
51	3.217490E-01	3.257054E-01	3.314920E-01	
52	3.238595E-01	3.269126E-01	3.384788E-01	
53	3.206078E-01	3.250876E-01	3.356783E-01	
54	3.208148E-01	3.207773E-01	3.364863E-01	
55	3.217839E-01	3.226459E-01	3.333965E-01	
56	3.206415E-01	3.235920E-01	3.379448E-01	
57	3.196587E-01	3.226875E-01	3.320851E-01	
58	3.194256E-01	3.230960E-01	3.354979E-01	
59	3.182657E-01	3.204490E-01	3.410612E-01	
60	3.205546E-01	3.223893E-01	3.282535E-01	
61	3.190547E-01	3.200974E-01	3.344705E-01	
62	3.182016E-01	3.221449E-01	3.336457E-01	
63	3.192620E-01	3.189023E-01	3.327266E-01	
64	3.161865E-01	3.194085E-01	3.330069E-01	
65	3.174289E-01	3.203561E-01	3.287861E-01	
66	3.163067E-01	3.184051E-01	3.277758E-01	
67	3.172307E-01	3.213028E-01	3.299681E-01	
68	3.156138E-01	3.158477E-01	3.287853E-01	
69	3.162416E-01	3.168499E-01	3.266622E-01	
70	3.153643E-01	3.160686E-01	3.212160E-01	
71	3.140916E-01	3.160501E-01	3.231150E-01	
72	3.129774E-01	3.151843E-01	3.192612E-01	
73	3.120017E-01	3.154313E-01	3.198752E-01	
74	3.132772E-01	3.152922E-01	3.129507E-01	
75	3.103484E-01	3.153237E-01	3.140633E-01	
76	3.114868E-01	3.136999E-01	3.095935E-01	
77	3.107970E-01	3.143903E-01	3.127850E-01	
78	3.102968E-01	3.141369E-01	3.127372E-01	
79	3.096837E-01	3.144149E-01	3.108764E-01	
80	3.094028E-01	3.141809E-01	3.029198E-01	
81	3.098888E-01	3.141094E-01	3.035770E-01	
82	3.088816E-01	3.124569E-01	3.003285E-01	
83	3.085474E-01	3.150685E-01	3.006542E-01	
84	3.080134E-01	3.136703E-01	2.979680E-01	
85	3.079883E-01	3.160637E-01	2.957158E-01	
86	3.060599E-01	3.140300E-01	2.964902E-01	
87	3.079810E-01	3.140153E-01	2.926181E-01	
88	3.067044E-01	3.151506E-01	2.955830E-01	
89	3.079849E-01	3.163149E-01	2.911475E-01	
90	3.070506E-01	3.157290E-01	2.905420E-01	
91	3.070722E-01	3.147146E-01	2.893122E-01	
92	3.067182E-01	3.154813E-01	2.913411E-01	
93	3.069363E-01	3.162360E-01	2.906411E-01	
94	3.065284E-01	3.167950E-01	2.880833E-01	
95	3.077983E-01	3.174159E-01	2.871023E-01	
96	3.087690E-01	3.171413E-01	2.876384E-01	
97	3.090236E-01	3.172759E-01	2.886536E-01	
98	3.096642E-01	3.175917E-01	2.858777E-01	
99	3.088650E-01	3.183450E-01	2.859277E-01	
100	3.104076E-01	3.183615E-01	2.866459E-01	
101	3.119896E-01	3.178655E-01	2.863180E-01	
102	3.120127E-01	3.190600E-01	2.842332E-01	
103	3.122730E-01	3.203743E-01	2.841703E-01	
104	3.131280E-01	3.204468E-01	2.860356E-01	
105	3.138489E-01	3.211791E-01	2.844137E-01	
106	3.155631E-01	3.218689E-01	2.843723E-01	
107	3.160979E-01	3.238766E-01	2.849357E-01	
108	3.177197E-01	3.248508E-01	2.867193E-01	
109	3.191158E-01	3.265003E-01	2.856112E-01	
110	3.203910E-01	3.267426E-01	2.849384E-01	
111	3.211797E-01	3.277826E-01	2.854675E-01	
112	3.233698E-01	3.288260E-01	2.867431E-01	
113	3.246611E-01	3.315795E-01	2.878780E-01	
114	3.259512E-01	3.328092E-01	2.878462E-01	
115	3.272628E-01	3.358520E-01	2.880889E-01	
116	3.300232E-01	3.348291E-01	2.887882E-01	
117	3.304074E-01	3.373073E-01	2.908376E-01	
118	3.333166E-01	3.404454E-01	2.912697E-01	
119	3.353249E-01	3.396279E-01	2.919224E-01	
120	3.380219E-01	3.427479E-01	2.929494E-01	
121	3.388978E-01	3.451666E-01	2.942848E-01	
122	3.420171E-01	3.482149E-01	2.943053E-01	
123	3.422776E-01	3.517271E-01	2.985815E-01	
124	3.463622E-01	3.515775E-01	2.960661E-01	
125	3.474625E-01	3.553079E-01	2.978985E-01	
126	3.509538E-01	3.570767E-01	2.999117E-01	
127	3.535641E-01	3.586176E-01	3.017055E-01	
128	3.566023E-01	3.614569E-01	3.013361E-01	
129	3.597983E-01	3.648453E-01	3.050607E-01	
130	3.621543E-01	3.678746E-01	3.046272E-01	
131	3.653562E-01	3.679755E-01	3.081851E-01	
132	3.688966E-01	3.731552E-01	3.093235E-01	
133	3.719606E-01	3.754626E-01	3.119511E-01	
134	3.758374E-01	3.802631E-01	3.137614E-01	
135	3.778226E-01	3.822986E-01	3.148208E-01	
136	3.800150E-01	3.852680E-01	3.158888E-01	
137	3.857722E-01	3.884753E-01	3.172890E-01	
138	3.892972E-01	3.914001E-01	3.201690E-01	
139	3.911560E-01	3.934049E-01	3.196986E-01	
140	3.944412E-01	3.965908E-01	3.245021E-01	
141	3.981669E-01	4.005769E-01	3.236173E-01	
142	4.014538E-01	4.041963E-01	3.255356E-01	
143	4.054052E-01	4.086833E-01	3.288614E-01	
144	4.099161E-01	4.102376E-01	3.301532E-01	
145	4.139080E-01	4.140534E-01	3.333809E-01	
146	4.184157E-01	4.163100E-01	3.356533E-01	
147	4.217830E-01	4.180985E-01	3.378494E-01	
148	4.261698E-01	4.219711E-01	3.398529E-01	
149	4.297544E-01	4.262364E-01	3.430770E-01	
150	4.317849E-01	4.329769E-01	3.439455E-01	
151	4.397469E-01	4.332286E-01	3.460718E-01	
152	4.428257E-01	4.337864E-01	3.483210E-01	
153	4.473275E-01	4.385161E-01	3.498411E-01	
154	4.518947E-01	4.439480E-01	3.519575E-01	
155	4.588809E-01	4.488112E-01	3.537311E-01	
156	4.619277E-01	4.475307E-01	3.573582E-01	
157	4.648628E-01	4.525821E-01	3.580381E-01	
158	4.679851E-01	4.565447E-01	3.605344E-01	
159	4.772172E-01	4.614780E-01	3.640108E-01	
160	4.789982E-01	4.631435E-01	3.680344E-01	
161	4.828572E-01	4.688726E-01	3.658136E-01	
162	4.850313E-01	4.700650E-01	3.689561E-01	
163	4.903705E-01	4.758296E-01	3.708632E-01	
164	4.956058E-01	4.810735E-01	3.734126E-01	
165	5.014239E-01	4.824467E-01	3.715356E-01	
166	5.054419E-01	4.864038E-01	3.763134E-01	
167	5.106214E-01	4.950258E-01	3.764677E-01	
168	5.138165E-01	4.923100E-01	3.750050E-01	
169	5.212172E-01	4.968014E-01	3.776054E-01	
170	5.271804E-01	5.063735E-01	3.807518E-01	
171	5.317419E-01	5.029519E-01	3.814027E-01	
172	5.350000E-01	5.036405E-01	3.835669E-01	
173	5.405680E-01	5.095313E-01	3.853737E-01	
174	5.467534E-01	5.096854E-01	3.902861E-01	
175	5.552121E-01	5.150223E-01	3.889287E-01	
176	5.588156E-01	5.149485E-01	3.909153E-01	
177	5.621006E-01	5.197395E-01	3.924006E-01	
178	5.687584E-01	5.172077E-01	3.910452E-01	
179	5.757265E-01	5.266488E-01	3.941153E-01	
180	5.808694E-01	5.259447E-01	3.983484E-01	
181	5.777713E-01	5.248563E-01	3.962631E-01	
182	5.846924E-01	5.282546E-01	3.986328E-01	
183	5.904602E-01	5.267955E-01	3.989198E-01	
184	5.994148E-01	5.269719E-01	3.980069E-01	
185	5.984555E-01	5.317565E-01	4.000736E-01	
186	6.032639E-01	5.286858E-01	4.022358E-01	
187	6.057965E-01	5.377115E-01	3.979260E-01	
188	6.095405E-01	5.324266E-01	3.983415E-01	
189	6.128593E-01	5.345371E-01	4.007188E-01	
190	6.196486E-01	5.310723E-01	3.999858E-01	
191	6.241119E-01	5.250470E-01	3.989522E-01	
192	6.236448E-01	5.362510E-01	3.993380E-01	
193	6.271175E-01	5.321809E-01	4.007204E-01	
194	6.250177E-01	5.217677E-01	3.987970E-01	
195	6.315404E-01	5.299023E-01	3.998117E-01	
196	6.409239E-01	5.272054E-01	3.973432E-01	
197	6.317163E-01	5.192192E-01	3.982515E-01	
198	6.551027E-01	5.254264E-01	3.975029E-01	
199	6.319452E-01	5.127265E-01	3.968999E-01	
200	6.424507E-01	5.146564E-01	3.968553E-01	
201	6.461858E-01	5.137214E-01	3.973682E-01	
202	6.368435E-01	5.112864E-01	3.984117E-01	
203	6.358473E-01	5.160163E-01	3.954412E-01	
204	6.452620E-01	5.097202E-01	3.939238E-01	
205	6.370555E-01	5.079742E-01	3.947948E-01	
206	6.262587E-01	5.089250E-01	3.930479E-01	
207	6.402464E-01	5.037061E-01	3.896747E-01	
208	6.318821E-01	5.111928E-01	3.899847E-01	
209	6.209022E-01	4.986206E-01	3.864737E-01	
210	6.590945E-01	4.972679E-01	3.868800E-01	
211	6.169352E-01	4.960365E-01	3.832029E-01	
212	6.285631E-01	4.980583E-01	3.812006E-01	
213	6.325918E-01	4.884132E-01	3.839331E-01	
214	6.363167E-01	4.798820E-01	3.812985E-01	
215	6.117510E-01	4.797667E-01	3.806458E-01	
216	6.265265E-01	4.884769E-01	3.794586E-01	
217	6.195459E-01	4.767416E-01	3.798508E-01	
218	6.284826E-01	4.741340E-01	3.786936E-01	
219	6.047680E-01	4.654358E-01	3.758996E-01	
220	6.421303E-01	4.655989E-01	3.721146E-01	
221	6.287388E-01	4.599332E-01	3.744316E-01	
222	5.972457E-01	4.631870E-01	3.723115E-01	
223	6.290777E-01	4.462103E-01	3.700281E-01	
224	6.308520E-01	4.473338E-01	3.629419E-01	
225	6.207753E-01	4.412500E-01	3.682998E-01	
226	6.029153E-01	4.322612E-01	3.665441E-01	
227	5.984994E-01	4.265221E-01	3.640763E-01	
228	6.148416E-01	4.339732E-01	3.599365E-01	
229	6.047584E-01	4.330405E-01	3.606071E-01	
230	5.896691E-01	4.182715E-01	3.567584E-01	
231	5.637691E-01	4.184070E-01	3.608840E-01	
232	5.959746E-01	4.191267E-01	3.584962E-01	
233	5.836313E-01	4.269424E-01	3.529491E-01	
234	5.218899E-01	4.161257E-01	3.544679E-01	
235	5.727096E-01	4.165125E-01	3.527998E-01	
236	5.980875E-01	4.052944E-01	3.511102E-01	
237	5.082830E-01	4.193029E-01	3.469445E-01	
238	5.546761E-01	4.021163E-01	3.498815E-01	
239	5.753163E-01	3.962019E-01	3.474722E-01	
240	6.051172E-01	3.921024E-01	3.444171E-01	
241	5.432892E-01	3.804660E-01	3.452473E-01	
242	5.124660E-01	3.778077E-01	3.440881E-01	
243	5.391279E-01	3.778439E-01	3.459046E-01	
244	5.469910E-01	3.655434E-01	3.421610E-01	
245	5.699358E-01	3.698743E-01	3.415276E-01	
246	5.325647E-01	3.672843E-01	3.380562E-01	
247	5.312308E-01	3.598291E-01	3.389896E-01	
248	5.221377E-01	3.614038E-01	3.355232E-01	
249	5.310489E-01	3.638432E-01	3.358484E-01	
250	5.409700E-01	3.574640E-01	3.343425E-01	
251	5.137612E-01	3.608083E-01	3.327882E-01	
252	5.672235E-01	3.496271E-01	3.297588E-01	
253	4.930031E-01	3.542443E-01	3.303430E-01	
254	5.179617E-01	3.618648E-01	3.323666E-01	
255	5.345980E-01	3.511361E-01	3.287050E-01	
256	5.222648E-01	3.373522E-01	3.284933E-01	
257	5.424052E-01	3.470225E-01	3.262448E-01	
258	5.269664E-01	3.415245E-01	3.231107E-01	
259	5.344762E-01	3.456202E-01	3.253995E-01	
260	5.564624E-01	3.341782E-01	3.223831E-01	
261	5.007928E-01	3.361235E-01	3.183730E-01	
262	5.939243E-01	3.387144E-01	3.179181E-01	
263	5.585615E-01	3.442380E-01	3.208065E-01	
264	4.947509E-01	3.350037E-01	3.145728E-01	
265	5.189245E-01	3.360296E-01	3.148399E-01	
266	4.408729E-01	3.332489E-01	3.148577E-01	
267	5.235380E-01	3.254438E-01	3.149946E-01	
268	4.802146E-01	3.346715E-01	3.111546E-01	
269	4.593512E-01	3.272730E-01	3.093159E-01	
270	4.749422E-01	3.408764E-01	3.083802E-01	
271	4.990371E-01	3.283179E-01	3.117282E-01	
272	4.842082E-01	3.360401E-01	3.037258E-01	
273	4.615913E-01	3.277471E-01	3.048757E-01	
274	5.234062E-01	3.277277E-01	3.089034E-01	
275	5.434099E-01	3.342350E-01	3.040229E-01	
276	4.729783E-01	3.280494E-01	2.997482E-01	
277	4.392817E-01	3.185839E-01	3.026658E-01	
278	3.922809E-01	3.131430E-01	3.038004E-01	
279	4.604009E-01	3.099997E-01	2.988530E-01	
280	3.538400E-01	3.157175E-01	3.004281E-01	
281	3.836826E-01	3.095224E-01	2.984068E-01	
282	3.605729E-01	3.045670E-01	3.002206E-01	
283	3.118871E-01	3.065099E-01	2.974711E-01	
284	2.920599E-01	3.039884E-01	2.936825E-01	
285	2.682120E-01	3.015252E-01	2.958036E-01	
286	3.721883E-01	2.963076E-01	2.978146E-01	
287	3.278210E-01	3.010757E-01	2.942996E-01	
288	3.126320E-01	2.991840E-01	2.898462E-01	
289	3.171405E-01	3.018956E-01	2.952505E-01	
290	3.010661E-01	2.963015E-01	2.898181E-01	
291	2.095512E-01	2.969688E-01	2.925407E-01	
292	3.068351E-01	3.022048E-01	2.867617E-01	
293	2.829976E-01	2.926552E-01	2.893294E-01	
294	3.357531E-01	3.013441E-01	2.883434E-01	
295	3.585910E-01	2.998649E-01	2.874005E-01	
296	3.162478E-01	3.010224E-01	2.899144E-01	
297	3.413484E-01	3.037922E-01	2.909353E-01	
298	3.399863E-01	2.958269E-01	2.907308E-01	
299	3.732236E-01	2.915799E-01	2.884847E-01	
300	3.413672E-01	2.980249E-01	2.915369E-01	
301	3.659760E-01	3.028512E-01	2.908447E-01	
302	2.720548E-01	2.979138E-01	2.904741E-01	
303	3.515825E-01	3.002559E-01	2.919543E-01	
304	3.219183E-01	2.905419E-01	2.891077E-01	
305	3.228908E-01	2.957657E-01	2.900664E-01	
306	3.190211E-01	2.946482E-01	2.898958E-01	
307	2.620494E-01	3.005430E-01	2.896688E-01	
308	3.763334E-01	2.994297E-01	2.916698E-01	
309	3.946015E-01	2.936097E-01	2.901594E-01	
310	3.300025E-01	2.933095E-01	2.906130E-01	
311	3.085879E-01	2.971996E-01	2.893165E-01	
312	3.228557E-01	3.001911E-01	2.898886E-01	
313	3.314435E-01	2.934063E-01	2.878310E-01	
314	3.214276E-01	2.950090E-01	2.886465E-01	
315	3.207218E-01	2.893744E-01	2.893195E-01	
316	2.808721E-01	2.967577E-01	2.887839E-01	
317	3.196675E-01	2.919166E-01	2.892711E-01	
318	2.911192E-01	2.958660E-01	2.881742E-01	
319	2.915904E-01	2.982847E-01	2.904789E-01	
320	2.678905E-01	2.890771E-01	2.876695E-01	
321	2.568602E-01	2.983042E-01	2.954799E-01	
322	2.516832E-01	2.903588E-01	2.856146E-01	
323	2.558162E-01	2.921708E-01	2.896758E-01	
324	2.631187E-01	2.908903E-01	2.885013E-01	
325	2.300637E-01	2.948431E-01	2.915894E-01	
326	2.483601E-01	2.935909E-01	2.900713E-01	
327	2.768051E-01	2.907155E-01	2.901423E-01	
328	2.488372E-01	2.895649E-01	2.914497E-01	
329	2.646325E-01	2.948910E-01	2.901545E-01	
330	2.443680E-01	2.917927E-01	2.903236E-01	
331	2.309013E-01	2.885154E-01	2.900872E-01	
332	2.915817E-01	2.965585E-01	2.884124E-01	
333	2.398046E-01	2.953877E-01	2.890456E-01	
334	2.638077E-01	2.979739E-01	2.868736E-01	
335	2.379742E-01	2.959629E-01	2.880602E-01	
336	2.508892E-01	2.933305E-01	2.882576E-01	
337	2.336517E-01	2.929310E-01	2.917754E-01	
338	2.593870E-01	2.928342E-01	2.896372E-01	
339	2.535838E-01	2.879049E-01	2.878157E-01	
340	2.855635E-01	2.940545E-01	2.896167E-01	
341	2.737056E-01	2.920861E-01	2.867227E-01	
342	2.765932E-01	2.992242E-01	2.887201E-01	
343	3.087532E-01	2.927368E-01	2.867861E-01	
344	3.028853E-01	2.935210E-01	2.874943E-01	
345	2.832608E-01	2.893026E-01	2.869112E-01	
346	3.226979E-01	2.861892E-01	2.846378E-01	
347	2.713604E-01	2.981395E-01	2.858267E-01	
348	2.852631E-01	2.858906E-01	2.857971E-01	
349	2.825984E-01	2.851916E-01	2.869849E-01	
350	3.394309E-01	2.929905E-01	2.865516E-01	
351	3.277193E-01	2.804111E-01	2.850894E-01	
352	3.147978E-01	2.921945E-01	2.827947E-01	
353	3.458072E-01	2.946092E-01	2.859278E-01	
354	3.280166E-01	2.920287E-01	2.878686E-01	
355	3.443033E-01	2.994672E-01	2.886318E-01	
356	3.107571E-01	3.014862E-01	2.890119E-01	
357	3.081291E-01	2.881170E-01	2.885798E-01	
358	3.235134E-01	2.941182E-01	2.897520E-01	
359	3.000484E-01	2.965748E-01	2.887905E-01	
360	3.400004E-01	2.867336E-01	2.912610E-01	
361	2.829803E-01	2.991071E-01	2.887669E-01	
362	3.106772E-01	2.938967E-01	2.887277E-01	
363	3.041203E-01	2.954757E-01	2.864605E-01	
364	2.998103E-01	2.967132E-01	2.888305E-01	
365	2.899681E-01	2.959179E-01	2.898621E-01	
366	3.105518E-01	3.023742E-01	2.876868E-01	
367	2.761518E-01	3.085495E-01	2.891309E-01	
368	2.815489E-01	2.943450E-01	2.830301E-01	
369	2.853097E-01	3.022552E-01	2.888074E-01	
370	2.976326E-01	2.965992E-01	2.850025E-01	
371	2.965346E-01	3.036033E-01	2.830607E-01	
372	3.175839E-01	2.987892E-01	2.878393E-01	
373	3.012952E-01	2.961211E-01	2.840723E-01	
374	3.351920E-01	2.876393E-01	2.871865E-01	
375	2.680202E-01	3.070593E-01	2.868394E-01	
376	3.317056E-01	3.012388E-01	2.868213E-01	
377	3.253024E-01	2.901270E-01	2.870613E-01	
378	3.038705E-01	3.019791E-01	2.857509E-01	
379	3.246538E-01	2.926192E-01	2.862115E-01	
380	3.492264E-01	2.885575E-01	2.858068E-01	
381	3.338579E-01	3.040166E-01	2.894023E-01	
382	3.266242E-01	2.806408E-01	2.833974E-01	
383	3.607288E-01	2.979230E-01	2.805991E-01	
384	3.060658E-01	2.929101E-01	2.864273E-01	
385	3.312467E-01	2.980297E-01	2.817639E-01	
386	3.641529E-01	2.889378E-01	2.831622E-01	
387	3.003159E-01	2.901372E-01	2.787649E-01	
388	3.807597E-01	3.006944E-01	2.796994E-01	
389	3.555222E-01	2.903161E-01	2.795359E-01	
390	3.578025E-01	2.990880E-01	2.783522E-01	
391	4.087087E-01	2.889976E-01	2.818636E-01	
392	3.666582E-01	2.959060E-01	2.793364E-01	
393	3.682194E-01	2.841066E-01	2.808643E-01	
394	4.542521E-01	2.795110E-01	2.821956E-01	
395	3.838225E-01	2.884638E-01	2.807855E-01	
396	4.778159E-01	2.758094E-01	2.796689E-01	
397	4.068209E-01	2.884303E-01	2.847124E-01	
398	3.618246E-01	2.778953E-01	2.803805E-01	
399	4.170160E-01	2.843790E-01	2.814254E-01	
400	4.662331E-01	2.798737E-01	2.795738E-01	
401	4.027892E-01	2.814822E-01	2.819327E-01	
402	4.288358E-01	2.832998E-01	2.822846E-01	
403	4.248911E-01	2.687643E-01	2.805895E-01	
404	2.917488E-01	2.834736E-01	2.848702E-01	
405	4.454643E-01	2.857660E-01	2.817591E-01	
406	4.826320E-01	2.885604E-01	2.841528E-01	
407	3.542004E-01	2.870006E-01	2.872655E-01	
408	3.612921E-01	2.903568E-01	2.831809E-01	
409	4.320306E-01	2.843493E-01	2.861297E-01	
410	3.125962E-01	2.917425E-01	2.905761E-01	
411	4.002284E-01	2.799478E-01	2.942787E-01	
412	3.082539E-01	2.921724E-01	2.851102E-01	
413	1.915702E-01	2.984337E-01	2.955530E-01	
414	2.693250E-01	2.801560E-01	2.917709E-01	
415	3.537172E-01	2.913620E-01	3.018732E-01	
416	2.952660E-01	3.014095E-01	2.978103E-01	
417	2.561622E-01	2.897321E-01	2.924321E-01	
418	2.357885E-01	3.004638E-01	3.013883E-01	
419	2.827719E-01	2.967430E-01	2.994197E-01	
420	2.415777E-01	3.048075E-01	3.024648E-01	
421	2.943735E-01	3.065928E-01	3.002383E-01	
422	2.152404E-01	2.982049E-01	3.038641E-01	
423	2.711651E-01	2.925876E-01	2.975865E-01	
424	3.197182E-01	2.974738E-01	3.011315E-01	
425	2.652577E-01	3.139311E-01	2.998149E-01	
426	1.939457E-01	3.067843E-01	2.999025E-01	
427	2.489446E-01	3.197129E-01	3.033546E-01	
428	2.569161E-01	2.991963E-01	2.978837E-01	
429	2.286639E-01	2.823511E-01	2.986931E-01	
430	1.724697E-01	2.824927E-01	3.025310E-01	
431	2.905794E-01	3.051226E-01	3.024297E-01	
432	2.964380E-01	2.805575E-01	3.027577E-01	
433	2.256634E-01	2.782770E-01	3.018299E-01	
434	2.028929E-01	2.858418E-01	3.005671E-01	
435	3.190729E-01	2.818825E-01	2.970765E-01	
436	2.413973E-01	2.955949E-01	3.029086E-01	
437	2.850302E-01	2.923400E-01	3.029087E-01	
438	3.399696E-01	3.137463E-01	3.006442E-01	
439	2.867770E-01	2.825472E-01	2.938391E-01	
440	2.548902E-01	3.047630E-01	3.065589E-01	
441	3.081326E-01	3.165570E-01	2.992621E-01	
442	4.039537E-01	2.933154E-01	3.042907E-01	
443	3.548176E-01	3.057384E-01	2.933067E-01	
444	3.740289E-01	3.216167E-01	3.059352E-01	
445	8.082547E-01	3.284208E-01	3.057699E-01	
446	4.754595E-01	3.038534E-01	3.023428E-01	
447	3.992363E-01	3.223708E-01	2.983362E-01	
448	4.820856E-01	3.243157E-01	2.973635E-01	
449	5.276810E-01	3.158027E-01	2.898742E-01	
450	7.605545E-01	3.319470E-01	3.016693E-01	
451	0	2.979208E-01	2.912039E-01	
452	6.528758E-01	3.255308E-01	3.106394E-01	
453	0	3.233456E-01	2.997525E-01	
454	0	3.489306E-01	3.076470E-01	
455	0	3.063859E-01	3.040905E-01	
456	0	3.164267E-01	3.012086E-01	
457	0	2.938294E-01	2.957309E-01	
458	0	3.288555E-01	3.007170E-01	
459	0	2.888700E-01	2.983706E-01	
460	0	3.099287E-01	2.832504E-01	
461	0	2.838118E-01	2.971481E-01	
462	0	2.737223E-01	2.847594E-01	
463	0	3.098381E-01	3.035638E-01	
464	0	2.756877E-01	2.888670E-01	
465	0	3.117060E-01	2.973481E-01	
466	0	3.098370E-01	2.993004E-01	
467	0	3.247209E-01	2.925867E-01	
468	0	2.730007E-01	3.181705E-01	
469	0	3.069840E-01	2.950106E-01	
470	0	3.065337E-01	3.179962E-01	
471	0	2.915102E-01	3.040866E-01	
472	0	3.262983E-01	3.181471E-01	
473	0	2.836947E-01	2.907038E-01	
474	0	3.364416E-01	3.109911E-01	
475	0	2.872325E-01	3.069920E-01	
476	0	3.249495E-01	3.161264E-01	
477	0	3.068364E-01	3.441273E-01	
478	0	3.272518E-01	3.031657E-01	
479	0	3.761793E-01	3.541990E-01	
480	0	3.520136E-01	3.171791E-01	
481	0	3.568550E-01	3.345417E-01	
482	0	3.659966E-01	3.164251E-01	
483	0	4.162134E-01	3.441467E-01	
484	0	3.664164E-01	3.807003E-01	
485	0	4.100583E-01	3.183303E-01	
486	0	3.722882E-01	3.616316E-01	
487	0	4.050851E-01	3.290657E-01	
488	0	4.173235E-01	3.926539E-01	
489	0	4.010920E-01	3.386965E-01	
490	0	4.397420E-01	3.937578E-01	
491	0	4.105814E-01	3.862255E-01	
492	0	3.916662E-01	3.770496E-01	
493	0	5.504562E-01	4.944322E-01	
494	0	3.726840E-01	3.931873E-01	
495	0	4.931029E-01	4.625096E-01	
496	0	3.704449E-01	4.098301E-01	
497	0	4.071528E-01	4.845488E-01	
498	0	4.516897E-01	4.005858E-01	
499	0	4.071103E-01	4.542844E-01	
500	0	0	0	
501	0	4.562115E-01	4.404573E-01	
502	0	0	0	
503	0	5.250642E-01	4.778456E-01	
504	0	0	0	
505	0	5.706924E-01	4.735520E-01	
506	0	6.372227E-01	4.929717E-01	
507	0	0	0	
508	0	5.489562E-01	5.541901E-01	
509	0	0	0	
510	0	5.860371E-01	5.655421E-01	
511	0	0	0	
512	0	5.123189E-01	6.335596E-01	
513	0	0	0	
514	0	0	0	
515	0	7.719104E-01	6.420019E-01	
516	0	0	0	
517	0	6.980911E-01	6.372322E-01	
518	0	0	0	
519	0	0	5.124924E-01	
520	0	0	0	
521	0	0	0	
522	0	0	0	
523	0	0	0	
524	0	0	0	
525	0	0	0	
526	0	0	0	
527	0	0	0	
528	0	0	0	
529	0	0	0	
530	0	0	0	
531	0	0	0	
532	0	0	0	
533	0	0	0	
534	0	0	0	
535	0	0	0	
536	0	0	0	
537	0	0	0	
538	0	0	0	
539	0	0	0	
540	0	0	0	
541	0	0	0	
542	0	0	0	
543	0	0	0	
544	0	0	0	
545	0	0	0	
546	0	0	0	
547	0	0	0	
548	0	0	0	
549	0	0	0	
550	0	0	0	
551	0	0	0	
552	0	0	0	
553	0	0	0	
554	0	0	0	
555	0	0	0	
556	0	0	0	
557	0	0	0	
558	0	0	0	
559	0	0	0	
560	0	0	0	
561	0	0	0	
562	0	0	0	
563	0	0	0	
564	0	0	0	
565	0	0	0	
566	0	0	0	
567	0	0	0	
568	0	0	0	
569	0	0	0	
570	0	0	0	
571	0	0	0	
572	0	0	0	
573	0	0	0	
574	0	0	0	
575	0	0	0	
576	0	0	0	
577	0	0	0	
578	0	0	0	
579	0	0	0	
580	0	0	0	
581	0	0	0	
582	0	0	0	
583	0	0	0	
584	0	0	0	
585	0	0	0	
586	0	0	0	
587	0	0	0	
588	0	0	0	
589	0	0	0	
590	0	0	0	
591	0	0	0	
592	0	0	0	
593	0	0	0	
594	0	0	0	
595	0	0	0	
596	0	0	0	
597	0	0	0	
598	0	0	0	
599	0	0	0	
#NewRun
0	0	0	0	
1	0	0	0	
2	0	0	0	
3	0	0	0	
4	3.384413E-01	3.225078E-01	3.126825E-01	
5	3.348594E-01	3.313753E-01	3.353307E-01	
6	3.161436E-01	3.389475E-01	3.135850E-01	
7	0	0	0	
8	3.346745E-01	3.349878E-01	3.397981E-01	
9	3.331716E-01	3.308488E-01	3.179567E-01	
10	0	0	0	
11	3.310810E-01	3.308739E-01	3.544336E-01	
12	3.389123E-01	3.350465E-01	3.397898E-01	
13	3.309626E-01	3.281385E-01	3.414973E-01	
14	3.272904E-01	3.348594E-01	3.497817E-01	
15	0	0	0	
16	3.345638E-01	3.319361E-01	3.458427E-01	
17	3.363975E-01	3.303292E-01	3.444377E-01	
18	3.337423E-01	3.317307E-01	3.352521E-01	
19	3.356962E-01	3.339036E-01	3.482155E-01	
20	3.375158E-01	3.309122E-01	3.449368E-01	
21	3.385325E-01	3.348829E-01	3.478904E-01	
22	3.339067E-01	3.325394E-01	3.630253E-01	
23	3.404621E-01	3.308239E-01	3.451605E-01	
24	3.371746E-01	3.339336E-01	3.394425E-01	
25	3.330239E-01	3.300189E-01	3.292694E-01	
26	3.316981E-01	3.307616E-01	3.322529E-01	
27	3.364163E-01	3.316131E-01	3.406931E-01	
28	3.335364E-01	3.342235E-01	3.253145E-01	
29	3.353359E-01	3.278804E-01	3.258134E-01	
30	3.325745E-01	3.314298E-01	3.151919E-01	
31	3.312779E-01	3.330548E-01	3.186366E-01	
32	3.303311E-01	3.342145E-01	3.201631E-01	
33	3.293179E-01	3.319043E-01	3.170546E-01	
34	3.304118E-01	3.353092E-01	3.143527E-01	
35	3.268845E-01	3.322520E-01	3.192838E-01	
36	3.288159E-01	3.328743E-01	3.172383E-01	
37	3.285579E-01	3.333419E-01	3.124595E-01	
38	3.260727E-01	3.288919E-01	3.069794E-01	
39	3.301661E-01	3.324856E-01	3.097141E-01	
40	3.284882E-01	3.309782E-01	3.158145E-01	
41	3.279387E-01	3.311237E-01	3.178961E-01	
42	3.289230E-01	3.332434E-01	3.152822E-01	
43	3.295896E-01	3.291854E-01	3.164104E-01	
44	3.279850E-01	3.300414E-01	3.247607E-01	
45	3.266473E-01	3.303974E-01	3.219632E-01	
46	3.308089E-01	3.263218E-01	3.283495E-01	
47	3.275762E-01	3.281012E-01	3.233784E-01	
48	3.240045E-01	3.298759E-01	3.245124E-01	
49	3.264277E-01	3.259480E-01	3.278093E-01	
50	3.226575E-01	3.267386E-01	3.267705E-01	
51	3.232500E-01	3.268553E-01	3.268286E-01	
52	3.222570E-01	3.264700E-01	3.217965E-01	
53	3.209065E-01	3.250601E-01	3.250501E-01	
54	3.207492E-01	3.245864E-01	3.248691E-01	
55	3.213407E-01	3.244191E-01	3.245791E-01	
56	3.183689E-01	3.246485E-01	3.242197E-01	
57	3.172209E-01	3.232838E-01	3.300464E-01	
58	3.203288E-01	3.211947E-01	3.254788E-01	
59	3.169251E-01	3.214791E-01	3.283013E-01	
60	3.165078E-01	3.212756E-01	3.289795E-01	
61	3.156780E-01	3.203466E-01	3.323429E-01	
62	3.138887E-01	3.177869E-01	3.295297E-01	
63	3.148850E-01	3.169515E-01	3.303324E-01	
64	3.121996E-01	3.171886E-01	3.303754E-01	
65	3.122618E-01	3.165357E-01	3.301100E-01	
66	3.109583E-01	3.176608E-01	3.292709E-01	
67	3.124821E-01	3.142306E-01	3.299045E-01	
68	3.108427E-01	3.162032E-01	3.281013E-01	
69	3.114275E-01	3.157328E-01	3.329605E-01	
70	3.081035E-01	3.145993E-01	3.277628E-01	
71	3.094071E-01	3.156148E-01	3.330921E-01	
72	3.102228E-01	3.141995E-01	3.251864E-01	
73	3.080748E-01	3.144592E-01	3.263282E-01	
74	3.102430E-01	3.160942E-01	3.284449E-01	
75	3.110570E-01	3.145289E-01	3.262501E-01	
76	3.091523E-01	3.154373E-01	3.212422E-01	
77	3.101224E-01	3.143291E-01	3.228266E-01	
78	3.087792E-01	3.133753E-01	3.216864E-01	
79	3.087206E-01	3.117568E-01	3.179137E-01	
80	3.099437E-01	3.144012E-01	3.184598E-01	
81	3.081753E-01	3.146100E-01	3.174016E-01	
82	3.091515E-01	3.133410E-01	3.141539E-01	
83	3.078176E-01	3.135280E-01	3.126160E-01	
84	3.076522E-01	3.123482E-01	3.110289E-01	
85	3.072506E-01	3.127481E-01	3.094274E-01	
86	3.066466E-01	3.121570E-01	3.106520E-01	
87	3.077396E-01	3.126095E-01	3.111730E-01	
88	3.075547E-01	3.119647E-01	3.095298E-01	
89	3.059519E-01	3.117193E-01	3.068441E-01	
90	3.053054E-01	3.117311E-01	3.063524E-01	
91	3.047569E-01	3.140285E-01	3.071620E-01	
92	3.045057E-01	3.136625E-01	3.088945E-01	
93	3.047421E-01	3.131683E-01	3.062534E-01	
94	3.044536E-01	3.147716E-01	3.043153E-01	
95	3.045496E-01	3.141542E-01	3.030841E-01	
96	3.055349E-01	3.155042E-01	3.059862E-01	
97	3.040189E-01	3.150161E-01	3.037278E-01	
98	3.056302E-01	3.166542E-01	3.031482E-01	
99	3.062954E-01	3.170935E-01	3.017764E-01	
100	3.061412E-01	3.183258E-01	3.037281E-01	
101	3.062696E-01	3.179459E-01	3.020472E-01	
102	3.079765E-01	3.190950E-01	3.017699E-01	
103	3.090247E-01	3.199525E-01	3.016302E-01	
104	3.096758E-01	3.208083E-01	3.037200E-01	
105	3.107314E-01	3.224608E-01	3.009955E-01	
106	3.132196E-01	3.232002E-01	3.039020E-01	
107	3.131950E-01	3.234588E-01	3.009555E-01	
108	3.151412E-01	3.263033E-01	3.024956E-01	
109	3.168423E-01	3.276241E-01	3.012885E-01	
110	3.169172E-01	3.286926E-01	3.006735E-01	
111	3.196750E-01	3.308390E-01	3.032993E-01	
112	3.200595E-01	3.321011E-01	3.029442E-01	
113	3.239836E-01	3.334175E-01	3.009252E-01	
114	3.255647E-01	3.368881E-01	3.014859E-01	
115	3.256155E-01	3.371376E-01	3.011142E-01	
116	3.286648E-01	3.386918E-01	3.023493E-01	
117	3.314731E-01	3.391022E-01	2.984008E-01	
118	3.326756E-01	3.415634E-01	3.018205E-01	
119	3.360000E-01	3.432399E-01	3.001595E-01	
120	3.371924E-01	3.458318E-01	3.025316E-01	
121	3.382225E-01	3.470053E-01	3.010220E-01	
122	3.415960E-01	3.496658E-01	3.023111E-01	
123	3.423115E-01	3.508155E-01	3.028858E-01	
124	3.456995E-01	3.526424E-01	3.050688E-01	
125	3.485911E-01	3.549520E-01	3.044514E-01	
126	3.518252E-01	3.564631E-01	3.059118E-01	
127	3.527136E-01	3.583867E-01	3.067000E-01	
128	3.543060E-01	3.624266E-01	3.075605E-01	
129	3.583879E-01	3.636786E-01	3.099785E-01	
130	3.618530E-01	3.672405E-01	3.095733E-01	
131	3.633995E-01	3.693459E-01	3.114146E-01	
132	3.687867E-01	3.736484E-01	3.131476E-01	
133	3.698339E-01	3.747250E-01	3.159980E-01	
134	3.737716E-01	3.776310E-01	3.166573E-01	
135	3.770762E-01	3.797441E-01	3.171377E-01	
136	3.799113E-01	3.837423E-01	3.202068E-01	
137	3.845465E-01	3.874664E-01	3.198349E-01	
138	3.883801E-01	3.887162E-01	3.243616E-01	
139	3.877079E-01	3.928655E-01	3.247719E-01	
140	3.934003E-01	3.951752E-01	3.275789E-01	
141	3.985125E-01	3.978842E-01	3.292729E-01	
142	4.006694E-01	4.018840E-01	3.296492E-01	
143	4.023616E-01	4.044743E-01	3.328410E-01	
144	4.077706E-01	4.066687E-01	3.339990E-01	
145	4.121335E-01	4.098341E-01	3.344184E-01	
146	4.150742E-01	4.128980E-01	3.374369E-01	
147	4.171425E-01	4.161357E-01	3.391420E-01	
148	4.230636E-01	4.204019E-01	3.412222E-01	
149	4.263085E-01	4.228700E-01	3.424771E-01	
150	4.306678E-01	4.265530E-01	3.428478E-01	
151	4.314701E-01	4.309855E-01	3.454416E-01	
152	4.372421E-01	4.350826E-01	3.466639E-01	
153	4.396429E-01	4.385482E-01	3.488412E-01	
154	4.441479E-01	4.418309E-01	3.501731E-01	
155	4.464069E-01	4.436733E-01	3.532449E-01	
156	4.519972E-01	4.485811E-01	3.537619E-01	
157	4.542717E-01	4.510402E-01	3.574866E-01	
158	4.606628E-01	4.525759E-01	3.589354E-01	
159	4.618060E-01	4.576197E-01	3.634546E-01	
160	4.663229E-01	4.595103E-01	3.646151E-01	
161	4.707973E-01	4.631485E-01	3.642263E-01	
162	4.744391E-01	4.644262E-01	3.676961E-01	
163	4.785006E-01	4.690707E-01	3.667242E-01	
164	4.843216E-01	4.720478E-01	3.734654E-01	
165	4.880426E-01	4.737737E-01	3.744616E-01	
166	4.933699E-01	4.770578E-01	3.748623E-01	
167	4.982821E-01	4.820840E-01	3.762004E-01	
168	5.001144E-01	4.826671E-01	3.748123E-01	
169	5.076867E-01	4.839851E-01	3.790170E-01	
170	5.093987E-01	4.919655E-01	3.783640E-01	
171	5.080892E-01	4.962058E-01	3.775890E-01	
172	5.201136E-01	4.964988E-01	3.806275E-01	
173	5.209680E-01	4.996967E-01	3.818718E-01	
174	5.204402E-01	4.998242E-01	3.844101E-01	
175	5.280225E-01	5.054714E-01	3.866030E-01	
176	5.352655E-01	5.091871E-01	3.910863E-01	
177	5.394412E-01	5.118312E-01	3.877892E-01	
178	5.451053E-01	5.128411E-01	3.921179E-01	
179	5.441291E-01	5.194100E-01	3.940438E-01	
180	5.478191E-01	5.190172E-01	3.938747E-01	
181	5.573421E-01	5.251557E-01	3.970039E-01	
182	5.623416E-01	5.242276E-01	3.973230E-01	
183	5.637440E-01	5.220665E-01	3.958999E-01	
184	5.706235E-01	5.232223E-01	3.992851E-01	
185	5.761050E-01	5.256858E-01	3.979465E-01	
186	5.753093E-01	5.333454E-01	3.989595E-01	
187	5.834355E-01	5.332880E-01	3.994501E-01	
188	5.938635E-01	5.247468E-01	4.008600E-01	
189	6.024215E-01	5.289083E-01	3.994925E-01	
190	6.024806E-01	5.324594E-01	3.994681E-01	
191	6.048966E-01	5.299636E-01	4.026561E-01	
192	6.213932E-01	5.343861E-01	4.018387E-01	
193	6.163675E-01	5.370133E-01	4.006749E-01	
194	6.221252E-01	5.286739E-01	4.006279E-01	
195	6.236308E-01	5.338802E-01	3.998864E-01	
196	6.429648E-01	5.350510E-01	4.012742E-01	
197	6.394749E-01	5.331933E-01	4.009327E-01	
198	6.304599E-01	5.297168E-01	3.995526E-01	
199	6.409661E-01	5.390813E-01	3.971159E-01	
200	6.389585E-01	5.257503E-01	3.998303E-01	
201	6.544607E-01	5.330172E-01	3.962607E-01	
202	6.573307E-01	5.302324E-01	3.931357E-01	
203	6.584602E-01	5.313473E-01	3.952787E-01	
204	6.640703E-01	5.308181E-01	3.940583E-01	
205	6.692590E-01	5.239610E-01	3.946607E-01	
206	6.688385E-01	5.198639E-01	3.940489E-01	
207	6.710919E-01	5.251769E-01	3.898735E-01	
208	6.768791E-01	5.221651E-01	3.916586E-01	
209	6.886512E-01	5.242893E-01	3.888660E-01	
210	6.851690E-01	5.173059E-01	3.835132E-01	
211	6.887192E-01	5.172538E-01	3.832373E-01	
212	6.816727E-01	5.120218E-01	3.841400E-01	
213	6.918434E-01	5.076296E-01	3.814108E-01	
214	6.815951E-01	5.057603E-01	3.836374E-01	
215	6.821661E-01	4.874957E-01	3.790818E-01	
216	6.985136E-01	4.792929E-01	3.784047E-01	
217	6.913416E-01	4.776779E-01	3.747234E-01	
218	7.169533E-01	4.792928E-01	3.722263E-01	
219	6.878756E-01	4.663215E-01	3.716869E-01	
220	7.106100E-01	4.659784E-01	3.717445E-01	
221	6.905218E-01	4.738593E-01	3.657267E-01	
222	6.786363E-01	4.580681E-01	3.680647E-01	
223	7.029935E-01	4.557900E-01	3.628577E-01	
224	7.011431E-01	4.514117E-01	3.627968E-01	
225	6.717204E-01	4.456477E-01	3.621348E-01	
226	6.821679E-01	4.451366E-01	3.566744E-01	
227	6.583515E-01	4.372763E-01	3.574320E-01	
228	6.758137E-01	4.246176E-01	3.572201E-01	
229	6.812561E-01	4.400296E-01	3.551016E-01	
230	6.794122E-01	4.229132E-01	3.543531E-01	
231	6.866373E-01	4.245655E-01	3.496504E-01	
232	6.744080E-01	4.244371E-01	3.505718E-01	
233	6.742100E-01	4.216622E-01	3.503091E-01	
234	7.145420E-01	4.071090E-01	3.496376E-01	
235	6.532448E-01	4.186060E-01	3.477442E-01	
236	6.712819E-01	4.083330E-01	3.489845E-01	
237	6.707245E-01	4.144446E-01	3.449312E-01	
238	6.545530E-01	4.096433E-01	3.467049E-01	
239	6.461958E-01	4.049477E-01	3.463938E-01	
240	6.770457E-01	4.035645E-01	3.447371E-01	
241	6.357331E-01	3.901980E-01	3.454780E-01	
242	6.584723E-01	3.998502E-01	3.419020E-01	
243	6.728350E-01	3.951532E-01	3.435488E-01	
244	6.437877E-01	3.976896E-01	3.434684E-01	
245	6.889498E-01	3.875678E-01	3.425386E-01	
246	6.611272E-01	3.747271E-01	3.431607E-01	
247	6.948838E-01	3.708103E-01	3.402343E-01	
248	7.034289E-01	3.669201E-01	3.392709E-01	
249	6.759580E-01	3.620713E-01	3.364415E-01	
250	6.306433E-01	3.564996E-01	3.375079E-01	
251	6.551930E-01	3.508128E-01	3.370360E-01	
252	6.273717E-01	3.479000E-01	3.363747E-01	
253	6.498133E-01	3.459744E-01	3.296763E-01	
254	6.440555E-01	3.406837E-01	3.350928E-01	
255	5.865818E-01	3.413267E-01	3.313898E-01	
256	6.048092E-01	3.380834E-01	3.309245E-01	
257	5.011261E-01	3.418876E-01	3.333101E-01	
258	5.954579E-01	3.299504E-01	3.283341E-01	
259	5.857430E-01	3.296065E-01	3.265867E-01	
260	5.184474E-01	3.365233E-01	3.266729E-01	
261	5.307271E-01	3.262830E-01	3.254305E-01	
262	4.290090E-01	3.272685E-01	3.231848E-01	
263	4.871966E-01	3.287354E-01	3.230175E-01	
264	5.123524E-01	3.194515E-01	3.221927E-01	
265	4.684746E-01	3.240082E-01	3.198976E-01	
266	4.232306E-01	3.180571E-01	3.205231E-01	
267	5.011101E-01	3.066056E-01	3.160657E-01	
268	4.578970E-01	3.245121E-01	3.171338E-01	
269	3.882818E-01	3.335057E-01	3.147849E-01	
270	4.670194E-01	3.195231E-01	3.125523E-01	
271	4.251297E-01	3.280622E-01	3.098927E-01	
272	3.977794E-01	3.253548E-01	3.077020E-01	
273	3.814695E-01	3.086463E-01	3.088325E-01	
274	4.076957E-01	3.175539E-01	3.085386E-01	
275	3.430047E-01	3.093222E-01	3.054974E-01	
276	3.778486E-01	3.226769E-01	3.055803E-01	
277	3.361076E-01	3.090445E-01	3.042273E-01	
278	3.120501E-01	3.144629E-01	3.040395E-01	
279	2.201456E-01	3.044234E-01	3.056154E-01	
280	2.760533E-01	3.086949E-01	3.005708E-01	
281	2.782039E-01	3.013547E-01	2.979920E-01	
282	2.700527E-01	2.993942E-01	2.997047E-01	
283	2.847041E-01	3.024941E-01	2.963169E-01	
284	2.913607E-01	2.945061E-01	2.985050E-01	
285	2.912054E-01	2.944956E-01	2.966500E-01	
286	2.650186E-01	2.899312E-01	2.963770E-01	
287	3.057635E-01	2.967863E-01	2.957115E-01	
288	3.190223E-01	2.881555E-01	2.939755E-01	
289	2.542212E-01	2.922400E-01	2.956896E-01	
290	3.077613E-01	2.908561E-01	2.921673E-01	
291	2.613995E-01	2.873925E-01	2.942488E-01	
292	2.355732E-01	2.882667E-01	2.929092E-01	
293	2.637489E-01	2.831873E-01	2.946532E-01	
294	2.466302E-01	2.813487E-01	2.906023E-01	
295	2.911370E-01	2.790153E-01	2.902395E-01	
296	2.408634E-01	2.906642E-01	2.943833E-01	
297	1.746401E-01	2.875466E-01	2.928938E-01	
298	2.406310E-01	2.914510E-01	2.921069E-01	
299	2.379067E-01	2.896455E-01	2.933895E-01	
300	2.502572E-01	2.921400E-01	2.941505E-01	
301	2.198008E-01	2.891630E-01	2.925494E-01	
302	2.668032E-01	2.884111E-01	2.946018E-01	
303	2.293708E-01	2.907021E-01	2.921234E-01	
304	2.547755E-01	2.887675E-01	2.910929E-01	
305	2.649372E-01	2.886007E-01	2.935454E-01	
306	2.490288E-01	2.836888E-01	2.904351E-01	
307	2.549304E-01	2.913429E-01	2.914934E-01	
308	3.098132E-01	2.866578E-01	2.906443E-01	
309	2.560213E-01	2.848017E-01	2.885343E-01	
310	2.674910E-01	2.885945E-01	2.890261E-01	
311	2.551318E-01	2.818895E-01	2.856275E-01	
312	2.202575E-01	2.924099E-01	2.896183E-01	
313	2.871208E-01	2.782448E-01	2.870350E-01	
314	2.789540E-01	2.959335E-01	2.879532E-01	
315	2.887894E-01	2.853246E-01	2.871677E-01	
316	2.927973E-01	2.870776E-01	2.883483E-01	
317	2.660027E-01	2.918845E-01	2.882703E-01	
318	3.035964E-01	2.959422E-01	2.871624E-01	
319	3.073138E-01	2.964362E-01	2.862758E-01	
320	2.810669E-01	2.926929E-01	2.847422E-01	
321	2.650497E-01	2.951825E-01	2.905699E-01	
322	2.916283E-01	2.876993E-01	2.876841E-01	
323	3.319994E-01	2.969074E-01	2.891097E-01	
324	2.639768E-01	2.875861E-01	2.875935E-01	
325	2.785316E-01	2.981720E-01	2.899054E-01	
326	3.249605E-01	3.042602E-01	2.882258E-01	
327	2.831079E-01	2.920135E-01	2.885527E-01	
328	2.762755E-01	3.068923E-01	2.903570E-01	
329	2.580164E-01	3.028181E-01	2.870059E-01	
330	2.466966E-01	2.966897E-01	2.848409E-01	
331	3.268552E-01	3.094111E-01	2.900605E-01	
332	2.162363E-01	3.072947E-01	2.863647E-01	
333	2.938463E-01	2.985987E-01	2.864450E-01	
334	2.416885E-01	3.122827E-01	2.892834E-01	
335	2.197952E-01	3.064221E-01	2.910338E-01	
336	2.814652E-01	3.070294E-01	2.903527E-01	
337	2.641108E-01	3.071122E-01	2.908916E-01	
338	2.289271E-01	3.065304E-01	2.927345E-01	
339	1.950862E-01	3.099627E-01	2.907391E-01	
340	2.938988E-01	3.034011E-01	2.883148E-01	
341	2.328827E-01	3.087196E-01	2.881271E-01	
342	2.282436E-01	3.049053E-01	2.885803E-01	
343	1.984181E-01	3.000626E-01	2.890089E-01	
344	1.952658E-01	2.925006E-01	2.894744E-01	
345	2.015103E-01	3.027047E-01	2.895481E-01	
346	1.712050E-01	2.904928E-01	2.885749E-01	
347	2.545641E-01	2.882140E-01	2.878240E-01	
348	2.047698E-01	2.969363E-01	2.904661E-01	
349	2.289401E-01	2.947688E-01	2.905584E-01	
350	1.923090E-01	2.850683E-01	2.921008E-01	
351	1.999058E-01	2.912671E-01	2.903743E-01	
352	1.788402E-01	2.889139E-01	2.887937E-01	
353	1.815801E-01	2.856811E-01	2.902650E-01	
354	1.722798E-01	2.885946E-01	2.899277E-01	
355	1.496329E-01	2.817218E-01	2.849871E-01	
356	1.627710E-01	2.802032E-01	2.924350E-01	
357	2.210466E-01	2.886266E-01	2.865005E-01	
358	2.333343E-01	2.890567E-01	2.884138E-01	
359	2.082704E-01	2.818835E-01	2.893142E-01	
360	1.921927E-01	2.791032E-01	2.856330E-01	
361	1.980899E-01	2.883221E-01	2.884280E-01	
362	2.390502E-01	2.870622E-01	2.875678E-01	
363	1.979638E-01	2.808535E-01	2.849778E-01	
364	1.319832E-01	2.832348E-01	2.864628E-01	
365	1.877430E-01	2.792383E-01	2.869631E-01	
366	1.830636E-01	2.787917E-01	2.840466E-01	
367	1.951210E-01	2.833191E-01	2.830626E-01	
368	1.620464E-01	2.778226E-01	2.849004E-01	
369	1.489516E-01	2.770751E-01	2.845747E-01	
370	1.647597E-01	2.728390E-01	2.837437E-01	
371	1.833965E-01	2.748842E-01	2.793436E-01	
372	1.817198E-01	2.744924E-01	2.871146E-01	
373	1.434717E-01	2.758614E-01	2.821525E-01	
374	2.380345E-01	2.707301E-01	2.802475E-01	
375	2.810787E-01	2.798018E-01	2.816134E-01	
376	1.863734E-01	2.755471E-01	2.819267E-01	
377	2.538406E-01	2.727134E-01	2.791750E-01	
378	3.150452E-01	2.884357E-01	2.830663E-01	
379	2.171341E-01	2.710598E-01	2.801664E-01	
380	2.615033E-01	2.699233E-01	2.817972E-01	
381	2.634059E-01	2.815472E-01	2.836173E-01	
382	2.464275E-01	2.742583E-01	2.815870E-01	
383	3.140331E-01	2.812534E-01	2.830313E-01	
384	3.015628E-01	2.808969E-01	2.825596E-01	
385	2.892899E-01	2.713393E-01	2.798073E-01	
386	3.154218E-01	2.837263E-01	2.825240E-01	
387	2.430034E-01	2.759510E-01	2.774868E-01	
388	1.253350E-01	2.752997E-01	2.834819E-01	
389	3.554865E-01	2.875507E-01	2.802375E-01	
390	2.686237E-01	2.700810E-01	2.767074E-01	
391	2.341128E-01	2.690239E-01	2.840956E-01	
392	1.966128E-01	2.778112E-01	2.770533E-01	
393	1.681154E-01	2.725106E-01	2.729379E-01	
394	1.808914E-01	2.675563E-01	2.817812E-01	
395	1.537328E-01	2.782706E-01	2.791760E-01	
396	9.144878E-02	2.777680E-01	2.766655E-01	
397	1.139108E-01	2.759595E-01	2.835262E-01	
398	1.439091E-01	2.752705E-01	2.812935E-01	
399	1.219111E-01	2.809127E-01	2.856160E-01	
400	2.415046E-01	2.723099E-01	2.798356E-01	
401	1.905345E-01	2.785613E-01	2.794158E-01	
402	1.473847E-01	2.737563E-01	2.855864E-01	
403	1.325574E-01	2.677089E-01	2.793900E-01	
404	2.385975E-01	2.706752E-01	2.822484E-01	
405	1.566344E-01	2.882944E-01	2.791571E-01	
406	2.146711E-01	2.729355E-01	2.784949E-01	
407	2.267898E-01	2.886126E-01	2.849647E-01	
408	1.918422E-01	2.866506E-01	2.824646E-01	
409	1.213109E-01	2.822753E-01	2.805575E-01	
410	1.907129E-01	2.876946E-01	2.869450E-01	
411	2.123923E-01	2.977216E-01	2.852990E-01	
412	2.485264E-01	3.008590E-01	2.802984E-01	
413	2.139905E-01	3.007060E-01	2.917171E-01	
414	2.890716E-01	2.983948E-01	2.854807E-01	
415	3.362306E-01	3.041294E-01	2.944594E-01	
416	2.271613E-01	3.102008E-01	2.905888E-01	
417	3.032971E-01	3.032045E-01	2.899267E-01	
418	3.530483E-01	3.130667E-01	2.932876E-01	
419	4.352314E-01	3.048821E-01	2.977908E-01	
420	3.303609E-01	3.019184E-01	2.942264E-01	
421	4.166186E-01	3.165587E-01	2.927955E-01	
422	5.429974E-01	3.221845E-01	2.980921E-01	
423	4.481946E-01	3.192087E-01	2.884692E-01	
424	5.203509E-01	3.068978E-01	2.961895E-01	
425	4.749987E-01	3.024523E-01	2.884891E-01	
426	5.885526E-01	3.114480E-01	2.920888E-01	
427	5.223548E-01	3.093177E-01	2.936530E-01	
428	5.109381E-01	3.115675E-01	2.881410E-01	
429	5.553280E-01	3.045256E-01	2.847496E-01	
430	6.855168E-01	2.978992E-01	2.823654E-01	
431	5.116609E-01	2.864241E-01	2.850590E-01	
432	7.135250E-01	3.108398E-01	2.842097E-01	
433	5.906442E-01	2.896408E-01	2.857264E-01	
434	5.863289E-01	3.138330E-01	2.817507E-01	
435	5.576325E-01	3.072800E-01	2.812051E-01	
436	6.070425E-01	2.802752E-01	2.808617E-01	
437	0	3.002235E-01	2.843104E-01	
438	0	3.138716E-01	2.885714E-01	
439	0	2.804429E-01	2.747397E-01	
440	0	2.888510E-01	2.802534E-01	
441	0	2.809501E-01	2.826951E-01	
442	0	2.952392E-01	2.802254E-01	
443	0	2.891336E-01	2.778000E-01	
444	0	2.982453E-01	2.879614E-01	
445	0	2.966321E-01	2.825220E-01	
446	0	2.575114E-01	2.793383E-01	
447	0	3.174661E-01	2.805271E-01	
448	0	2.919774E-01	2.824306E-01	
449	0	2.985596E-01	2.936239E-01	
450	0	2.939975E-01	2.811934E-01	
451	0	2.930972E-01	2.877846E-01	
452	0	3.027168E-01	2.835248E-01	
453	0	3.074060E-01	2.870395E-01	
454	0	2.994823E-01	2.926571E-01	
455	0	2.904290E-01	2.855744E-01	
456	0	3.154543E-01	2.872984E-01	
457	0	2.767620E-01	2.844010E-01	
458	0	2.978388E-01	2.881281E-01	
459	0	3.018692E-01	2.820903E-01	
460	0	2.717733E-01	2.882823E-01	
461	0	2.906394E-01	2.968098E-01	
462	0	2.905569E-01	2.939508E-01	
463	0	2.980307E-01	3.150035E-01	
464	0	2.878747E-01	2.983564E-01	
465	0	2.998155E-01	2.948161E-01	
466	0	2.844053E-01	3.032144E-01	
467	0	3.151994E-01	2.909206E-01	
468	0	3.657345E-01	3.234209E-01	
469	0	2.657067E-01	3.040045E-01	
470	0	3.299125E-01	3.113987E-01	
471	0	3.121557E-01	2.837879E-01	
472	0	3.577171E-01	3.217836E-01	
473	0	2.948917E-01	2.929595E-01	
474	0	2.838928E-01	3.223044E-01	
475	0	3.247842E-01	3.073599E-01	
476	0	2.947370E-01	3.094813E-01	
477	0	3.314362E-01	3.608982E-01	
478	0	2.877472E-01	2.948533E-01	
479	0	3.270035E-01	3.633289E-01	
480	0	2.822772E-01	2.815252E-01	
481	0	3.188372E-01	3.343027E-01	
482	0	3.182966E-01	2.911011E-01	
483	0	3.295294E-01	3.225000E-01	
484	0	3.859647E-01	3.846617E-01	
485	0	3.360544E-01	3.156772E-01	
486	0	3.684171E-01	4.294427E-01	
487	0	3.429596E-01	3.132033E-01	
488	0	4.045621E-01	3.661122E-01	
489	0	3.564305E-01	3.204040E-01	
490	0	3.754304E-01	3.549459E-01	
491	0	3.497988E-01	3.539007E-01	
492	0	3.848228E-01	3.319442E-01	
493	0	2.794583E-01	5.358215E-01	
494	0	4.455351E-01	3.542841E-01	
495	0	4.906884E-01	4.151225E-01	
496	0	3.850273E-01	3.570803E-01	
497	0	4.688158E-01	3.445075E-01	
498	0	3.742680E-01	3.828427E-01	
499	0	4.686405E-01	3.866016E-01	
500	0	0	0	
501	0	4.884174E-01	4.136416E-01	
502	0	0	0	
503	0	4.711419E-01	4.667404E-01	
504	0	0	0	
505	0	4.633965E-01	4.800320E-01	
506	0	4.492521E-01	5.107592E-01	
507	0	0	0	
508	0	4.841426E-01	5.320200E-01	
509	0	0	0	
510	0	5.099045E-01	5.883488E-01	
511	0	0	0	
512	0	6.679904E-01	6.406908E-01	
513	0	0	0	
514	0	0	0	
515	0	7.924668E-01	6.547011E-01	
516	0	0	0	
517	0	9.512104E-01	7.325979E-01	
518	0	0	0	
519	0	0	6.215107E-01	
520	0	0	0	
521	0	0	0	
522	0	0	0	
523	0	0	0	
524	0	0	0	
525	0	0	0	
526	0	0	0	
527	0	0	0	
528	0	0	0	
529	0	0	0	
530	0	0	0	
531	0	0	0	
532	0	0	0	
533	0	0	0	
534	0	0	0	
535	0	0	0	
536	0	0	0	
537	0	0	0	
538	0	0	0	
539	0	0	0	
540	0	0	0	
541	0	0	0	
542	0	0	0	
543	0	0	0	
544	0	0	0	
545	0	0	0	
546	0	0	0	
547	0	0	0	
548	0	0	0	
549	0	0	0	
550	0	0	0	
551	0	0	0	
552	0	0	0	
553	0	0	0	
554	0	0	0	
555	0	0	0	
556	0	0	0	
557	0	0	0	
558	0	0	0	
559	0	0	0	
560	0	0	0	
561	0	0	0	
562	0	0	0	
563	0	0	0	
564	0	0	0	
565	0	0	0	
566	0	0	0	
567	0	0	0	
568	0	0	0	
569	0	0	0	
570	0	0	0	
571	0	0	0	
572	0	0	0	
573	0	0	0	
574	0	0	0	
575	0	0	0	
576	0	0	0	
577	0	0	0	
578	0	0	0	
579	0	0	0	
580	0	0	0	
581	0	0	0	
582	0	0	0	
583	0	0	0	
584	0	0	0	
585	0	0	0	
586	0	0	0	
587	0	0	0	
588	0	0	0	
589	0	0	0	
590	0	0	0	
591	0	0	0	
592	0	0	0	
593	0	0	0	
594	0	0	0	
595	0	0	0	
596	0	0	0	
597	0	0	0	
598	0	0	0	
599	0	0	0	
#NewRun
0	0	0	0	
1	0	0	0	
2	0	0	0	
3	0	0	0	
4	3.292422E-01	3.393929E-01	3.082897E-01	
5	3.190551E-01	3.434747E-01	3.582878E-01	
6	3.254149E-01	3.266942E-01	3.184793E-01	
7	0	0	0	
8	3.254178E-01	3.381914E-01	3.631693E-01	
9	3.241456E-01	3.277116E-01	3.307415E-01	
10	0	0	0	
11	3.291916E-01	3.363416E-01	3.558091E-01	
12	3.285329E-01	3.345622E-01	3.325131E-01	
13	3.354420E-01	3.406151E-01	3.552121E-01	
14	3.352646E-01	3.357831E-01	3.547190E-01	
15	0	0	0	
16	3.336362E-01	3.315824E-01	3.315005E-01	
17	3.400022E-01	3.255052E-01	3.359644E-01	
18	3.370624E-01	3.268419E-01	3.391786E-01	
19	3.335687E-01	3.283382E-01	3.397088E-01	
20	3.326466E-01	3.306049E-01	3.299038E-01	
21	3.345886E-01	3.275202E-01	3.409395E-01	
22	3.332787E-01	3.284097E-01	3.387328E-01	
23	3.392551E-01	3.225881E-01	3.366688E-01	
24	3.328758E-01	3.293422E-01	3.293967E-01	
25	3.365479E-01	3.275806E-01	3.277703E-01	
26	3.357384E-01	3.243377E-01	3.245358E-01	
27	3.380521E-01	3.259513E-01	3.321118E-01	
28	3.373197E-01	3.261116E-01	3.365689E-01	
29	3.390020E-01	3.266424E-01	3.305853E-01	
30	3.376140E-01	3.253833E-01	3.281283E-01	
31	3.355023E-01	3.239734E-01	3.235171E-01	
32	3.376131E-01	3.249255E-01	3.330420E-01	
33	3.375318E-01	3.262532E-01	3.350319E-01	
34	3.325328E-01	3.203561E-01	3.336534E-01	
35	3.335610E-01	3.248449E-01	3.424500E-01	
36	3.333539E-01	3.270521E-01	3.439660E-01	
37	3.366744E-01	3.257127E-01	3.362490E-01	
38	3.311915E-01	3.248439E-01	3.499769E-01	
39	3.334562E-01	3.285301E-01	3.424225E-01	
40	3.332091E-01	3.274618E-01	3.435536E-01	
41	3.321369E-01	3.278452E-01	3.402614E-01	
42	3.324990E-01	3.260853E-01	3.346684E-01	
43	3.319565E-01	3.295701E-01	3.351641E-01	
44	3.294333E-01	3.267817E-01	3.498495E-01	
45	3.314970E-01	3.244945E-01	3.374503E-01	
46	3.290108E-01	3.228281E-01	3.379975E-01	
47	3.257744E-01	3.238841E-01	3.400921E-01	
48	3.286857E-01	3.231379E-01	3.418560E-01	
49	3.280306E-01	3.228318E-01	3.391880E-01	
50	3.250431E-01	3.227043E-01	3.348405E-01	
51	3.269178E-01	3.224898E-01	3.325056E-01	
52	3.264534E-01	3.216138E-01	3.333943E-01	
53	3.259419E-01	3.245380E-01	3.288469E-01	
54	3.263183E-01	3.223253E-01	3.322623E-01	
55	3.236830E-01	3.241056E-01	3.323836E-01	
56	3.244102E-01	3.233319E-01	3.258196E-01	
57	3.239411E-01	3.216012E-01	3.276334E-01	
58	3.264200E-01	3.239167E-01	3.224451E-01	
59	3.229852E-01	3.193913E-01	3.223595E-01	
60	3.228249E-01	3.219132E-01	3.210229E-01	
61	3.236607E-01	3.210405E-01	3.228978E-01	
62	3.207893E-01	3.212455E-01	3.202614E-01	
63	3.216237E-01	3.209039E-01	3.237476E-01	
64	3.200369E-01	3.215653E-01	3.204477E-01	
65	3.211267E-01	3.192835E-01	3.209657E-01	
66	3.198777E-01	3.195045E-01	3.204816E-01	
67	3.183639E-01	3.187081E-01	3.188156E-01	
68	3.186018E-01	3.181400E-01	3.171449E-01	
69	3.172134E-01	3.171535E-01	3.155576E-01	
70	3.162044E-01	3.180869E-01	3.136701E-01	
71	3.166938E-01	3.197269E-01	3.139045E-01	
72	3.141281E-01	3.178765E-01	3.106646E-01	
73	3.134886E-01	3.168076E-01	3.079269E-01	
74	3.151518E-01	3.164391E-01	3.065142E-01	
75	3.149218E-01	3.189298E-01	3.091205E-01	
76	3.124515E-01	3.155750E-01	3.035935E-01	
77	3.135001E-01	3.164300E-01	3.064420E-01	
78	3.125363E-01	3.173470E-01	3.053027E-01	
79	3.148960E-01	3.158375E-01	3.021576E-01	
80	3.117557E-01	3.159691E-01	3.019474E-01	
81	3.114298E-01	3.150446E-01	3.031434E-01	
82	3.116241E-01	3.159295E-01	3.030415E-01	
83	3.105791E-01	3.151540E-01	3.008788E-01	
84	3.114098E-01	3.151760E-01	2.993113E-01	
85	3.112061E-01	3.159133E-01	2.999383E-01	
86	3.102132E-01	3.160166E-01	3.030136E-01	
87	3.123547E-01	3.150695E-01	2.996484E-01	
88	3.104708E-01	3.160465E-01	2.969213E-01	
89	3.113042E-01	3.156820E-01	2.972574E-01	
90	3.114119E-01	3.167913E-01	2.985195E-01	
91	3.107515E-01	3.169435E-01	2.964630E-01	
92	3.101352E-01	3.165700E-01	2.944798E-01	
93	3.121162E-01	3.173179E-01	2.948839E-01	
94	3.116749E-01	3.164838E-01	2.968965E-01	
95	3.113601E-01	3.190304E-01	2.947579E-01	
96	3.121644E-01	3.180267E-01	2.944932E-01	
97	3.118960E-01	3.179905E-01	2.931016E-01	
98	3.124732E-01	3.188916E-01	2.941316E-01	
99	3.138686E-01	3.207515E-01	2.920869E-01	
100	3.125551E-01	3.187339E-01	2.929902E-01	
101	3.137297E-01	3.197078E-01	2.940003E-01	
102	3.140926E-01	3.236545E-01	2.937311E-01	
103	3.140026E-01	3.226191E-01	2.925469E-01	
104	3.150087E-01	3.227504E-01	2.906677E-01	
105	3.161081E-01	3.225761E-01	2.923336E-01	
106	3.150812E-01	3.252316E-01	2.894574E-01	
107	3.153360E-01	3.253844E-01	2.906481E-01	
108	3.176138E-01	3.275847E-01	2.910682E-01	
109	3.180717E-01	3.271852E-01	2.917545E-01	
110	3.196891E-01	3.294056E-01	2.913813E-01	
111	3.208476E-01	3.301398E-01	2.911194E-01	
112	3.228937E-01	3.307575E-01	2.878128E-01	
113	3.241516E-01	3.342334E-01	2.905165E-01	
114	3.249496E-01	3.331573E-01	2.916290E-01	
115	3.272065E-01	3.351962E-01	2.914555E-01	
116	3.285504E-01	3.361566E-01	2.912800E-01	
117	3.309863E-01	3.377481E-01	2.903681E-01	
118	3.320759E-01	3.390361E-01	2.903871E-01	
119	3.341173E-01	3.409957E-01	2.920161E-01	
120	3.363194E-01	3.420568E-01	2.940272E-01	
121	3.381279E-01	3.448017E-01	2.934085E-01	
122	3.403644E-01	3.461098E-01	2.956367E-01	
123	3.415404E-01	3.458203E-01	2.967993E-01	
124	3.434441E-01	3.489910E-01	2.968770E-01	
125	3.457317E-01	3.512184E-01	2.986486E-01	
126	3.484612E-01	3.532130E-01	2.977035E-01	
127	3.501330E-01	3.550599E-01	3.003356E-01	
128	3.537504E-01	3.582837E-01	3.022373E-01	
129	3.557745E-01	3.578838E-01	3.035737E-01	
130	3.572037E-01	3.611728E-01	3.042516E-01	
131	3.609789E-01	3.633536E-01	3.046411E-01	
132	3.637933E-01	3.669454E-01	3.094023E-01	
133	3.661316E-01	3.690714E-01	3.086563E-01	
134	3.698686E-01	3.705479E-01	3.106209E-01	
135	3.724129E-01	3.751413E-01	3.127361E-01	
136	3.754064E-01	3.773395E-01	3.140617E-01	
137	3.809831E-01	3.801771E-01	3.157981E-01	
138	3.811347E-01	3.845249E-01	3.184612E-01	
139	3.842266E-01	3.866714E-01	3.187491E-01	
140	3.889151E-01	3.885705E-01	3.209788E-01	
141	3.927819E-01	3.927453E-01	3.255737E-01	
142	3.944057E-01	3.961803E-01	3.264911E-01	
143	3.987180E-01	4.000375E-01	3.301707E-01	
144	4.039225E-01	4.030859E-01	3.306753E-01	
145	4.064021E-01	4.065738E-01	3.329391E-01	
146	4.120359E-01	4.101578E-01	3.357687E-01	
147	4.153738E-01	4.148338E-01	3.384647E-01	
148	4.209454E-01	4.180781E-01	3.390838E-01	
149	4.234521E-01	4.217805E-01	3.427637E-01	
150	4.273322E-01	4.259949E-01	3.439060E-01	
151	4.306413E-01	4.304452E-01	3.471076E-01	
152	4.371959E-01	4.316991E-01	3.490356E-01	
153	4.406555E-01	4.377399E-01	3.487497E-01	
154	4.462162E-01	4.417191E-01	3.549993E-01	
155	4.457600E-01	4.440991E-01	3.532753E-01	
156	4.519676E-01	4.456188E-01	3.581945E-01	
157	4.563614E-01	4.504483E-01	3.593776E-01	
158	4.597984E-01	4.590994E-01	3.620618E-01	
159	4.651165E-01	4.560082E-01	3.633126E-01	
160	4.690056E-01	4.620314E-01	3.660082E-01	
161	4.737794E-01	4.664523E-01	3.684121E-01	
162	4.784063E-01	4.697029E-01	3.704316E-01	
163	4.814663E-01	4.709145E-01	3.692783E-01	
164	4.846413E-01	4.740292E-01	3.720389E-01	
165	4.890231E-01	4.796782E-01	3.737843E-01	
166	4.986526E-01	4.819384E-01	3.783697E-01	
167	5.002752E-01	4.884543E-01	3.775369E-01	
168	5.057130E-01	4.889107E-01	3.789412E-01	
169	5.098014E-01	4.963361E-01	3.816387E-01	
170	5.126331E-01	4.990807E-01	3.854901E-01	
171	5.144673E-01	5.041421E-01	3.841645E-01	
172	5.233822E-01	5.059195E-01	3.887777E-01	
173	5.249841E-01	5.085446E-01	3.898252E-01	
174	5.314987E-01	5.105758E-01	3.903690E-01	
175	5.353540E-01	5.161020E-01	3.909329E-01	
176	5.374917E-01	5.172217E-01	3.951723E-01	
177	5.401110E-01	5.153045E-01	3.944919E-01	
178	5.450665E-01	5.190989E-01	3.960832E-01	
179	5.482658E-01	5.238552E-01	3.982974E-01	
180	5.496596E-01	5.208773E-01	3.965292E-01	
181	5.573162E-01	5.236814E-01	4.009623E-01	
182	5.635875E-01	5.215379E-01	4.011200E-01	
183	5.695849E-01	5.247199E-01	4.034209E-01	
184	5.688735E-01	5.294064E-01	3.998965E-01	
185	5.712845E-01	5.282199E-01	4.059911E-01	
186	5.747209E-01	5.324775E-01	4.020930E-01	
187	5.815294E-01	5.291298E-01	4.039527E-01	
188	5.825501E-01	5.313899E-01	4.024255E-01	
189	5.828959E-01	5.344769E-01	4.004702E-01	
190	5.825205E-01	5.322590E-01	4.013716E-01	
191	5.834882E-01	5.338594E-01	3.987884E-01	
192	5.857626E-01	5.346374E-01	3.981243E-01	
193	5.870957E-01	5.257616E-01	3.990647E-01	
194	5.938309E-01	5.264754E-01	3.982141E-01	
195	5.903341E-01	5.273118E-01	3.952781E-01	
196	5.946953E-01	5.236880E-01	3.922751E-01	
197	5.828810E-01	5.254176E-01	3.945287E-01	
198	5.888405E-01	5.166047E-01	3.961575E-01	
199	5.851603E-01	5.262019E-01	3.946251E-01	
200	5.820735E-01	5.213823E-01	3.930554E-01	
201	5.820985E-01	5.222607E-01	3.926168E-01	
202	5.787468E-01	5.159398E-01	3.919751E-01	
203	5.893068E-01	5.104154E-01	3.936663E-01	
204	5.896641E-01	5.108872E-01	3.893440E-01	
205	5.902056E-01	5.029980E-01	3.908046E-01	
206	5.876761E-01	5.024068E-01	3.878893E-01	
207	5.820152E-01	4.951914E-01	3.849875E-01	
208	5.877594E-01	4.998217E-01	3.824250E-01	
209	5.989988E-01	4.924426E-01	3.838524E-01	
210	5.931328E-01	4.981258E-01	3.827588E-01	
211	5.999159E-01	4.837897E-01	3.852339E-01	
212	6.157292E-01	4.837019E-01	3.819880E-01	
213	6.019883E-01	4.902670E-01	3.820710E-01	
214	6.160992E-01	4.864751E-01	3.802223E-01	
215	6.146758E-01	4.808730E-01	3.771710E-01	
216	6.092207E-01	4.720939E-01	3.758798E-01	
217	6.064807E-01	4.837334E-01	3.747325E-01	
218	6.027958E-01	4.685228E-01	3.746296E-01	
219	5.990595E-01	4.603063E-01	3.732739E-01	
220	6.057213E-01	4.518773E-01	3.767747E-01	
221	6.071013E-01	4.518811E-01	3.715752E-01	
222	5.916753E-01	4.485526E-01	3.704584E-01	
223	6.154474E-01	4.387202E-01	3.684583E-01	
224	6.078686E-01	4.405010E-01	3.694242E-01	
225	6.063588E-01	4.301880E-01	3.670840E-01	
226	6.173047E-01	4.351898E-01	3.668498E-01	
227	6.167475E-01	4.248605E-01	3.663395E-01	
228	6.218543E-01	4.135094E-01	3.641433E-01	
229	6.441915E-01	4.147005E-01	3.642657E-01	
230	6.284394E-01	4.048899E-01	3.609702E-01	
231	6.474642E-01	4.078743E-01	3.593346E-01	
232	6.202084E-01	3.981458E-01	3.582087E-01	
233	6.260181E-01	4.045767E-01	3.572962E-01	
234	6.321932E-01	3.962830E-01	3.567320E-01	
235	6.304519E-01	3.983750E-01	3.532910E-01	
236	6.569565E-01	3.940838E-01	3.530577E-01	
237	6.571025E-01	3.874659E-01	3.495022E-01	
238	6.329800E-01	3.969369E-01	3.509920E-01	
239	6.115781E-01	3.928152E-01	3.505411E-01	
240	6.335456E-01	3.891757E-01	3.479691E-01	
241	6.172984E-01	3.793744E-01	3.442718E-01	
242	6.145867E-01	3.916594E-01	3.457455E-01	
243	5.719395E-01	3.822776E-01	3.461830E-01	
244	5.873546E-01	3.844843E-01	3.416957E-01	
245	5.926636E-01	3.844851E-01	3.423107E-01	
246	5.429741E-01	3.800666E-01	3.389599E-01	
247	5.204251E-01	3.620240E-01	3.401434E-01	
248	5.181625E-01	3.717237E-01	3.369295E-01	
249	5.325076E-01	3.657326E-01	3.377392E-01	
250	5.303213E-01	3.635502E-01	3.386563E-01	
251	5.054589E-01	3.637453E-01	3.381281E-01	
252	4.994998E-01	3.535814E-01	3.332332E-01	
253	5.128375E-01	3.555691E-01	3.356457E-01	
254	4.829686E-01	3.569266E-01	3.354214E-01	
255	4.998907E-01	3.588705E-01	3.318562E-01	
256	5.012847E-01	3.498283E-01	3.297932E-01	
257	4.930373E-01	3.471497E-01	3.324157E-01	
258	4.755892E-01	3.517439E-01	3.325765E-01	
259	4.711433E-01	3.522428E-01	3.308720E-01	
260	4.543386E-01	3.487729E-01	3.264658E-01	
261	4.207718E-01	3.377170E-01	3.264913E-01	
262	4.189621E-01	3.417739E-01	3.300655E-01	
263	4.665090E-01	3.417145E-01	3.299972E-01	
264	4.617684E-01	3.261509E-01	3.228747E-01	
265	4.258290E-01	3.245969E-01	3.245648E-01	
266	4.392107E-01	3.343530E-01	3.260754E-01	
267	3.821889E-01	3.281082E-01	3.238494E-01	
268	3.607569E-01	3.263816E-01	3.225325E-01	
269	4.030504E-01	3.226469E-01	3.185678E-01	
270	3.725236E-01	3.218399E-01	3.205836E-01	
271	3.850000E-01	3.180350E-01	3.171019E-01	
272	3.770302E-01	3.205917E-01	3.148745E-01	
273	3.791066E-01	3.174244E-01	3.134755E-01	
274	3.622235E-01	3.129499E-01	3.109153E-01	
275	2.962792E-01	3.181756E-01	3.106597E-01	
276	3.399212E-01	3.094611E-01	3.052705E-01	
277	2.861978E-01	3.042382E-01	3.066480E-01	
278	2.624514E-01	3.049930E-01	3.070541E-01	
279	3.032516E-01	3.006229E-01	3.047380E-01	
280	3.183356E-01	3.113254E-01	3.039957E-01	
281	2.548231E-01	2.968636E-01	3.031330E-01	
282	2.907573E-01	2.915349E-01	3.002507E-01	
283	2.916045E-01	2.920423E-01	3.028504E-01	
284	2.550309E-01	2.872228E-01	2.974994E-01	
285	2.660808E-01	2.820261E-01	2.961284E-01	
286	2.652319E-01	2.833423E-01	2.977111E-01	
287	2.753350E-01	2.878500E-01	2.983890E-01	
288	2.781295E-01	2.914274E-01	2.930856E-01	
289	2.548137E-01	2.803034E-01	2.940427E-01	
290	2.502732E-01	2.824635E-01	2.891494E-01	
291	2.577137E-01	2.900087E-01	2.943820E-01	
292	2.375499E-01	2.877693E-01	2.929405E-01	
293	2.423263E-01	2.822716E-01	2.934476E-01	
294	2.313978E-01	2.867764E-01	2.948242E-01	
295	2.441955E-01	2.807472E-01	2.910467E-01	
296	2.359350E-01	2.771039E-01	2.933813E-01	
297	2.347372E-01	2.855483E-01	2.931914E-01	
298	2.589501E-01	2.808905E-01	2.932198E-01	
299	2.114098E-01	2.735011E-01	2.933697E-01	
300	2.433321E-01	2.796543E-01	2.964258E-01	
301	2.450318E-01	2.791892E-01	2.926051E-01	
302	2.382648E-01	2.848640E-01	2.930238E-01	
303	2.143364E-01	2.853619E-01	2.955269E-01	
304	2.424465E-01	2.814395E-01	2.902399E-01	
305	2.262186E-01	2.919106E-01	2.960654E-01	
306	2.572068E-01	2.910946E-01	2.894507E-01	
307	2.440029E-01	2.873594E-01	2.938033E-01	
308	2.582706E-01	2.915739E-01	2.928231E-01	
309	2.303972E-01	2.949454E-01	2.900505E-01	
310	2.431033E-01	2.789392E-01	2.895297E-01	
311	2.303797E-01	2.880246E-01	2.929024E-01	
312	2.473255E-01	2.901238E-01	2.918000E-01	
313	2.258987E-01	2.861739E-01	2.907361E-01	
314	2.387603E-01	2.930579E-01	2.959859E-01	
315	2.544565E-01	2.857755E-01	2.923763E-01	
316	2.546532E-01	2.879708E-01	2.923988E-01	
317	2.539603E-01	2.798665E-01	2.917944E-01	
318	2.815190E-01	2.905134E-01	2.905140E-01	
319	2.525277E-01	2.853307E-01	2.924672E-01	
320	2.797207E-01	2.822681E-01	2.888497E-01	
321	3.078098E-01	2.876183E-01	2.926140E-01	
322	2.868325E-01	2.898192E-01	2.879740E-01	
323	3.100134E-01	2.903039E-01	2.908298E-01	
324	3.224719E-01	2.921669E-01	2.865581E-01	
325	3.175593E-01	2.945271E-01	2.901698E-01	
326	3.392756E-01	2.925886E-01	2.873746E-01	
327	3.060204E-01	2.934991E-01	2.850159E-01	
328	3.487583E-01	2.952832E-01	2.903175E-01	
329	3.344805E-01	2.909927E-01	2.831428E-01	
330	3.055693E-01	2.926135E-01	2.865804E-01	
331	3.651712E-01	2.929380E-01	2.846503E-01	
332	3.630170E-01	3.021946E-01	2.837859E-01	
333	3.343065E-01	2.923758E-01	2.849344E-01	
334	3.454070E-01	2.968852E-01	2.846613E-01	
335	3.724712E-01	2.916033E-01	2.872950E-01	
336	3.289744E-01	2.825102E-01	2.858703E-01	
337	3.570035E-01	2.926729E-01	2.885772E-01	
338	3.184378E-01	2.854968E-01	2.843270E-01	
339	3.176959E-01	2.707664E-01	2.850548E-01	
340	2.953641E-01	2.890844E-01	2.863968E-01	
341	2.828984E-01	2.796758E-01	2.865284E-01	
342	2.924277E-01	2.885450E-01	2.864422E-01	
343	2.905816E-01	2.777529E-01	2.850536E-01	
344	3.199695E-01	2.854955E-01	2.891224E-01	
345	2.858956E-01	2.816725E-01	2.878634E-01	
346	3.085170E-01	2.927168E-01	2.850987E-01	
347	3.212370E-01	2.855313E-01	2.871586E-01	
348	2.891966E-01	2.835972E-01	2.859932E-01	
349	3.122755E-01	2.811122E-01	2.861113E-01	
350	2.845686E-01	2.907031E-01	2.881977E-01	
351	2.938001E-01	2.932739E-01	2.871141E-01	
352	2.898058E-01	2.934397E-01	2.877480E-01	
353	3.046868E-01	2.906982E-01	2.876727E-01	
354	3.189233E-01	2.805288E-01	2.874651E-01	
355	3.247122E-01	2.855056E-01	2.888870E-01	
356	3.119379E-01	2.844605E-01	2.886503E-01	
357	3.252556E-01	2.813463E-01	2.848607E-01	
358	3.374488E-01	2.923724E-01	2.871307E-01	
359	3.399376E-01	2.853778E-01	2.861302E-01	
360	3.259848E-01	2.821001E-01	2.858992E-01	
361	3.272202E-01	2.809130E-01	2.845337E-01	
362	2.768036E-01	2.727364E-01	2.855677E-01	
363	3.206391E-01	2.795660E-01	2.819373E-01	
364	3.078976E-01	2.852240E-01	2.830681E-01	
365	3.053530E-01	2.851019E-01	2.841015E-01	
366	2.981800E-01	2.826485E-01	2.834320E-01	
367	3.177649E-01	2.773248E-01	2.837291E-01	
368	2.988904E-01	2.811203E-01	2.818955E-01	
369	2.880392E-01	2.851007E-01	2.815975E-01	
370	3.092977E-01	2.757670E-01	2.813678E-01	
371	2.905742E-01	2.842364E-01	2.791202E-01	
372	3.126816E-01	2.742982E-01	2.822295E-01	
373	2.953726E-01	2.750828E-01	2.788569E-01	
374	2.827791E-01	2.860974E-01	2.809928E-01	
375	3.013519E-01	2.755693E-01	2.786599E-01	
376	3.040500E-01	2.724998E-01	2.779167E-01	
377	3.111521E-01	2.840315E-01	2.794205E-01	
378	3.071464E-01	2.871691E-01	2.802325E-01	
379	2.748852E-01	2.753810E-01	2.785160E-01	
380	2.934292E-01	2.826928E-01	2.794157E-01	
381	2.984961E-01	2.802464E-01	2.816057E-01	
382	3.086581E-01	2.752842E-01	2.764984E-01	
383	2.826728E-01	2.818855E-01	2.819386E-01	
384	2.959388E-01	2.792832E-01	2.782310E-01	
385	2.876210E-01	2.823656E-01	2.744964E-01	
386	2.964413E-01	2.839399E-01	2.849304E-01	
387	2.717427E-01	2.687324E-01	2.749264E-01	
388	2.995100E-01	2.812958E-01	2.781920E-01	
389	2.715310E-01	2.840042E-01	2.807320E-01	
390	2.695047E-01	2.697143E-01	2.782839E-01	
391	2.823419E-01	2.794550E-01	2.803631E-01	
392	2.406147E-01	2.750091E-01	2.760355E-01	
393	2.600096E-01	2.819965E-01	2.815862E-01	
394	2.325130E-01	2.747518E-01	2.786545E-01	
395	2.434870E-01	2.895819E-01	2.788244E-01	
396	2.678915E-01	2.787622E-01	2.782308E-01	
397	2.675646E-01	2.784052E-01	2.761383E-01	
398	2.323562E-01	2.784672E-01	2.818650E-01	
399	2.648561E-01	2.865416E-01	2.798344E-01	
400	2.463903E-01	2.997181E-01	2.827743E-01	
401	2.396647E-01	2.829422E-01	2.777288E-01	
402	2.455942E-01	2.869597E-01	2.856882E-01	
403	2.285248E-01	2.908772E-01	2.806855E-01	
404	2.422065E-01	2.768685E-01	2.839805E-01	
405	2.239335E-01	2.809473E-01	2.825706E-01	
406	2.697450E-01	2.798764E-01	2.836138E-01	
407	2.374918E-01	2.827071E-01	2.891630E-01	
408	2.368574E-01	2.847411E-01	2.828326E-01	
409	2.252679E-01	2.657565E-01	2.881534E-01	
410	2.362238E-01	2.776147E-01	2.930953E-01	
411	2.412240E-01	2.827589E-01	2.906448E-01	
412	2.459778E-01	2.748855E-01	2.839987E-01	
413	2.495463E-01	2.890324E-01	2.942642E-01	
414	2.329344E-01	2.843389E-01	2.881264E-01	
415	2.417625E-01	2.782796E-01	2.925221E-01	
416	2.617933E-01	2.788492E-01	2.962334E-01	
417	2.658341E-01	2.751417E-01	2.925469E-01	
418	2.695980E-01	2.833037E-01	2.964816E-01	
419	2.796224E-01	3.011240E-01	2.977906E-01	
420	2.796384E-01	2.739789E-01	2.911657E-01	
421	2.909615E-01	2.880541E-01	2.950406E-01	
422	2.835622E-01	2.840199E-01	3.012893E-01	
423	2.734361E-01	2.799214E-01	2.929334E-01	
424	2.992534E-01	2.875656E-01	2.980709E-01	
425	2.888375E-01	2.752573E-01	2.983435E-01	
426	3.125810E-01	2.743405E-01	3.003237E-01	
427	3.120417E-01	2.826070E-01	2.964260E-01	
428	2.794493E-01	2.900021E-01	2.914038E-01	
429	2.869787E-01	2.784886E-01	2.888178E-01	
430	3.185860E-01	2.808598E-01	2.918440E-01	
431	2.896871E-01	2.902626E-01	2.898809E-01	
432	2.825234E-01	2.893911E-01	2.914638E-01	
433	2.809156E-01	2.891943E-01	2.929335E-01	
434	3.072439E-01	2.881812E-01	2.854706E-01	
435	3.263862E-01	2.731105E-01	2.817846E-01	
436	2.928145E-01	2.856021E-01	2.861622E-01	
437	3.187149E-01	2.987927E-01	2.887906E-01	
438	3.409494E-01	2.691509E-01	2.880627E-01	
439	3.773823E-01	2.961365E-01	2.810139E-01	
440	3.442932E-01	2.862840E-01	2.840921E-01	
441	3.880795E-01	2.889410E-01	2.841557E-01	
442	3.270131E-01	3.143080E-01	2.803047E-01	
443	3.171109E-01	2.960463E-01	2.781529E-01	
444	3.302724E-01	3.015662E-01	2.846158E-01	
445	3.624039E-01	2.880254E-01	2.850107E-01	
446	3.236506E-01	3.118746E-01	2.907466E-01	
447	2.841374E-01	3.098446E-01	2.844942E-01	
448	3.520232E-01	3.293747E-01	2.810383E-01	
449	3.448476E-01	3.069524E-01	2.822260E-01	
450	3.198657E-01	3.123987E-01	2.852155E-01	
451	3.175854E-01	3.182132E-01	2.850241E-01	
452	3.510749E-01	2.878967E-01	2.936062E-01	
453	3.076645E-01	3.180230E-01	2.873914E-01	
454	3.315837E-01	2.815163E-01	2.894072E-01	
455	3.619692E-01	3.365146E-01	2.862324E-01	
456	2.552619E-01	3.102778E-01	2.882674E-01	
457	3.139770E-01	2.851641E-01	2.809266E-01	
458	2.576315E-01	3.255406E-01	2.936288E-01	
459	2.991562E-01	2.925441E-01	2.936702E-01	
460	2.460763E-01	2.961577E-01	2.815753E-01	
461	2.864169E-01	3.143007E-01	2.915339E-01	
462	2.807286E-01	2.710316E-01	2.866686E-01	
463	3.331413E-01	3.335479E-01	2.955029E-01	
464	3.488084E-01	3.038243E-01	2.881712E-01	
465	3.133481E-01	3.094442E-01	2.816449E-01	
466	4.713926E-01	3.194789E-01	2.882462E-01	
467	2.508344E-01	3.141485E-01	2.764179E-01	
468	4.454619E-01	3.296473E-01	2.807863E-01	
469	3.787211E-01	3.735878E-01	2.831856E-01	
470	4.072773E-01	3.684936E-01	2.910128E-01	
471	3.371296E-01	3.245401E-01	2.825858E-01	
472	2.769259E-01	3.723340E-01	2.922105E-01	
473	5.598109E-01	3.775046E-01	2.784973E-01	
474	3.058653E-01	3.619031E-01	3.017008E-01	
475	4.582858E-01	3.176426E-01	2.900739E-01	
476	4.524987E-01	3.471504E-01	3.012058E-01	
477	4.902696E-01	4.163225E-01	3.431867E-01	
478	4.424377E-01	3.237527E-01	3.027558E-01	
479	5.507819E-01	3.917355E-01	3.409246E-01	
480	4.511455E-01	2.830165E-01	2.900211E-01	
481	4.431386E-01	3.920102E-01	3.259889E-01	
482	5.083562E-01	2.859910E-01	3.227207E-01	
483	4.506319E-01	4.005894E-01	3.256169E-01	
484	6.435994E-01	4.875552E-01	3.724685E-01	
485	4.011111E-01	3.617190E-01	2.992377E-01	
486	6.211602E-01	3.866566E-01	3.592352E-01	
487	4.388187E-01	3.139484E-01	2.986009E-01	
488	4.362493E-01	4.741727E-01	3.544482E-01	
489	4.871663E-01	2.879689E-01	3.069306E-01	
490	0	5.108812E-01	3.312294E-01	
491	5.191267E-01	3.532434E-01	3.551559E-01	
492	4.588301E-01	3.402810E-01	3.378480E-01	
493	0	4.829013E-01	4.219525E-01	
494	4.636709E-01	3.283628E-01	3.350506E-01	
495	0	7.345118E-01	4.649254E-01	
496	5.986603E-01	2.786536E-01	3.579530E-01	
497	0	3.446299E-01	4.134946E-01	
498	6.321528E-01	3.050576E-01	3.782968E-01	
499	5.227326E-01	4.215400E-01	3.693389E-01	
500	0	0	0	
501	7.254638E-01	2.801255E-01	4.043259E-01	
502	0	0	0	
503	6.945994E-01	2.955492E-01	4.123165E-01	
504	0	0	0	
505	0	3.755653E-01	4.318464E-01	
506	0	0	4.611980E-01	
507	0	0	0	
508	0	3.691244E-01	4.770097E-01	
509	0	0	0	
510	0	4.058338E-01	4.988492E-01	
511	0	0	0	
512	0	5.686272E-01	5.260772E-01	
513	0	0	0	
514	0	0	0	
515	0	6.301278E-01	6.095602E-01	
516	0	0	0	
517	0	7.759958E-01	6.321293E-01	
518	0	0	0	
519	0	0	7.679156E-01	
520	0	0	0	
521	0	0	0	
522	0	0	0	
523	0	0	0	
524	0	0	0	
525	0	0	0	
526	0	0	0	
527	0	0	0	
528	0	0	0	
529	0	0	0	
530	0	0	0	
531	0	0	0	
532	0	0	0	
533	0	0	0	
534	0	0	0	
535	0	0	0	
536	0	0	0	
537	0	0	0	
538	0	0	0	
539	0	0	0	
540	0	0	0	
541	0	0	0	
542	0	0	0	
543	0	0	0	
544	0	0	0	
545	0	0	0	
546	0	0	0	
547	0	0	0	
548	0	0	0	
549	0	0	0	
550	0	0	0	
551	0	0	0	
552	0	0	0	
553	0	0	0	
554	0	0	0	
555	0	0	0	
556	0	0	0	
557	0	0	0	
558	0	0	0	
559	0	0	0	
560	0	0	0	
561	0	0	0	
562	0	0	0	
563	0	0	0	
564	0	0	0	
565	0	0	0	
566	0	0	0	
567	0	0	0	
568	0	0	0	
569	0	0	0	
570	0	0	0	
571	0	0	0	
572	0	0	0	
573	0	0	0	
574	0	0	0	
575	0	0	0	
576	0	0	0	
577	0	0	0	
578	0	0	0	
579	0	0	0	
580	0	0	0	
581	0	0	0	
582	0	0	0	
583	0	0	0	
584	0	0	0	
585	0	0	0	
586	0	0	0	
587	0	0	0	
588	0	0	0	
589	0	0	0	
590	0	0	0	
591	0	0	0	
592	0	0	0	
593	0	0	0	
594	0	0	0	
595	0	0	0	
596	0	0	0	
597	0	0	0	
598	0	0	0	
599	0	0	0	
#NewRun
