#COM_Bin	Avg_cosine_squared
#Order is chain type
0	0	0	0	
1	0	0	0	
2	0	0	0	
3	0	0	0	
4	3.259051E-01	3.480807E-01	0	
5	3.359007E-01	3.462500E-01	0	
6	3.284837E-01	3.356437E-01	1.884058E-01	
7	0	0	0	
8	3.305733E-01	3.476087E-01	3.186917E-01	
9	3.235200E-01	3.343570E-01	4.149952E-01	
10	0	0	0	
11	3.420938E-01	3.322033E-01	1.379940E-01	
12	3.304467E-01	3.347927E-01	2.866849E-01	
13	3.316669E-01	3.312833E-01	2.651775E-01	
14	3.306557E-01	3.359345E-01	2.547907E-01	
15	0	0	0	
16	3.337397E-01	3.286030E-01	3.070835E-01	
17	3.298315E-01	3.315224E-01	2.491284E-01	
18	3.311301E-01	3.353437E-01	2.468689E-01	
19	3.310460E-01	3.340376E-01	3.715183E-01	
20	3.284067E-01	3.316664E-01	3.634509E-01	
21	3.352842E-01	3.336695E-01	3.340619E-01	
22	3.320722E-01	3.318899E-01	2.807081E-01	
23	3.358171E-01	3.353881E-01	3.886745E-01	
24	3.348518E-01	3.319932E-01	3.562073E-01	
25	3.307612E-01	3.331318E-01	3.968150E-01	
26	3.344485E-01	3.364546E-01	3.812493E-01	
27	3.360235E-01	3.301303E-01	3.656954E-01	
28	3.309507E-01	3.339490E-01	3.978004E-01	
29	3.304632E-01	3.324711E-01	3.307200E-01	
30	3.309905E-01	3.297037E-01	3.782521E-01	
31	3.276941E-01	3.331945E-01	3.439701E-01	
32	3.307472E-01	3.323733E-01	3.659841E-01	
33	3.320860E-01	3.302215E-01	3.576755E-01	
34	3.308641E-01	3.309828E-01	3.522501E-01	
35	3.323135E-01	3.295501E-01	2.792479E-01	
36	3.289967E-01	3.294118E-01	3.258386E-01	
37	3.305966E-01	3.280496E-01	3.388508E-01	
38	3.294246E-01	3.280781E-01	3.451679E-01	
39	3.293471E-01	3.276089E-01	3.299544E-01	
40	3.278353E-01	3.276279E-01	3.383657E-01	
41	3.299521E-01	3.272398E-01	3.380087E-01	
42	3.308607E-01	3.263540E-01	3.351602E-01	
43	3.271578E-01	3.240221E-01	3.258791E-01	
44	3.249800E-01	3.264989E-01	3.422096E-01	
45	3.268344E-01	3.222900E-01	3.351937E-01	
46	3.246782E-01	3.203741E-01	3.227749E-01	
47	3.251208E-01	3.237989E-01	3.543852E-01	
48	3.241979E-01	3.231890E-01	3.270136E-01	
49	3.210074E-01	3.211655E-01	3.484179E-01	
50	3.242214E-01	3.200595E-01	3.482840E-01	
51	3.238134E-01	3.207873E-01	3.262040E-01	
52	3.216243E-01	3.199469E-01	3.382837E-01	
53	3.211277E-01	3.197398E-01	3.382960E-01	
54	3.192674E-01	3.199340E-01	3.270696E-01	
55	3.181517E-01	3.164869E-01	3.511366E-01	
56	3.192354E-01	3.177565E-01	3.330065E-01	
57	3.164036E-01	3.171495E-01	3.355583E-01	
58	3.179841E-01	3.151192E-01	3.296128E-01	
59	3.164259E-01	3.156809E-01	3.278823E-01	
60	3.146331E-01	3.147497E-01	3.446952E-01	
61	3.138620E-01	3.135727E-01	3.270187E-01	
62	3.152159E-01	3.123248E-01	3.450949E-01	
63	3.120903E-01	3.106718E-01	3.254182E-01	
64	3.107558E-01	3.113096E-01	3.413694E-01	
65	3.110314E-01	3.111741E-01	3.356907E-01	
66	3.108343E-01	3.092856E-01	3.298500E-01	
67	3.097358E-01	3.080277E-01	3.364410E-01	
68	3.091085E-01	3.082349E-01	3.318004E-01	
69	3.074440E-01	3.064196E-01	3.370025E-01	
70	3.069176E-01	3.069709E-01	3.229812E-01	
71	3.078290E-01	3.074089E-01	3.093274E-01	
72	3.066490E-01	3.060133E-01	3.351318E-01	
73	3.054123E-01	3.054269E-01	3.253548E-01	
74	3.053079E-01	3.065727E-01	3.152367E-01	
75	3.050483E-01	3.045894E-01	3.225033E-01	
76	3.039619E-01	3.037243E-01	3.216143E-01	
77	3.045009E-01	3.043772E-01	3.179681E-01	
78	3.035867E-01	3.046818E-01	3.066853E-01	
79	3.021811E-01	3.025639E-01	3.084083E-01	
80	3.025437E-01	3.035990E-01	3.073854E-01	
81	3.008377E-01	3.030533E-01	3.028784E-01	
82	3.026044E-01	3.035769E-01	2.980475E-01	
83	3.016668E-01	3.037520E-01	2.988899E-01	
84	3.021423E-01	3.040919E-01	2.923310E-01	
85	3.015896E-01	3.029119E-01	2.955408E-01	
86	3.020330E-01	3.037967E-01	2.905207E-01	
87	3.014287E-01	3.046619E-01	2.897572E-01	
88	3.025867E-01	3.048439E-01	2.860224E-01	
89	3.026895E-01	3.045152E-01	2.836053E-01	
90	3.036410E-01	3.042502E-01	2.822043E-01	
91	3.040851E-01	3.072207E-01	2.767299E-01	
92	3.029201E-01	3.073151E-01	2.795546E-01	
93	3.051149E-01	3.073890E-01	2.770453E-01	
94	3.054438E-01	3.090649E-01	2.700068E-01	
95	3.061643E-01	3.094478E-01	2.702090E-01	
96	3.068989E-01	3.115678E-01	2.696300E-01	
97	3.087784E-01	3.116213E-01	2.673807E-01	
98	3.099137E-01	3.138711E-01	2.648594E-01	
99	3.114896E-01	3.155397E-01	2.626598E-01	
100	3.116013E-01	3.163246E-01	2.652957E-01	
101	3.136062E-01	3.189121E-01	2.584567E-01	
102	3.138258E-01	3.200637E-01	2.567094E-01	
103	3.157767E-01	3.224485E-01	2.585798E-01	
104	3.184732E-01	3.244722E-01	2.566275E-01	
105	3.190994E-01	3.265084E-01	2.553171E-01	
106	3.223237E-01	3.289954E-01	2.549661E-01	
107	3.223747E-01	3.316399E-01	2.525433E-01	
108	3.254736E-01	3.333361E-01	2.533169E-01	
109	3.284627E-01	3.358460E-01	2.507844E-01	
110	3.290230E-01	3.391970E-01	2.504511E-01	
111	3.313046E-01	3.417324E-01	2.497452E-01	
112	3.345180E-01	3.435816E-01	2.512835E-01	
113	3.361352E-01	3.477630E-01	2.522072E-01	
114	3.408389E-01	3.499133E-01	2.525477E-01	
115	3.416835E-01	3.524675E-01	2.524842E-01	
116	3.452203E-01	3.555748E-01	2.526348E-01	
117	3.482259E-01	3.603070E-01	2.553022E-01	
118	3.520883E-01	3.652278E-01	2.555542E-01	
119	3.548064E-01	3.677221E-01	2.583272E-01	
120	3.571557E-01	3.703621E-01	2.560151E-01	
121	3.617076E-01	3.760865E-01	2.582923E-01	
122	3.652281E-01	3.777547E-01	2.589228E-01	
123	3.681977E-01	3.804164E-01	2.616066E-01	
124	3.725252E-01	3.860637E-01	2.599270E-01	
125	3.768402E-01	3.894460E-01	2.630306E-01	
126	3.808991E-01	3.920999E-01	2.666529E-01	
127	3.854599E-01	3.965489E-01	2.673017E-01	
128	3.893212E-01	4.000574E-01	2.681403E-01	
129	3.935173E-01	4.055962E-01	2.702090E-01	
130	3.980380E-01	4.102355E-01	2.736911E-01	
131	4.019559E-01	4.124199E-01	2.743095E-01	
132	4.052071E-01	4.179239E-01	2.743127E-01	
133	4.103514E-01	4.234668E-01	2.810320E-01	
134	4.154713E-01	4.297453E-01	2.836085E-01	
135	4.207610E-01	4.334967E-01	2.864795E-01	
136	4.246002E-01	4.378927E-01	2.863195E-01	
137	4.301013E-01	4.443725E-01	2.922224E-01	
138	4.336160E-01	4.497439E-01	2.936740E-01	
139	4.388072E-01	4.562775E-01	2.961972E-01	
140	4.440817E-01	4.615668E-01	3.003819E-01	
141	4.477438E-01	4.638553E-01	3.016016E-01	
142	4.575957E-01	4.709988E-01	3.061044E-01	
143	4.593150E-01	4.760088E-01	3.113625E-01	
144	4.668101E-01	4.825632E-01	3.117424E-01	
145	4.718324E-01	4.866932E-01	3.127442E-01	
146	4.768057E-01	4.895753E-01	3.167993E-01	
147	4.806905E-01	5.000213E-01	3.192391E-01	
148	4.844322E-01	5.019037E-01	3.227256E-01	
149	4.909061E-01	5.077945E-01	3.278763E-01	
150	4.985196E-01	5.142746E-01	3.292488E-01	
151	5.008280E-01	5.192714E-01	3.327012E-01	
152	5.018945E-01	5.246292E-01	3.335405E-01	
153	5.101176E-01	5.280745E-01	3.363245E-01	
154	5.160818E-01	5.356264E-01	3.392673E-01	
155	5.204730E-01	5.405129E-01	3.405947E-01	
156	5.278792E-01	5.436162E-01	3.437136E-01	
157	5.297065E-01	5.486162E-01	3.475268E-01	
158	5.421424E-01	5.563411E-01	3.480510E-01	
159	5.450058E-01	5.610095E-01	3.485688E-01	
160	5.469143E-01	5.655886E-01	3.527418E-01	
161	5.568412E-01	5.713967E-01	3.565466E-01	
162	5.628720E-01	5.770302E-01	3.563472E-01	
163	5.708529E-01	5.781178E-01	3.584711E-01	
164	5.754684E-01	5.818687E-01	3.606946E-01	
165	5.781337E-01	5.872995E-01	3.617313E-01	
166	5.844615E-01	5.932416E-01	3.636130E-01	
167	5.889474E-01	5.983896E-01	3.675272E-01	
168	5.935978E-01	5.968219E-01	3.684807E-01	
169	6.009996E-01	6.026322E-01	3.747101E-01	
170	6.077606E-01	6.094911E-01	3.737920E-01	
171	6.146369E-01	6.178345E-01	3.724445E-01	
172	6.102540E-01	6.163303E-01	3.769650E-01	
173	6.262431E-01	6.199482E-01	3.792747E-01	
174	6.319979E-01	6.271383E-01	3.818681E-01	
175	6.326114E-01	6.256548E-01	3.807365E-01	
176	6.371417E-01	6.320934E-01	3.833740E-01	
177	6.404813E-01	6.353285E-01	3.853838E-01	
178	6.531705E-01	6.309204E-01	3.850342E-01	
179	6.567672E-01	6.388590E-01	3.838781E-01	
180	6.507107E-01	6.387337E-01	3.851157E-01	
181	6.602976E-01	6.360898E-01	3.880179E-01	
182	6.633325E-01	6.349233E-01	3.856129E-01	
183	6.602312E-01	6.370406E-01	3.897219E-01	
184	6.698220E-01	6.435281E-01	3.902297E-01	
185	6.877425E-01	6.433264E-01	3.868965E-01	
186	6.809055E-01	6.352030E-01	3.874190E-01	
187	6.712153E-01	6.350744E-01	3.871882E-01	
188	6.795734E-01	6.359445E-01	3.879389E-01	
189	6.848015E-01	6.419565E-01	3.889329E-01	
190	6.793855E-01	6.317827E-01	3.825171E-01	
191	6.724080E-01	6.367289E-01	3.846152E-01	
192	6.801692E-01	6.274149E-01	3.878943E-01	
193	6.843041E-01	6.174766E-01	3.861077E-01	
194	6.842930E-01	6.121455E-01	3.826765E-01	
195	6.693599E-01	6.251201E-01	3.826743E-01	
196	6.800350E-01	6.133998E-01	3.834639E-01	
197	6.822328E-01	6.068921E-01	3.843848E-01	
198	6.713634E-01	5.869775E-01	3.812205E-01	
199	6.826664E-01	5.891419E-01	3.802275E-01	
200	6.745783E-01	5.697395E-01	3.822220E-01	
201	6.603777E-01	5.815346E-01	3.775378E-01	
202	6.504914E-01	5.677132E-01	3.790479E-01	
203	6.649358E-01	5.443083E-01	3.762587E-01	
204	6.963588E-01	5.520646E-01	3.750235E-01	
205	6.746508E-01	5.339425E-01	3.758574E-01	
206	6.829776E-01	5.134423E-01	3.712121E-01	
207	6.757548E-01	5.060678E-01	3.735743E-01	
208	6.956159E-01	4.978096E-01	3.732542E-01	
209	6.822703E-01	4.789003E-01	3.710270E-01	
210	6.851198E-01	4.673005E-01	3.680839E-01	
211	6.936464E-01	4.659382E-01	3.684300E-01	
212	6.838620E-01	4.765918E-01	3.649101E-01	
213	6.498895E-01	4.771051E-01	3.667743E-01	
214	6.560435E-01	4.690812E-01	3.644130E-01	
215	6.608301E-01	4.466510E-01	3.623593E-01	
216	6.953090E-01	4.610945E-01	3.645255E-01	
217	6.656778E-01	4.521174E-01	3.603041E-01	
218	6.772284E-01	4.461675E-01	3.601965E-01	
219	6.824956E-01	4.363125E-01	3.557714E-01	
220	6.680541E-01	4.260489E-01	3.593245E-01	
221	6.762663E-01	4.302535E-01	3.591845E-01	
222	6.259708E-01	4.207963E-01	3.558345E-01	
223	6.624665E-01	4.424252E-01	3.555441E-01	
224	6.367247E-01	4.188474E-01	3.532477E-01	
225	6.376297E-01	4.382261E-01	3.513524E-01	
226	6.713264E-01	4.144633E-01	3.496881E-01	
227	6.350330E-01	4.000195E-01	3.532089E-01	
228	6.196462E-01	4.101348E-01	3.483015E-01	
229	5.935513E-01	3.855986E-01	3.485326E-01	
230	5.930751E-01	4.083168E-01	3.421081E-01	
231	5.471204E-01	4.028177E-01	3.457413E-01	
232	6.099889E-01	4.094030E-01	3.423587E-01	
233	4.975221E-01	4.123994E-01	3.434064E-01	
234	5.694393E-01	3.962744E-01	3.412587E-01	
235	5.498817E-01	3.794638E-01	3.408327E-01	
236	5.502212E-01	3.922228E-01	3.398274E-01	
237	5.422274E-01	3.814590E-01	3.367767E-01	
238	5.412802E-01	3.656858E-01	3.348193E-01	
239	5.415128E-01	3.738216E-01	3.377946E-01	
240	4.848385E-01	3.752800E-01	3.340995E-01	
241	5.323685E-01	3.535458E-01	3.360734E-01	
242	5.246323E-01	3.681354E-01	3.349161E-01	
243	5.147900E-01	3.513473E-01	3.346338E-01	
244	5.385219E-01	3.472549E-01	3.315297E-01	
245	5.239547E-01	3.653245E-01	3.314899E-01	
246	4.538871E-01	3.531352E-01	3.324792E-01	
247	5.472296E-01	3.552499E-01	3.269236E-01	
248	5.549071E-01	3.488482E-01	3.292990E-01	
249	4.394412E-01	3.410420E-01	3.299271E-01	
250	4.633786E-01	3.295882E-01	3.300700E-01	
251	4.434236E-01	3.354021E-01	3.248592E-01	
252	4.863112E-01	3.413065E-01	3.276680E-01	
253	5.189262E-01	3.210429E-01	3.269964E-01	
254	5.114539E-01	3.213665E-01	3.254073E-01	
255	5.109927E-01	3.358265E-01	3.279905E-01	
256	4.244373E-01	3.174243E-01	3.250148E-01	
257	4.030897E-01	3.180186E-01	3.228723E-01	
258	4.809631E-01	3.461686E-01	3.254870E-01	
259	4.378993E-01	3.385742E-01	3.255399E-01	
260	3.835493E-01	3.465723E-01	3.218799E-01	
261	4.456394E-01	3.267708E-01	3.230053E-01	
262	4.274693E-01	3.230687E-01	3.197197E-01	
263	2.771191E-01	3.252620E-01	3.191793E-01	
264	3.386315E-01	3.167707E-01	3.177148E-01	
265	4.444577E-01	3.460775E-01	3.182558E-01	
266	3.214548E-01	3.062733E-01	3.197739E-01	
267	2.605823E-01	3.005778E-01	3.165673E-01	
268	3.692058E-01	3.128399E-01	3.160030E-01	
269	2.813045E-01	3.093132E-01	3.162575E-01	
270	3.266683E-01	3.020225E-01	3.120158E-01	
271	3.304039E-01	2.970044E-01	3.136179E-01	
272	3.677639E-01	3.095248E-01	3.106108E-01	
273	4.647035E-01	3.201124E-01	3.097091E-01	
274	4.382077E-01	3.087819E-01	3.093843E-01	
275	3.412624E-01	2.865351E-01	3.071907E-01	
276	3.943978E-01	3.063705E-01	3.040556E-01	
277	5.014740E-01	2.886120E-01	3.038383E-01	
278	4.203200E-01	2.904895E-01	3.032551E-01	
279	4.997603E-01	2.977056E-01	3.026151E-01	
280	4.523621E-01	2.718167E-01	3.017942E-01	
281	3.815216E-01	2.732847E-01	2.994756E-01	
282	4.380048E-01	2.774004E-01	2.990314E-01	
283	3.989600E-01	2.735944E-01	3.001574E-01	
284	3.515174E-01	2.720355E-01	2.962284E-01	
285	3.899193E-01	2.713834E-01	2.965329E-01	
286	3.756508E-01	2.791021E-01	2.953917E-01	
287	3.999006E-01	2.687714E-01	2.950579E-01	
288	3.301853E-01	2.843415E-01	2.906340E-01	
289	3.770392E-01	2.624991E-01	2.931916E-01	
290	4.499208E-01	2.706413E-01	2.916080E-01	
291	4.858838E-01	2.827409E-01	2.925719E-01	
292	2.369909E-01	2.789654E-01	2.911688E-01	
293	4.575184E-01	2.778045E-01	2.894784E-01	
294	4.135358E-01	2.794097E-01	2.890927E-01	
295	5.073421E-01	2.792603E-01	2.876614E-01	
296	3.300370E-01	3.003399E-01	2.904594E-01	
297	3.242142E-01	3.034281E-01	2.883526E-01	
298	4.673818E-01	2.987641E-01	2.885631E-01	
299	3.688111E-01	3.047216E-01	2.862697E-01	
300	2.876838E-01	2.848870E-01	2.914341E-01	
301	3.562711E-01	3.048726E-01	2.877408E-01	
302	2.744771E-01	2.893726E-01	2.889037E-01	
303	3.284956E-01	2.815331E-01	2.918944E-01	
304	1.811408E-01	2.841527E-01	2.891008E-01	
305	2.378936E-01	2.844150E-01	2.917080E-01	
306	3.011851E-01	2.749107E-01	2.909887E-01	
307	3.378190E-01	2.910121E-01	2.894022E-01	
308	2.948597E-01	2.894298E-01	2.918283E-01	
309	1.758997E-01	2.863481E-01	2.868065E-01	
310	2.451390E-01	2.839198E-01	2.921797E-01	
311	3.011525E-01	2.768217E-01	2.880594E-01	
312	2.836742E-01	2.747600E-01	2.889869E-01	
313	3.489530E-01	2.790036E-01	2.867362E-01	
314	1.639399E-01	2.834809E-01	2.896104E-01	
315	1.447709E-01	2.597585E-01	2.886945E-01	
316	2.286644E-01	2.931546E-01	2.908022E-01	
317	2.616937E-01	3.022313E-01	2.877633E-01	
318	3.283896E-01	2.843517E-01	2.893903E-01	
319	2.063362E-01	2.852140E-01	2.906258E-01	
320	1.563515E-01	2.894810E-01	2.883167E-01	
321	1.956673E-01	2.725372E-01	2.935390E-01	
322	7.184616E-02	2.753658E-01	2.903049E-01	
323	1.830914E-01	2.905464E-01	2.905232E-01	
324	1.463099E-01	2.772629E-01	2.910296E-01	
325	1.470530E-01	2.891755E-01	2.900246E-01	
326	1.539835E-01	2.741545E-01	2.892131E-01	
327	1.859376E-01	3.010063E-01	2.874832E-01	
328	1.664322E-01	2.935377E-01	2.908542E-01	
329	1.664472E-01	2.721694E-01	2.874562E-01	
330	1.272157E-01	2.736428E-01	2.863040E-01	
331	3.123759E-01	2.936979E-01	2.880036E-01	
332	1.676697E-01	2.731918E-01	2.859178E-01	
333	3.094789E-01	3.065428E-01	2.833487E-01	
334	2.936712E-01	2.884519E-01	2.856966E-01	
335	2.989638E-01	2.748465E-01	2.851741E-01	
336	2.330408E-01	2.906475E-01	2.868782E-01	
337	3.889751E-01	2.682114E-01	2.870471E-01	
338	4.012576E-01	2.759247E-01	2.831203E-01	
339	3.592712E-01	2.729851E-01	2.856134E-01	
340	4.076238E-01	2.603358E-01	2.839873E-01	
341	3.715230E-01	2.531812E-01	2.842584E-01	
342	4.041326E-01	2.920158E-01	2.886717E-01	
343	4.732359E-01	2.579109E-01	2.825906E-01	
344	4.678215E-01	2.733316E-01	2.880969E-01	
345	4.549686E-01	2.790664E-01	2.871387E-01	
346	4.039773E-01	2.799698E-01	2.839344E-01	
347	4.120752E-01	2.895893E-01	2.828402E-01	
348	3.768081E-01	2.876867E-01	2.865131E-01	
349	4.021087E-01	2.609060E-01	2.872707E-01	
350	4.975364E-01	2.870447E-01	2.862485E-01	
351	3.508083E-01	2.789914E-01	2.850925E-01	
352	3.511801E-01	2.689110E-01	2.859075E-01	
353	5.206791E-01	2.866187E-01	2.852446E-01	
354	2.846051E-01	2.924146E-01	2.872142E-01	
355	4.708626E-01	2.827930E-01	2.847071E-01	
356	4.307576E-01	2.814640E-01	2.843428E-01	
357	4.643371E-01	2.913805E-01	2.847938E-01	
358	3.846216E-01	2.794264E-01	2.855477E-01	
359	4.662673E-01	2.595828E-01	2.827894E-01	
360	4.454586E-01	2.775118E-01	2.811162E-01	
361	3.670017E-01	2.874657E-01	2.839204E-01	
362	4.946057E-01	2.610911E-01	2.822544E-01	
363	3.584541E-01	2.587211E-01	2.839440E-01	
364	3.745547E-01	2.464174E-01	2.841152E-01	
365	2.706482E-01	2.472923E-01	2.853603E-01	
366	4.322785E-01	2.417707E-01	2.824127E-01	
367	3.067742E-01	2.230219E-01	2.851429E-01	
368	1.537760E-01	2.408391E-01	2.804058E-01	
369	1.998619E-01	2.183106E-01	2.838976E-01	
370	3.593058E-01	2.185654E-01	2.800420E-01	
371	3.713550E-01	2.201433E-01	2.804804E-01	
372	2.704328E-01	2.300824E-01	2.848371E-01	
373	3.297849E-01	2.479188E-01	2.787839E-01	
374	3.024115E-01	2.481108E-01	2.817341E-01	
375	3.435557E-01	2.347377E-01	2.785479E-01	
376	4.583829E-01	2.659661E-01	2.769986E-01	
377	2.702143E-01	2.697107E-01	2.776076E-01	
378	2.772055E-01	2.620989E-01	2.780805E-01	
379	2.271503E-01	2.888826E-01	2.760366E-01	
380	2.690596E-01	2.983557E-01	2.743074E-01	
381	4.763303E-01	2.864794E-01	2.737745E-01	
382	3.366824E-01	2.825347E-01	2.733181E-01	
383	2.591494E-01	2.696041E-01	2.723901E-01	
384	2.965119E-01	2.642228E-01	2.767479E-01	
385	1.926490E-01	2.967258E-01	2.719535E-01	
386	2.630719E-01	2.988935E-01	2.773792E-01	
387	2.543032E-01	2.533545E-01	2.720552E-01	
388	2.449780E-01	2.758091E-01	2.750651E-01	
389	1.747983E-01	2.780082E-01	2.757292E-01	
390	2.047095E-01	2.869399E-01	2.755654E-01	
391	1.990604E-01	2.708448E-01	2.759552E-01	
392	2.033850E-01	2.613605E-01	2.759293E-01	
393	1.522781E-01	2.838139E-01	2.753647E-01	
394	2.159684E-01	2.760432E-01	2.776380E-01	
395	2.099306E-01	3.012109E-01	2.796217E-01	
396	1.650003E-01	2.799129E-01	2.754347E-01	
397	1.482618E-01	3.051166E-01	2.810814E-01	
398	1.715984E-01	2.606325E-01	2.800273E-01	
399	1.675516E-01	2.516064E-01	2.822569E-01	
400	1.238229E-01	2.728034E-01	2.817174E-01	
401	1.558441E-01	2.554275E-01	2.800286E-01	
402	1.538724E-01	2.673708E-01	2.834526E-01	
403	1.558000E-01	2.604867E-01	2.826051E-01	
404	2.043337E-01	2.588171E-01	2.857377E-01	
405	2.656336E-01	2.336438E-01	2.873723E-01	
406	2.418443E-01	2.480205E-01	2.834437E-01	
407	2.839606E-01	2.543519E-01	2.928538E-01	
408	2.963180E-01	2.550628E-01	2.876245E-01	
409	1.854752E-01	2.484246E-01	2.855145E-01	
410	1.944158E-01	2.938854E-01	2.982825E-01	
411	2.770814E-01	2.540075E-01	2.921138E-01	
412	3.325862E-01	3.189406E-01	2.921885E-01	
413	1.798705E-01	2.667815E-01	2.969864E-01	
414	1.929113E-01	2.596217E-01	2.966895E-01	
415	2.472185E-01	2.835460E-01	2.994297E-01	
416	2.193858E-01	3.186079E-01	2.958101E-01	
417	1.867126E-01	2.711203E-01	2.947598E-01	
418	2.535328E-01	3.127063E-01	2.979769E-01	
419	1.859500E-01	3.550747E-01	3.016963E-01	
420	2.539970E-01	3.240327E-01	2.961640E-01	
421	2.276991E-01	3.409975E-01	2.974580E-01	
422	2.015719E-01	3.268063E-01	3.020256E-01	
423	1.134437E-01	3.231580E-01	2.967745E-01	
424	2.502199E-01	3.335283E-01	2.948108E-01	
425	1.118439E-01	3.683410E-01	2.946881E-01	
426	1.146892E-01	3.161038E-01	2.966288E-01	
427	2.423026E-01	3.880654E-01	2.874816E-01	
428	3.183426E-01	3.577351E-01	2.884665E-01	
429	2.516937E-01	3.458907E-01	2.878295E-01	
430	3.222637E-01	3.666197E-01	2.882371E-01	
431	2.314421E-01	3.777355E-01	2.942458E-01	
432	2.344195E-01	3.901758E-01	2.829330E-01	
433	3.686677E-01	3.684723E-01	2.872007E-01	
434	4.214230E-01	3.758092E-01	2.850836E-01	
435	2.209847E-01	4.247377E-01	2.875509E-01	
436	3.033941E-01	4.340015E-01	2.872189E-01	
437	7.354724E-01	3.593381E-01	2.867805E-01	
438	8.622280E-02	3.511730E-01	2.924878E-01	
439	1.920696E-01	2.981673E-01	2.840473E-01	
440	0	3.912595E-01	2.919504E-01	
441	1.490830E-01	3.369416E-01	2.887137E-01	
442	1.308763E-01	3.407441E-01	2.922159E-01	
443	1.502725E-01	4.212880E-01	2.878556E-01	
444	0	3.740401E-01	2.956534E-01	
445	0	3.470358E-01	2.940762E-01	
446	2.356675E-01	3.186970E-01	2.938115E-01	
447	0	2.961666E-01	2.935284E-01	
448	2.449644E-01	3.368503E-01	3.005975E-01	
449	0	3.204314E-01	3.010940E-01	
450	2.067840E-01	2.916622E-01	2.930734E-01	
451	7.374004E-01	3.266118E-01	2.999830E-01	
452	0	2.498063E-01	2.991220E-01	
453	0	3.082740E-01	3.016279E-01	
454	5.307433E-01	2.192319E-01	3.084283E-01	
455	7.516502E-01	3.073316E-01	3.072127E-01	
456	7.919385E-01	2.549132E-01	3.041323E-01	
457	2.805039E-01	2.522250E-01	3.086059E-01	
458	8.148564E-01	1.996753E-01	3.157637E-01	
459	6.767691E-01	2.159245E-01	3.107163E-01	
460	8.222876E-01	2.694987E-01	3.099035E-01	
461	5.761491E-01	2.276470E-01	3.145230E-01	
462	0	1.983076E-01	3.016552E-01	
463	4.252468E-01	2.521442E-01	3.229122E-01	
464	3.435990E-01	2.335169E-01	3.128631E-01	
465	4.700774E-01	2.462484E-01	3.024880E-01	
466	3.681613E-01	3.693322E-01	3.131803E-01	
467	0	2.589930E-01	3.127296E-01	
468	0	2.944657E-01	3.193279E-01	
469	0	2.212751E-01	3.125209E-01	
470	6.637772E-01	1.907053E-01	3.236526E-01	
471	0	2.846028E-01	3.000601E-01	
472	6.337928E-01	3.034719E-01	3.266096E-01	
473	0	2.236131E-01	2.939750E-01	
474	0	3.224259E-01	3.228771E-01	
475	0	1.891978E-01	2.994269E-01	
476	0	2.547861E-01	3.102564E-01	
477	7.065892E-01	1.713521E-01	3.393316E-01	
478	0	2.304032E-01	3.089671E-01	
479	6.744675E-01	6.822516E-02	3.484347E-01	
480	0	2.250968E-01	3.062019E-01	
481	0	2.595322E-01	3.455790E-01	
482	0	2.960166E-01	3.144623E-01	
483	0	2.659778E-01	3.509486E-01	
484	0	1.596050E-01	3.918354E-01	
485	0	3.753364E-01	3.252919E-01	
486	0	3.791478E-01	4.164634E-01	
487	0	3.464987E-01	3.263482E-01	
488	0	4.104473E-01	4.093475E-01	
489	0	4.031226E-01	3.199392E-01	
490	0	4.583241E-01	3.807241E-01	
491	0	0	3.521253E-01	
492	0	3.903006E-01	3.579115E-01	
493	0	0	5.102331E-01	
494	0	4.490079E-01	3.676111E-01	
495	0	0	4.721870E-01	
496	0	4.105522E-01	3.683367E-01	
497	0	5.217914E-01	4.428636E-01	
498	0	4.195411E-01	3.453068E-01	
499	0	6.024606E-01	4.108576E-01	
500	0	0	0	
501	0	3.922671E-01	4.036390E-01	
502	0	0	0	
503	0	5.331180E-01	4.193264E-01	
504	0	0	0	
505	0	3.963857E-01	4.542618E-01	
506	0	1.996138E-01	6.194340E-01	
507	0	0	0	
508	0	6.673579E-01	4.792289E-01	
509	0	0	0	
510	0	0	5.363877E-01	
511	0	0	0	
512	0	0	5.769952E-01	
513	0	0	0	
514	0	0	0	
515	0	0	6.478727E-01	
516	0	0	0	
517	0	0	7.362128E-01	
518	0	0	0	
519	0	0	7.702892E-01	
520	0	0	0	
521	0	0	0	
522	0	0	0	
523	0	0	0	
524	0	0	0	
525	0	0	0	
526	0	0	0	
527	0	0	0	
528	0	0	0	
529	0	0	0	
530	0	0	0	
531	0	0	0	
532	0	0	0	
533	0	0	0	
534	0	0	0	
535	0	0	0	
536	0	0	0	
537	0	0	0	
538	0	0	0	
539	0	0	0	
540	0	0	0	
541	0	0	0	
542	0	0	0	
543	0	0	0	
544	0	0	0	
545	0	0	0	
546	0	0	0	
547	0	0	0	
548	0	0	0	
549	0	0	0	
550	0	0	0	
551	0	0	0	
552	0	0	0	
553	0	0	0	
554	0	0	0	
555	0	0	0	
556	0	0	0	
557	0	0	0	
558	0	0	0	
559	0	0	0	
560	0	0	0	
561	0	0	0	
562	0	0	0	
563	0	0	0	
564	0	0	0	
565	0	0	0	
566	0	0	0	
567	0	0	0	
568	0	0	0	
569	0	0	0	
570	0	0	0	
571	0	0	0	
572	0	0	0	
573	0	0	0	
574	0	0	0	
575	0	0	0	
576	0	0	0	
577	0	0	0	
578	0	0	0	
579	0	0	0	
580	0	0	0	
581	0	0	0	
582	0	0	0	
583	0	0	0	
584	0	0	0	
585	0	0	0	
586	0	0	0	
587	0	0	0	
588	0	0	0	
589	0	0	0	
590	0	0	0	
591	0	0	0	
592	0	0	0	
593	0	0	0	
594	0	0	0	
595	0	0	0	
596	0	0	0	
597	0	0	0	
598	0	0	0	
599	0	0	0	
#NewRun
0	0	0	0	
1	0	0	0	
2	0	0	0	
3	0	0	0	
4	3.464559E-01	3.225672E-01	3.268625E-01	
5	3.508943E-01	3.362909E-01	3.144097E-01	
6	3.499324E-01	3.421519E-01	3.301267E-01	
7	0	0	0	
8	3.286725E-01	3.290363E-01	3.358542E-01	
9	3.348802E-01	3.332552E-01	3.129871E-01	
10	0	0	0	
11	3.335972E-01	3.200112E-01	3.800632E-01	
12	3.328765E-01	3.271551E-01	3.750379E-01	
13	3.329493E-01	3.237673E-01	4.026192E-01	
14	3.370981E-01	3.293080E-01	3.563917E-01	
15	0	0	0	
16	3.367598E-01	3.305803E-01	2.946012E-01	
17	3.346974E-01	3.343324E-01	3.386717E-01	
18	3.364503E-01	3.300925E-01	3.424829E-01	
19	3.422510E-01	3.274023E-01	2.474452E-01	
20	3.335806E-01	3.307597E-01	2.892231E-01	
21	3.367038E-01	3.315173E-01	3.577764E-01	
22	3.369380E-01	3.342645E-01	3.104121E-01	
23	3.363488E-01	3.342187E-01	3.918062E-01	
24	3.333338E-01	3.350102E-01	3.278190E-01	
25	3.350121E-01	3.322874E-01	3.445464E-01	
26	3.365301E-01	3.307034E-01	3.438549E-01	
27	3.342106E-01	3.217984E-01	4.148733E-01	
28	3.353725E-01	3.312664E-01	3.984001E-01	
29	3.321447E-01	3.321369E-01	3.800955E-01	
30	3.348499E-01	3.321666E-01	4.014266E-01	
31	3.334844E-01	3.308529E-01	3.578913E-01	
32	3.342736E-01	3.324249E-01	3.429427E-01	
33	3.306712E-01	3.298052E-01	4.087486E-01	
34	3.304941E-01	3.278904E-01	3.884980E-01	
35	3.324658E-01	3.305174E-01	3.805994E-01	
36	3.292559E-01	3.281362E-01	3.854255E-01	
37	3.303198E-01	3.265485E-01	3.627928E-01	
38	3.322784E-01	3.273989E-01	4.249152E-01	
39	3.287184E-01	3.248210E-01	3.613350E-01	
40	3.286125E-01	3.248845E-01	3.789367E-01	
41	3.293421E-01	3.215390E-01	4.031934E-01	
42	3.272743E-01	3.246359E-01	3.801552E-01	
43	3.308112E-01	3.242788E-01	3.977308E-01	
44	3.256943E-01	3.216094E-01	3.582150E-01	
45	3.260174E-01	3.210359E-01	3.733623E-01	
46	3.257012E-01	3.224105E-01	3.773164E-01	
47	3.239304E-01	3.243944E-01	3.630371E-01	
48	3.239284E-01	3.214155E-01	3.533134E-01	
49	3.217028E-01	3.235915E-01	3.766810E-01	
50	3.205446E-01	3.208871E-01	3.667744E-01	
51	3.229717E-01	3.230116E-01	3.662239E-01	
52	3.195070E-01	3.220154E-01	3.485608E-01	
53	3.200782E-01	3.185623E-01	3.446046E-01	
54	3.180710E-01	3.183241E-01	3.347166E-01	
55	3.188351E-01	3.193517E-01	3.510006E-01	
56	3.178294E-01	3.190142E-01	3.327807E-01	
57	3.151373E-01	3.171252E-01	3.355999E-01	
58	3.173078E-01	3.175259E-01	3.329056E-01	
59	3.150888E-01	3.144784E-01	3.398348E-01	
60	3.140387E-01	3.163802E-01	3.228989E-01	
61	3.146909E-01	3.145368E-01	3.385497E-01	
62	3.134206E-01	3.141162E-01	3.281772E-01	
63	3.125687E-01	3.127237E-01	3.276128E-01	
64	3.101901E-01	3.128482E-01	3.192690E-01	
65	3.111331E-01	3.119077E-01	3.194360E-01	
66	3.089888E-01	3.125158E-01	3.199688E-01	
67	3.076948E-01	3.102985E-01	3.245586E-01	
68	3.085448E-01	3.108899E-01	3.183481E-01	
69	3.073662E-01	3.112305E-01	3.216275E-01	
70	3.046660E-01	3.091938E-01	3.177417E-01	
71	3.058910E-01	3.081088E-01	3.179878E-01	
72	3.044680E-01	3.080829E-01	3.101586E-01	
73	3.043332E-01	3.073998E-01	3.071303E-01	
74	3.036757E-01	3.074659E-01	3.106054E-01	
75	3.022516E-01	3.055002E-01	3.100971E-01	
76	3.029874E-01	3.056884E-01	2.976358E-01	
77	3.007192E-01	3.051486E-01	3.050672E-01	
78	3.020601E-01	3.043905E-01	3.000147E-01	
79	3.002669E-01	3.048630E-01	2.966311E-01	
80	3.022916E-01	3.034184E-01	2.900584E-01	
81	2.996841E-01	3.042407E-01	2.881056E-01	
82	3.006104E-01	3.042183E-01	2.882480E-01	
83	2.997981E-01	3.034639E-01	2.834600E-01	
84	3.004909E-01	3.034975E-01	2.832774E-01	
85	3.012566E-01	3.033391E-01	2.809653E-01	
86	3.004833E-01	3.035409E-01	2.815443E-01	
87	3.015371E-01	3.033879E-01	2.803914E-01	
88	3.014176E-01	3.048256E-01	2.748459E-01	
89	3.015645E-01	3.046144E-01	2.765805E-01	
90	3.013025E-01	3.039625E-01	2.692851E-01	
91	3.000637E-01	3.041672E-01	2.711966E-01	
92	3.026991E-01	3.053789E-01	2.714016E-01	
93	3.028744E-01	3.058464E-01	2.695558E-01	
94	3.033795E-01	3.075236E-01	2.661078E-01	
95	3.043622E-01	3.088010E-01	2.606128E-01	
96	3.045871E-01	3.091872E-01	2.609434E-01	
97	3.066898E-01	3.112214E-01	2.577638E-01	
98	3.074536E-01	3.109106E-01	2.570646E-01	
99	3.069347E-01	3.128732E-01	2.579657E-01	
100	3.092027E-01	3.140649E-01	2.547289E-01	
101	3.106644E-01	3.155138E-01	2.523365E-01	
102	3.122063E-01	3.170270E-01	2.557100E-01	
103	3.138987E-01	3.197267E-01	2.530676E-01	
104	3.153052E-01	3.216115E-01	2.512302E-01	
105	3.177573E-01	3.237614E-01	2.528135E-01	
106	3.191138E-01	3.259203E-01	2.539763E-01	
107	3.204547E-01	3.289704E-01	2.530394E-01	
108	3.228751E-01	3.299120E-01	2.523911E-01	
109	3.266437E-01	3.327405E-01	2.536279E-01	
110	3.280524E-01	3.374559E-01	2.509358E-01	
111	3.301017E-01	3.385246E-01	2.547761E-01	
112	3.325836E-01	3.424760E-01	2.541716E-01	
113	3.351435E-01	3.460534E-01	2.564097E-01	
114	3.381431E-01	3.488557E-01	2.566914E-01	
115	3.403773E-01	3.520023E-01	2.563021E-01	
116	3.441477E-01	3.559487E-01	2.588400E-01	
117	3.471407E-01	3.589904E-01	2.562575E-01	
118	3.519409E-01	3.626074E-01	2.597979E-01	
119	3.546577E-01	3.661473E-01	2.614166E-01	
120	3.590709E-01	3.706818E-01	2.598219E-01	
121	3.629735E-01	3.744453E-01	2.623685E-01	
122	3.678442E-01	3.786470E-01	2.629569E-01	
123	3.706561E-01	3.809927E-01	2.656062E-01	
124	3.755741E-01	3.853724E-01	2.631696E-01	
125	3.801388E-01	3.881764E-01	2.682029E-01	
126	3.842796E-01	3.937232E-01	2.685484E-01	
127	3.901900E-01	3.985059E-01	2.707587E-01	
128	3.930703E-01	4.013788E-01	2.724328E-01	
129	3.981365E-01	4.068782E-01	2.730942E-01	
130	4.019777E-01	4.101294E-01	2.769873E-01	
131	4.062473E-01	4.140788E-01	2.781243E-01	
132	4.119124E-01	4.183529E-01	2.783783E-01	
133	4.157853E-01	4.241909E-01	2.825471E-01	
134	4.223089E-01	4.301544E-01	2.837546E-01	
135	4.259707E-01	4.347596E-01	2.876981E-01	
136	4.330472E-01	4.391038E-01	2.865496E-01	
137	4.359779E-01	4.414520E-01	2.892720E-01	
138	4.409446E-01	4.466416E-01	2.916130E-01	
139	4.480860E-01	4.522350E-01	2.935210E-01	
140	4.498980E-01	4.562882E-01	2.969049E-01	
141	4.582482E-01	4.594338E-01	2.988586E-01	
142	4.620728E-01	4.653162E-01	3.015626E-01	
143	4.650358E-01	4.730392E-01	3.049395E-01	
144	4.709244E-01	4.743312E-01	3.073267E-01	
145	4.777307E-01	4.811662E-01	3.097444E-01	
146	4.842817E-01	4.837270E-01	3.124735E-01	
147	4.897224E-01	4.866660E-01	3.154250E-01	
148	4.929254E-01	4.942843E-01	3.170535E-01	
149	5.012877E-01	4.989287E-01	3.225336E-01	
150	5.069428E-01	5.042120E-01	3.252619E-01	
151	5.115441E-01	5.088849E-01	3.268278E-01	
152	5.193613E-01	5.140539E-01	3.305047E-01	
153	5.196998E-01	5.214140E-01	3.353414E-01	
154	5.292126E-01	5.227016E-01	3.347895E-01	
155	5.356570E-01	5.273785E-01	3.389266E-01	
156	5.375828E-01	5.352115E-01	3.442473E-01	
157	5.433320E-01	5.418556E-01	3.443655E-01	
158	5.527295E-01	5.432930E-01	3.502457E-01	
159	5.590360E-01	5.537695E-01	3.489030E-01	
160	5.592399E-01	5.571710E-01	3.535394E-01	
161	5.685206E-01	5.616525E-01	3.559028E-01	
162	5.674566E-01	5.716025E-01	3.596954E-01	
163	5.751857E-01	5.704502E-01	3.614520E-01	
164	5.828072E-01	5.835932E-01	3.629545E-01	
165	5.848296E-01	5.862177E-01	3.635910E-01	
166	5.938439E-01	5.869514E-01	3.653847E-01	
167	5.990720E-01	5.993333E-01	3.671602E-01	
168	5.982529E-01	6.019333E-01	3.710927E-01	
169	6.137166E-01	6.099718E-01	3.730414E-01	
170	6.085075E-01	6.129463E-01	3.738972E-01	
171	6.193931E-01	6.176153E-01	3.768339E-01	
172	6.181927E-01	6.190398E-01	3.811984E-01	
173	6.231642E-01	6.270768E-01	3.796140E-01	
174	6.261287E-01	6.289902E-01	3.835666E-01	
175	6.368276E-01	6.303439E-01	3.851880E-01	
176	6.318560E-01	6.364106E-01	3.843172E-01	
177	6.407952E-01	6.349814E-01	3.851968E-01	
178	6.395563E-01	6.339165E-01	3.849393E-01	
179	6.510626E-01	6.463734E-01	3.861179E-01	
180	6.461331E-01	6.540376E-01	3.874424E-01	
181	6.543480E-01	6.431584E-01	3.874165E-01	
182	6.573148E-01	6.456550E-01	3.855286E-01	
183	6.542951E-01	6.484200E-01	3.938250E-01	
184	6.705045E-01	6.575462E-01	3.875863E-01	
185	6.635602E-01	6.496474E-01	3.891167E-01	
186	6.717297E-01	6.487616E-01	3.908688E-01	
187	6.650917E-01	6.481223E-01	3.892308E-01	
188	6.683255E-01	6.436838E-01	3.894710E-01	
189	6.705923E-01	6.541534E-01	3.888820E-01	
190	6.706512E-01	6.347514E-01	3.859740E-01	
191	6.802079E-01	6.446953E-01	3.891579E-01	
192	6.793767E-01	6.425146E-01	3.876401E-01	
193	6.753057E-01	6.151719E-01	3.826198E-01	
194	6.854785E-01	6.181844E-01	3.819949E-01	
195	6.796294E-01	6.112156E-01	3.814975E-01	
196	6.850664E-01	6.210011E-01	3.805781E-01	
197	6.845411E-01	5.936737E-01	3.787979E-01	
198	7.030532E-01	5.970296E-01	3.776652E-01	
199	6.936885E-01	5.943259E-01	3.758752E-01	
200	6.972537E-01	5.921698E-01	3.737227E-01	
201	6.865908E-01	5.867894E-01	3.733619E-01	
202	7.146964E-01	5.698961E-01	3.727760E-01	
203	7.065756E-01	5.779225E-01	3.723778E-01	
204	6.777358E-01	5.720087E-01	3.715561E-01	
205	6.801673E-01	5.765405E-01	3.717995E-01	
206	7.053554E-01	5.722014E-01	3.697944E-01	
207	6.896653E-01	5.643792E-01	3.706173E-01	
208	6.386145E-01	5.729504E-01	3.704658E-01	
209	6.626080E-01	5.801750E-01	3.681412E-01	
210	6.773981E-01	5.489735E-01	3.700590E-01	
211	6.688142E-01	5.512804E-01	3.697335E-01	
212	6.464338E-01	5.303631E-01	3.650322E-01	
213	6.609835E-01	5.462623E-01	3.632698E-01	
214	6.734065E-01	5.437787E-01	3.637445E-01	
215	6.623734E-01	5.025413E-01	3.636054E-01	
216	6.449462E-01	5.229738E-01	3.615815E-01	
217	7.013264E-01	5.282892E-01	3.577776E-01	
218	6.594708E-01	5.060858E-01	3.586398E-01	
219	6.674720E-01	5.416747E-01	3.573799E-01	
220	6.483132E-01	4.989541E-01	3.562928E-01	
221	6.833378E-01	4.982918E-01	3.516549E-01	
222	6.936056E-01	4.873097E-01	3.523553E-01	
223	6.748282E-01	4.960957E-01	3.517654E-01	
224	6.566879E-01	4.624485E-01	3.478190E-01	
225	6.759677E-01	4.367209E-01	3.461598E-01	
226	7.023584E-01	4.408855E-01	3.473753E-01	
227	6.280463E-01	4.367086E-01	3.456892E-01	
228	6.708114E-01	4.419744E-01	3.447579E-01	
229	6.309448E-01	4.013602E-01	3.463964E-01	
230	6.788530E-01	4.049905E-01	3.443646E-01	
231	6.232135E-01	4.181742E-01	3.460733E-01	
232	6.399501E-01	4.135176E-01	3.442546E-01	
233	6.089612E-01	4.015378E-01	3.440553E-01	
234	6.340396E-01	3.914108E-01	3.416383E-01	
235	6.381129E-01	3.962230E-01	3.411895E-01	
236	6.513561E-01	4.161021E-01	3.415011E-01	
237	5.760047E-01	4.046159E-01	3.383320E-01	
238	5.531903E-01	3.883080E-01	3.390760E-01	
239	5.080981E-01	3.847265E-01	3.379246E-01	
240	5.642771E-01	4.022949E-01	3.358971E-01	
241	4.494578E-01	3.858824E-01	3.331356E-01	
242	5.201157E-01	4.117481E-01	3.323675E-01	
243	4.682110E-01	4.022185E-01	3.329937E-01	
244	5.118840E-01	3.900485E-01	3.315289E-01	
245	4.549088E-01	3.984053E-01	3.292850E-01	
246	4.761245E-01	4.002552E-01	3.319694E-01	
247	4.002705E-01	3.765745E-01	3.322196E-01	
248	4.410913E-01	3.777214E-01	3.278360E-01	
249	4.655968E-01	3.754331E-01	3.291855E-01	
250	4.653568E-01	3.687707E-01	3.291928E-01	
251	4.029730E-01	3.567841E-01	3.267152E-01	
252	3.782230E-01	3.566208E-01	3.272387E-01	
253	3.242645E-01	3.252357E-01	3.240024E-01	
254	3.370247E-01	3.486695E-01	3.254961E-01	
255	3.546045E-01	3.420822E-01	3.232949E-01	
256	3.317075E-01	3.576008E-01	3.234567E-01	
257	2.946340E-01	3.440270E-01	3.222848E-01	
258	3.362163E-01	3.516886E-01	3.220920E-01	
259	3.181024E-01	3.132478E-01	3.205683E-01	
260	3.622786E-01	3.320994E-01	3.190335E-01	
261	3.143152E-01	3.295453E-01	3.205508E-01	
262	3.364751E-01	3.466763E-01	3.172919E-01	
263	3.199578E-01	3.456301E-01	3.199942E-01	
264	2.695507E-01	3.484089E-01	3.186466E-01	
265	2.676310E-01	3.354135E-01	3.146988E-01	
266	2.566783E-01	3.042143E-01	3.186973E-01	
267	2.856151E-01	3.647542E-01	3.140543E-01	
268	3.239599E-01	3.366722E-01	3.131030E-01	
269	2.877130E-01	3.129345E-01	3.143160E-01	
270	2.356267E-01	3.321080E-01	3.122883E-01	
271	2.811449E-01	3.054706E-01	3.117128E-01	
272	2.400369E-01	3.112394E-01	3.080589E-01	
273	2.791580E-01	3.046968E-01	3.057133E-01	
274	2.639241E-01	2.973271E-01	3.066925E-01	
275	2.974457E-01	3.099103E-01	3.072973E-01	
276	2.645328E-01	3.034328E-01	3.044308E-01	
277	2.659888E-01	2.951297E-01	3.016779E-01	
278	2.908393E-01	3.093335E-01	3.013477E-01	
279	2.717435E-01	3.127545E-01	3.043882E-01	
280	2.746088E-01	3.060731E-01	3.002847E-01	
281	2.857614E-01	3.117960E-01	2.988778E-01	
282	2.903636E-01	3.059289E-01	2.991509E-01	
283	2.992797E-01	3.027289E-01	2.953836E-01	
284	2.915672E-01	3.209262E-01	2.963141E-01	
285	2.803315E-01	3.201708E-01	2.975065E-01	
286	3.347966E-01	3.204099E-01	2.928926E-01	
287	3.520206E-01	3.388800E-01	2.940285E-01	
288	3.202483E-01	3.331153E-01	2.942465E-01	
289	3.164019E-01	3.284945E-01	2.917368E-01	
290	2.892634E-01	3.490918E-01	2.901934E-01	
291	3.695639E-01	3.343510E-01	2.931911E-01	
292	3.347992E-01	3.163387E-01	2.908837E-01	
293	3.076302E-01	2.949898E-01	2.894246E-01	
294	3.183797E-01	3.219462E-01	2.912689E-01	
295	2.980725E-01	2.945726E-01	2.877361E-01	
296	2.591059E-01	2.844453E-01	2.879248E-01	
297	3.586095E-01	2.842326E-01	2.888606E-01	
298	3.155178E-01	3.131173E-01	2.914781E-01	
299	2.721068E-01	2.793781E-01	2.872456E-01	
300	3.021252E-01	3.093495E-01	2.921508E-01	
301	2.831143E-01	2.915037E-01	2.879316E-01	
302	3.017716E-01	3.170092E-01	2.889459E-01	
303	3.126074E-01	3.234411E-01	2.905336E-01	
304	3.186926E-01	3.014501E-01	2.885458E-01	
305	3.098587E-01	3.145188E-01	2.911140E-01	
306	3.745116E-01	3.300601E-01	2.883694E-01	
307	3.624310E-01	3.114278E-01	2.901803E-01	
308	3.399264E-01	2.917488E-01	2.909426E-01	
309	3.167981E-01	2.936919E-01	2.899064E-01	
310	3.379913E-01	2.865466E-01	2.896878E-01	
311	3.701453E-01	2.853316E-01	2.887843E-01	
312	3.790599E-01	2.790559E-01	2.909755E-01	
313	3.539904E-01	2.861615E-01	2.913033E-01	
314	3.389326E-01	2.895528E-01	2.931521E-01	
315	3.242439E-01	2.781671E-01	2.887490E-01	
316	3.391623E-01	2.749783E-01	2.885130E-01	
317	2.717833E-01	2.902657E-01	2.881947E-01	
318	3.122549E-01	3.068284E-01	2.884375E-01	
319	3.214993E-01	2.952239E-01	2.902258E-01	
320	3.193291E-01	2.948380E-01	2.859250E-01	
321	3.346083E-01	3.166012E-01	2.887928E-01	
322	3.176268E-01	3.199441E-01	2.861146E-01	
323	3.133580E-01	3.004916E-01	2.877198E-01	
324	3.045344E-01	3.101902E-01	2.860273E-01	
325	3.320921E-01	3.133529E-01	2.895781E-01	
326	3.494522E-01	3.063088E-01	2.873834E-01	
327	3.663490E-01	2.876640E-01	2.862195E-01	
328	3.062600E-01	3.016565E-01	2.888531E-01	
329	3.367563E-01	3.059707E-01	2.875327E-01	
330	3.562735E-01	2.787624E-01	2.866201E-01	
331	3.187036E-01	3.077252E-01	2.890095E-01	
332	3.119174E-01	2.546543E-01	2.874528E-01	
333	3.261123E-01	2.803973E-01	2.896743E-01	
334	2.909531E-01	2.777433E-01	2.872859E-01	
335	2.884960E-01	2.639402E-01	2.896285E-01	
336	2.938953E-01	2.720027E-01	2.880427E-01	
337	2.774142E-01	2.669503E-01	2.886460E-01	
338	2.816268E-01	2.807900E-01	2.899170E-01	
339	2.757320E-01	2.748339E-01	2.896264E-01	
340	2.802321E-01	2.737576E-01	2.886035E-01	
341	2.827552E-01	2.723266E-01	2.869244E-01	
342	2.798165E-01	2.799378E-01	2.900515E-01	
343	3.005692E-01	2.702074E-01	2.879298E-01	
344	2.863199E-01	2.624452E-01	2.906738E-01	
345	2.817655E-01	2.756498E-01	2.857586E-01	
346	2.990691E-01	2.766604E-01	2.862040E-01	
347	2.647326E-01	2.801345E-01	2.884145E-01	
348	3.053420E-01	3.046979E-01	2.861313E-01	
349	3.217555E-01	2.928948E-01	2.871546E-01	
350	2.819104E-01	3.007987E-01	2.860648E-01	
351	3.409501E-01	3.033441E-01	2.840917E-01	
352	2.551332E-01	2.830145E-01	2.848297E-01	
353	3.049935E-01	3.055740E-01	2.839112E-01	
354	2.747034E-01	3.297834E-01	2.836309E-01	
355	2.715437E-01	3.240569E-01	2.854104E-01	
356	3.508569E-01	3.124476E-01	2.837965E-01	
357	3.433367E-01	2.843281E-01	2.837355E-01	
358	3.342324E-01	3.038732E-01	2.863154E-01	
359	3.386887E-01	3.094978E-01	2.820736E-01	
360	3.471710E-01	3.081874E-01	2.842294E-01	
361	2.944301E-01	3.147164E-01	2.840177E-01	
362	3.793563E-01	3.017072E-01	2.825721E-01	
363	3.108673E-01	2.872189E-01	2.820646E-01	
364	3.270765E-01	2.929820E-01	2.822701E-01	
365	3.595718E-01	3.132411E-01	2.814116E-01	
366	3.045309E-01	2.842907E-01	2.831072E-01	
367	3.146385E-01	3.168392E-01	2.821587E-01	
368	3.101399E-01	2.909053E-01	2.822894E-01	
369	3.553337E-01	3.242979E-01	2.818557E-01	
370	3.148374E-01	2.755401E-01	2.812883E-01	
371	3.648843E-01	2.980235E-01	2.824176E-01	
372	3.349140E-01	2.931732E-01	2.827410E-01	
373	3.698134E-01	2.961063E-01	2.828545E-01	
374	4.346382E-01	3.164066E-01	2.794034E-01	
375	3.367303E-01	2.912214E-01	2.816770E-01	
376	3.907634E-01	3.070066E-01	2.816474E-01	
377	3.558098E-01	3.011927E-01	2.806775E-01	
378	3.413829E-01	3.238319E-01	2.809249E-01	
379	3.948888E-01	3.162716E-01	2.785982E-01	
380	3.009038E-01	3.054836E-01	2.789745E-01	
381	2.559403E-01	3.180798E-01	2.850121E-01	
382	3.261913E-01	3.089995E-01	2.785625E-01	
383	3.054236E-01	3.271884E-01	2.809665E-01	
384	2.445560E-01	2.995781E-01	2.825664E-01	
385	2.958609E-01	3.062451E-01	2.766836E-01	
386	2.312429E-01	3.101871E-01	2.803739E-01	
387	2.343504E-01	3.168359E-01	2.760152E-01	
388	3.012950E-01	3.027045E-01	2.798846E-01	
389	2.583983E-01	3.582547E-01	2.778991E-01	
390	2.429896E-01	3.006817E-01	2.772026E-01	
391	2.496217E-01	3.189732E-01	2.781208E-01	
392	2.287997E-01	3.004519E-01	2.738063E-01	
393	2.564849E-01	2.913893E-01	2.761457E-01	
394	2.063765E-01	3.040524E-01	2.766696E-01	
395	2.717083E-01	2.969305E-01	2.784746E-01	
396	3.094554E-01	3.275809E-01	2.782644E-01	
397	2.283432E-01	3.230844E-01	2.792287E-01	
398	2.740698E-01	3.219195E-01	2.796975E-01	
399	2.425560E-01	3.545636E-01	2.810737E-01	
400	2.453970E-01	3.417799E-01	2.799448E-01	
401	2.981404E-01	3.270595E-01	2.813398E-01	
402	2.378177E-01	3.273921E-01	2.824198E-01	
403	2.222094E-01	3.243849E-01	2.816784E-01	
404	2.668753E-01	3.159354E-01	2.834614E-01	
405	2.663779E-01	3.322292E-01	2.781885E-01	
406	2.986331E-01	3.041488E-01	2.822491E-01	
407	2.653938E-01	3.359389E-01	2.853028E-01	
408	2.665145E-01	3.145914E-01	2.828149E-01	
409	2.455064E-01	3.184860E-01	2.816076E-01	
410	2.504888E-01	3.045050E-01	2.838334E-01	
411	2.031512E-01	3.388322E-01	2.861987E-01	
412	2.067586E-01	3.319790E-01	2.803771E-01	
413	2.298534E-01	3.222862E-01	2.846025E-01	
414	2.728261E-01	3.412455E-01	2.811447E-01	
415	2.827241E-01	3.782128E-01	2.915235E-01	
416	1.806906E-01	3.065376E-01	2.886901E-01	
417	2.662874E-01	3.044149E-01	2.830162E-01	
418	2.766512E-01	3.664120E-01	2.935825E-01	
419	2.330255E-01	2.885380E-01	2.894646E-01	
420	3.744645E-01	2.659420E-01	2.893419E-01	
421	3.024717E-01	3.291012E-01	2.915235E-01	
422	2.506421E-01	2.950974E-01	2.934402E-01	
423	3.598506E-01	3.446346E-01	2.929749E-01	
424	3.339865E-01	2.651613E-01	2.905966E-01	
425	3.198385E-01	3.323283E-01	2.918363E-01	
426	3.363323E-01	2.985889E-01	2.927067E-01	
427	3.613983E-01	3.266413E-01	2.901021E-01	
428	3.126059E-01	2.708596E-01	2.937335E-01	
429	3.723062E-01	3.022784E-01	2.942584E-01	
430	3.085900E-01	3.008110E-01	2.930939E-01	
431	4.455779E-01	2.914803E-01	2.932373E-01	
432	3.954425E-01	3.074248E-01	2.972773E-01	
433	4.051697E-01	2.386441E-01	3.019373E-01	
434	3.718794E-01	2.701179E-01	2.963863E-01	
435	2.872811E-01	2.395927E-01	2.959545E-01	
436	3.060508E-01	2.904161E-01	3.003174E-01	
437	3.135881E-01	2.470203E-01	3.050728E-01	
438	3.661585E-01	2.537241E-01	2.995709E-01	
439	3.784119E-01	2.848427E-01	2.970477E-01	
440	3.625619E-01	2.301926E-01	3.017362E-01	
441	4.230120E-01	2.895489E-01	2.997654E-01	
442	4.017972E-01	2.984069E-01	3.023454E-01	
443	5.086194E-01	3.076974E-01	2.918559E-01	
444	3.815499E-01	2.784147E-01	3.072712E-01	
445	4.219819E-01	3.285709E-01	3.060802E-01	
446	6.065915E-01	3.402673E-01	3.041885E-01	
447	4.266602E-01	2.572593E-01	2.973454E-01	
448	5.942327E-01	3.069934E-01	3.001208E-01	
449	3.008144E-01	2.620262E-01	3.045146E-01	
450	3.849182E-01	3.093893E-01	2.934370E-01	
451	3.060932E-01	2.860754E-01	3.031596E-01	
452	4.004605E-01	2.790326E-01	2.961469E-01	
453	3.471231E-01	2.862174E-01	2.927435E-01	
454	2.104138E-01	2.426792E-01	2.938493E-01	
455	7.839777E-02	2.966616E-01	2.944094E-01	
456	2.995650E-01	3.050143E-01	2.991356E-01	
457	2.589576E-03	2.978144E-01	2.877352E-01	
458	2.051458E-01	3.103084E-01	3.003880E-01	
459	1.206603E-01	3.068536E-01	2.927873E-01	
460	3.165457E-02	3.116530E-01	2.952268E-01	
461	2.501236E-01	3.496427E-01	3.027362E-01	
462	1.589719E-02	3.733610E-01	2.912892E-01	
463	1.043141E-01	3.778582E-01	3.139100E-01	
464	8.082043E-03	3.448219E-01	2.973776E-01	
465	2.474001E-01	3.368128E-01	3.050624E-01	
466	1.515772E-01	2.756306E-01	2.960054E-01	
467	2.590649E-01	3.619219E-01	3.065488E-01	
468	4.410017E-01	1.986930E-01	3.151418E-01	
469	2.352197E-01	2.809462E-01	3.037047E-01	
470	3.843658E-01	3.485428E-01	3.287971E-01	
471	4.138640E-01	2.734568E-01	3.103588E-01	
472	2.869459E-01	2.921244E-01	3.333191E-01	
473	9.178247E-02	2.031569E-01	2.967930E-01	
474	3.312372E-01	3.664829E-01	3.238115E-01	
475	3.901180E-03	2.768333E-01	3.172387E-01	
476	2.718246E-01	3.456052E-01	3.158281E-01	
477	6.240699E-03	3.982899E-01	3.683055E-01	
478	4.403387E-02	2.874667E-01	3.043341E-01	
479	3.361517E-01	4.237075E-01	3.578934E-01	
480	7.502318E-02	2.870285E-01	3.005669E-01	
481	2.555881E-01	2.493331E-01	3.585352E-01	
482	3.640534E-02	2.181443E-01	3.184914E-01	
483	3.753046E-01	2.914394E-01	3.512393E-01	
484	1.463330E-01	3.178493E-01	4.086521E-01	
485	5.539156E-01	2.206220E-01	3.234730E-01	
486	1.686724E-01	3.862262E-01	4.161257E-01	
487	0	2.816282E-01	3.121445E-01	
488	0	2.608460E-01	4.127090E-01	
489	6.014362E-01	2.946195E-01	3.126417E-01	
490	4.601689E-01	2.554061E-01	3.818932E-01	
491	0	3.454783E-01	3.421711E-01	
492	6.882845E-01	3.498247E-01	3.534335E-01	
493	0	1.277718E-04	4.625149E-01	
494	7.261127E-01	3.509215E-01	3.796464E-01	
495	0	9.423138E-02	4.495537E-01	
496	8.036980E-01	3.784877E-01	3.920776E-01	
497	8.839914E-01	5.514574E-01	4.030368E-01	
498	0	3.463770E-01	4.246869E-01	
499	8.017248E-01	3.841865E-01	4.356499E-01	
500	0	0	0	
501	8.014903E-01	4.655930E-01	4.475201E-01	
502	0	0	0	
503	8.348679E-01	4.978334E-01	4.613751E-01	
504	0	0	0	
505	8.179207E-01	5.290652E-01	4.988245E-01	
506	0	0	4.688401E-01	
507	0	0	0	
508	8.241433E-01	5.764758E-01	5.422732E-01	
509	0	0	0	
510	0	6.474887E-01	5.688831E-01	
511	0	0	0	
512	0	7.410623E-01	6.049717E-01	
513	0	0	0	
514	0	0	0	
515	0	4.565806E-01	6.522638E-01	
516	0	0	0	
517	0	0	6.161517E-01	
518	0	0	0	
519	0	0	6.357833E-01	
520	0	0	0	
521	0	0	0	
522	0	0	0	
523	0	0	0	
524	0	0	0	
525	0	0	0	
526	0	0	0	
527	0	0	0	
528	0	0	0	
529	0	0	0	
530	0	0	0	
531	0	0	0	
532	0	0	0	
533	0	0	0	
534	0	0	0	
535	0	0	0	
536	0	0	0	
537	0	0	0	
538	0	0	0	
539	0	0	0	
540	0	0	0	
541	0	0	0	
542	0	0	0	
543	0	0	0	
544	0	0	0	
545	0	0	0	
546	0	0	0	
547	0	0	0	
548	0	0	0	
549	0	0	0	
550	0	0	0	
551	0	0	0	
552	0	0	0	
553	0	0	0	
554	0	0	0	
555	0	0	0	
556	0	0	0	
557	0	0	0	
558	0	0	0	
559	0	0	0	
560	0	0	0	
561	0	0	0	
562	0	0	0	
563	0	0	0	
564	0	0	0	
565	0	0	0	
566	0	0	0	
567	0	0	0	
568	0	0	0	
569	0	0	0	
570	0	0	0	
571	0	0	0	
572	0	0	0	
573	0	0	0	
574	0	0	0	
575	0	0	0	
576	0	0	0	
577	0	0	0	
578	0	0	0	
579	0	0	0	
580	0	0	0	
581	0	0	0	
582	0	0	0	
583	0	0	0	
584	0	0	0	
585	0	0	0	
586	0	0	0	
587	0	0	0	
588	0	0	0	
589	0	0	0	
590	0	0	0	
591	0	0	0	
592	0	0	0	
593	0	0	0	
594	0	0	0	
595	0	0	0	
596	0	0	0	
597	0	0	0	
598	0	0	0	
599	0	0	0	
#NewRun
0	0	0	0	
1	0	0	0	
2	0	0	0	
3	0	0	0	
4	3.296183E-01	3.239840E-01	3.448147E-01	
5	3.300895E-01	3.345649E-01	3.001163E-01	
6	3.474563E-01	3.409329E-01	2.979448E-01	
7	0	0	0	
8	3.318303E-01	3.400286E-01	4.161902E-01	
9	3.328136E-01	3.300300E-01	4.326278E-01	
10	0	0	0	
11	3.370651E-01	3.347973E-01	4.412766E-01	
12	3.343769E-01	3.293880E-01	3.996848E-01	
13	3.306736E-01	3.353645E-01	3.191993E-01	
14	3.350616E-01	3.319747E-01	3.413798E-01	
15	0	0	0	
16	3.332219E-01	3.260672E-01	3.726439E-01	
17	3.353210E-01	3.282939E-01	3.481402E-01	
18	3.340087E-01	3.324713E-01	3.710002E-01	
19	3.337680E-01	3.342734E-01	4.393698E-01	
20	3.358127E-01	3.291284E-01	3.609922E-01	
21	3.352161E-01	3.323312E-01	3.717521E-01	
22	3.350847E-01	3.294868E-01	3.464999E-01	
23	3.380231E-01	3.270972E-01	3.819686E-01	
24	3.333118E-01	3.299368E-01	3.774655E-01	
25	3.338563E-01	3.290327E-01	3.829719E-01	
26	3.345099E-01	3.282163E-01	3.932215E-01	
27	3.364363E-01	3.284077E-01	3.548802E-01	
28	3.351521E-01	3.296277E-01	3.768486E-01	
29	3.314765E-01	3.272123E-01	3.716918E-01	
30	3.307402E-01	3.282025E-01	3.836656E-01	
31	3.342790E-01	3.314086E-01	3.911466E-01	
32	3.302742E-01	3.276344E-01	3.773435E-01	
33	3.310042E-01	3.250821E-01	3.697601E-01	
34	3.297929E-01	3.281117E-01	3.958144E-01	
35	3.312222E-01	3.268140E-01	3.628784E-01	
36	3.319841E-01	3.228241E-01	3.795885E-01	
37	3.280291E-01	3.241434E-01	3.671763E-01	
38	3.288875E-01	3.256981E-01	4.167203E-01	
39	3.283038E-01	3.239763E-01	3.365593E-01	
40	3.269036E-01	3.238911E-01	3.582256E-01	
41	3.287872E-01	3.219620E-01	3.896425E-01	
42	3.270590E-01	3.236860E-01	3.543625E-01	
43	3.285765E-01	3.238335E-01	3.882615E-01	
44	3.284001E-01	3.206753E-01	3.580200E-01	
45	3.280005E-01	3.227161E-01	3.691475E-01	
46	3.269466E-01	3.224616E-01	3.433519E-01	
47	3.246362E-01	3.217770E-01	3.618239E-01	
48	3.246719E-01	3.228756E-01	3.489362E-01	
49	3.263159E-01	3.186770E-01	3.440927E-01	
50	3.243477E-01	3.200796E-01	3.640126E-01	
51	3.249156E-01	3.244088E-01	3.267922E-01	
52	3.246086E-01	3.214531E-01	3.523078E-01	
53	3.230984E-01	3.218576E-01	3.376715E-01	
54	3.224853E-01	3.207596E-01	3.421286E-01	
55	3.218382E-01	3.182028E-01	3.461681E-01	
56	3.204892E-01	3.195238E-01	3.403827E-01	
57	3.201445E-01	3.182650E-01	3.420736E-01	
58	3.186033E-01	3.153621E-01	3.470193E-01	
59	3.179976E-01	3.169125E-01	3.465746E-01	
60	3.173369E-01	3.157281E-01	3.410451E-01	
61	3.146740E-01	3.145049E-01	3.341771E-01	
62	3.136053E-01	3.126705E-01	3.265676E-01	
63	3.116749E-01	3.135467E-01	3.340884E-01	
64	3.112967E-01	3.132459E-01	3.241134E-01	
65	3.083234E-01	3.122056E-01	3.183838E-01	
66	3.076629E-01	3.111833E-01	3.221134E-01	
67	3.069876E-01	3.093208E-01	3.139752E-01	
68	3.061866E-01	3.107038E-01	3.243510E-01	
69	3.070293E-01	3.080722E-01	3.147369E-01	
70	3.053529E-01	3.094891E-01	3.189522E-01	
71	3.035459E-01	3.077966E-01	3.153353E-01	
72	3.045936E-01	3.067353E-01	3.117595E-01	
73	3.028356E-01	3.061073E-01	3.161128E-01	
74	3.028738E-01	3.065756E-01	3.117003E-01	
75	3.027728E-01	3.042990E-01	3.125750E-01	
76	3.020052E-01	3.029833E-01	3.130955E-01	
77	3.012785E-01	3.022966E-01	3.012833E-01	
78	3.007051E-01	3.017392E-01	3.117372E-01	
79	3.004461E-01	3.031348E-01	3.103887E-01	
80	3.002605E-01	2.998059E-01	3.072004E-01	
81	2.993139E-01	2.998162E-01	3.058051E-01	
82	2.984329E-01	2.999491E-01	3.083655E-01	
83	3.001230E-01	3.003607E-01	3.014551E-01	
84	2.981018E-01	2.996945E-01	3.006060E-01	
85	2.973193E-01	3.000359E-01	2.993667E-01	
86	2.969763E-01	3.004177E-01	2.944726E-01	
87	2.967109E-01	2.999059E-01	2.883292E-01	
88	2.973491E-01	3.014107E-01	2.914057E-01	
89	2.973726E-01	3.003325E-01	2.846269E-01	
90	2.979650E-01	3.001464E-01	2.842924E-01	
91	2.978329E-01	3.020055E-01	2.781285E-01	
92	2.979995E-01	3.036396E-01	2.801125E-01	
93	2.989502E-01	3.030358E-01	2.769716E-01	
94	2.997578E-01	3.050063E-01	2.755307E-01	
95	2.997004E-01	3.052002E-01	2.749993E-01	
96	3.029610E-01	3.069817E-01	2.731330E-01	
97	3.028205E-01	3.102046E-01	2.707183E-01	
98	3.040188E-01	3.087068E-01	2.635931E-01	
99	3.063604E-01	3.126787E-01	2.688182E-01	
100	3.077383E-01	3.127695E-01	2.656698E-01	
101	3.087793E-01	3.138800E-01	2.637168E-01	
102	3.100110E-01	3.170631E-01	2.616599E-01	
103	3.117011E-01	3.184723E-01	2.566235E-01	
104	3.151682E-01	3.217709E-01	2.596214E-01	
105	3.161305E-01	3.232884E-01	2.554132E-01	
106	3.181812E-01	3.251764E-01	2.576539E-01	
107	3.198281E-01	3.281050E-01	2.584806E-01	
108	3.241065E-01	3.305317E-01	2.564783E-01	
109	3.243835E-01	3.332213E-01	2.548026E-01	
110	3.283829E-01	3.369791E-01	2.560538E-01	
111	3.322579E-01	3.396974E-01	2.549859E-01	
112	3.343008E-01	3.432385E-01	2.543604E-01	
113	3.385439E-01	3.475345E-01	2.542720E-01	
114	3.406557E-01	3.499119E-01	2.554560E-01	
115	3.451670E-01	3.542003E-01	2.585051E-01	
116	3.473726E-01	3.572556E-01	2.561865E-01	
117	3.523298E-01	3.622333E-01	2.554295E-01	
118	3.552922E-01	3.653721E-01	2.571022E-01	
119	3.586694E-01	3.679298E-01	2.596695E-01	
120	3.628805E-01	3.731748E-01	2.608933E-01	
121	3.673132E-01	3.790424E-01	2.625341E-01	
122	3.726176E-01	3.811712E-01	2.628683E-01	
123	3.750345E-01	3.835495E-01	2.646664E-01	
124	3.810956E-01	3.894299E-01	2.652180E-01	
125	3.852121E-01	3.929540E-01	2.678414E-01	
126	3.904052E-01	3.949696E-01	2.700231E-01	
127	3.932329E-01	4.045667E-01	2.704176E-01	
128	3.996306E-01	4.075684E-01	2.746752E-01	
129	4.040553E-01	4.120637E-01	2.752585E-01	
130	4.078638E-01	4.157099E-01	2.759274E-01	
131	4.123311E-01	4.194386E-01	2.789180E-01	
132	4.185161E-01	4.236551E-01	2.821703E-01	
133	4.226730E-01	4.306998E-01	2.818725E-01	
134	4.276451E-01	4.332514E-01	2.854320E-01	
135	4.333727E-01	4.381667E-01	2.862389E-01	
136	4.368308E-01	4.458677E-01	2.880781E-01	
137	4.411531E-01	4.458529E-01	2.904677E-01	
138	4.478804E-01	4.550512E-01	2.936288E-01	
139	4.512040E-01	4.575668E-01	2.974185E-01	
140	4.562338E-01	4.647992E-01	2.990509E-01	
141	4.609120E-01	4.700647E-01	3.010213E-01	
142	4.653846E-01	4.748601E-01	3.032175E-01	
143	4.713498E-01	4.818837E-01	3.082815E-01	
144	4.770968E-01	4.864766E-01	3.091384E-01	
145	4.804815E-01	4.924481E-01	3.129411E-01	
146	4.842516E-01	4.967469E-01	3.162255E-01	
147	4.915314E-01	5.023497E-01	3.187520E-01	
148	4.958845E-01	5.092307E-01	3.233612E-01	
149	5.022300E-01	5.137313E-01	3.246545E-01	
150	5.055097E-01	5.182426E-01	3.286482E-01	
151	5.117548E-01	5.246357E-01	3.324275E-01	
152	5.174569E-01	5.309801E-01	3.332793E-01	
153	5.222448E-01	5.327334E-01	3.353535E-01	
154	5.305678E-01	5.412277E-01	3.424296E-01	
155	5.339214E-01	5.470207E-01	3.434205E-01	
156	5.345103E-01	5.504304E-01	3.479809E-01	
157	5.442812E-01	5.556233E-01	3.486547E-01	
158	5.522133E-01	5.612499E-01	3.513037E-01	
159	5.595395E-01	5.656801E-01	3.574214E-01	
160	5.668889E-01	5.729985E-01	3.600986E-01	
161	5.638797E-01	5.748890E-01	3.595910E-01	
162	5.805807E-01	5.837260E-01	3.630085E-01	
163	5.846768E-01	5.878774E-01	3.698677E-01	
164	5.879667E-01	5.918229E-01	3.700483E-01	
165	5.982562E-01	5.975618E-01	3.688162E-01	
166	6.021101E-01	6.000847E-01	3.708881E-01	
167	6.090039E-01	6.129112E-01	3.743225E-01	
168	6.152966E-01	6.151280E-01	3.745135E-01	
169	6.189229E-01	6.255970E-01	3.770641E-01	
170	6.256146E-01	6.262347E-01	3.797247E-01	
171	6.296054E-01	6.298471E-01	3.787451E-01	
172	6.362423E-01	6.340296E-01	3.810737E-01	
173	6.367895E-01	6.355429E-01	3.823361E-01	
174	6.396698E-01	6.435193E-01	3.834774E-01	
175	6.501504E-01	6.535557E-01	3.839687E-01	
176	6.540499E-01	6.550898E-01	3.833940E-01	
177	6.569685E-01	6.568829E-01	3.858468E-01	
178	6.656079E-01	6.545793E-01	3.864407E-01	
179	6.641640E-01	6.542269E-01	3.847531E-01	
180	6.679677E-01	6.565560E-01	3.863228E-01	
181	6.730948E-01	6.627485E-01	3.861802E-01	
182	6.865949E-01	6.623439E-01	3.854171E-01	
183	6.825736E-01	6.604582E-01	3.861974E-01	
184	6.819482E-01	6.647796E-01	3.871601E-01	
185	6.906618E-01	6.571216E-01	3.859403E-01	
186	6.848942E-01	6.644727E-01	3.853488E-01	
187	7.139850E-01	6.516213E-01	3.875196E-01	
188	7.135306E-01	6.581810E-01	3.835169E-01	
189	7.184594E-01	6.549839E-01	3.844514E-01	
190	7.269391E-01	6.513761E-01	3.834605E-01	
191	7.300200E-01	6.741072E-01	3.829666E-01	
192	7.343656E-01	6.696767E-01	3.786405E-01	
193	7.331916E-01	6.625211E-01	3.827649E-01	
194	7.373187E-01	6.631936E-01	3.827027E-01	
195	7.340951E-01	6.687740E-01	3.846928E-01	
196	7.367086E-01	6.618229E-01	3.811856E-01	
197	7.400976E-01	6.627820E-01	3.815436E-01	
198	7.409196E-01	6.497779E-01	3.814071E-01	
199	7.383774E-01	6.623848E-01	3.827426E-01	
200	7.467331E-01	6.554962E-01	3.821185E-01	
201	7.442354E-01	6.417896E-01	3.809623E-01	
202	7.452855E-01	6.480306E-01	3.828965E-01	
203	7.389631E-01	6.416237E-01	3.779920E-01	
204	7.567617E-01	6.198600E-01	3.775225E-01	
205	7.436809E-01	6.121426E-01	3.761429E-01	
206	7.609839E-01	6.349688E-01	3.731362E-01	
207	7.576722E-01	6.077704E-01	3.757598E-01	
208	7.463251E-01	6.104386E-01	3.719924E-01	
209	7.829666E-01	6.102567E-01	3.710133E-01	
210	7.668518E-01	5.982249E-01	3.717360E-01	
211	7.655565E-01	6.005527E-01	3.673423E-01	
212	7.748361E-01	5.975615E-01	3.659624E-01	
213	7.810731E-01	5.765057E-01	3.674867E-01	
214	7.635978E-01	5.969591E-01	3.645982E-01	
215	7.561986E-01	5.730850E-01	3.664808E-01	
216	7.805107E-01	5.593151E-01	3.614140E-01	
217	7.817857E-01	5.272853E-01	3.664559E-01	
218	7.617533E-01	5.304249E-01	3.618730E-01	
219	7.528052E-01	5.201116E-01	3.623737E-01	
220	7.800401E-01	5.179968E-01	3.589044E-01	
221	7.490044E-01	5.119370E-01	3.594511E-01	
222	7.560652E-01	4.599411E-01	3.602053E-01	
223	7.579461E-01	5.005937E-01	3.585084E-01	
224	7.934971E-01	4.406493E-01	3.570613E-01	
225	7.478250E-01	4.505666E-01	3.531187E-01	
226	7.800122E-01	4.722434E-01	3.509223E-01	
227	7.335225E-01	4.552806E-01	3.538979E-01	
228	7.337565E-01	4.565909E-01	3.511067E-01	
229	7.922008E-01	4.607625E-01	3.504822E-01	
230	7.849200E-01	4.285364E-01	3.504441E-01	
231	7.568620E-01	4.243961E-01	3.491399E-01	
232	7.946510E-01	4.445955E-01	3.482236E-01	
233	7.536463E-01	4.383588E-01	3.497751E-01	
234	7.987296E-01	3.939084E-01	3.436725E-01	
235	7.404531E-01	4.124447E-01	3.453735E-01	
236	7.823362E-01	3.933505E-01	3.468839E-01	
237	7.880709E-01	4.130408E-01	3.411784E-01	
238	7.369816E-01	4.074272E-01	3.447888E-01	
239	7.885148E-01	3.994044E-01	3.421918E-01	
240	7.782263E-01	3.884892E-01	3.426567E-01	
241	7.553274E-01	3.943541E-01	3.396593E-01	
242	8.419925E-01	3.753424E-01	3.391990E-01	
243	7.654856E-01	3.857420E-01	3.406172E-01	
244	7.874782E-01	3.417452E-01	3.374163E-01	
245	6.823304E-01	3.690632E-01	3.397219E-01	
246	6.525865E-01	3.841580E-01	3.333634E-01	
247	6.594870E-01	3.648254E-01	3.374092E-01	
248	6.067368E-01	3.722955E-01	3.338489E-01	
249	7.196468E-01	3.696068E-01	3.333389E-01	
250	5.887723E-01	3.691350E-01	3.330942E-01	
251	6.103963E-01	3.249766E-01	3.318431E-01	
252	5.825309E-01	3.552062E-01	3.278461E-01	
253	6.518210E-01	3.593855E-01	3.299897E-01	
254	6.904971E-01	3.491908E-01	3.299375E-01	
255	4.614503E-01	3.514656E-01	3.251282E-01	
256	5.626821E-01	3.641439E-01	3.240975E-01	
257	4.023184E-01	3.418415E-01	3.242444E-01	
258	4.640340E-01	3.298704E-01	3.230257E-01	
259	4.648986E-01	3.205784E-01	3.209147E-01	
260	4.350257E-01	3.343462E-01	3.209448E-01	
261	4.386447E-01	3.323938E-01	3.193238E-01	
262	4.602596E-01	3.180505E-01	3.155062E-01	
263	5.174587E-01	2.978427E-01	3.173495E-01	
264	4.878162E-01	3.334227E-01	3.140803E-01	
265	5.190778E-01	3.221065E-01	3.144813E-01	
266	4.419660E-01	3.400420E-01	3.153668E-01	
267	4.384770E-01	3.164186E-01	3.126668E-01	
268	3.797691E-01	3.421662E-01	3.114197E-01	
269	3.086762E-01	3.319459E-01	3.080642E-01	
270	4.259611E-01	3.150033E-01	3.099141E-01	
271	1.790329E-01	3.496565E-01	3.106100E-01	
272	3.472357E-01	3.448505E-01	3.039476E-01	
273	2.783318E-01	3.493224E-01	3.058529E-01	
274	3.524831E-01	3.337214E-01	3.073578E-01	
275	2.605990E-01	3.204719E-01	3.058006E-01	
276	3.698502E-01	3.232657E-01	3.027243E-01	
277	3.319387E-01	3.245311E-01	3.029126E-01	
278	3.640492E-01	3.280538E-01	3.014339E-01	
279	3.731745E-01	3.336724E-01	3.026494E-01	
280	3.335827E-01	3.184309E-01	3.016114E-01	
281	2.141084E-01	3.057300E-01	2.972797E-01	
282	3.717379E-01	3.233414E-01	2.991378E-01	
283	4.088508E-01	3.154624E-01	2.985938E-01	
284	2.758425E-01	2.907135E-01	2.966883E-01	
285	2.805141E-01	2.921193E-01	2.956530E-01	
286	2.476213E-01	3.120747E-01	2.953903E-01	
287	3.924586E-01	2.904594E-01	2.964340E-01	
288	3.250064E-01	2.882553E-01	2.918514E-01	
289	3.545299E-01	2.764293E-01	2.938012E-01	
290	3.292210E-01	3.005105E-01	2.933280E-01	
291	3.586123E-01	2.894214E-01	2.923862E-01	
292	3.129444E-01	2.908523E-01	2.905149E-01	
293	3.083084E-01	2.893415E-01	2.907885E-01	
294	3.665015E-01	2.783365E-01	2.920902E-01	
295	3.237483E-01	2.865827E-01	2.919702E-01	
296	3.124253E-01	2.981357E-01	2.913400E-01	
297	5.390125E-01	3.009136E-01	2.906516E-01	
298	3.431776E-01	3.068885E-01	2.896675E-01	
299	3.632455E-01	2.961968E-01	2.888007E-01	
300	3.912718E-01	3.203899E-01	2.947226E-01	
301	3.593427E-01	3.068762E-01	2.903924E-01	
302	3.960700E-01	3.130392E-01	2.912874E-01	
303	4.813918E-01	3.156775E-01	2.938593E-01	
304	3.554470E-01	3.034112E-01	2.906584E-01	
305	3.803409E-01	3.146545E-01	2.934720E-01	
306	3.868527E-01	2.920829E-01	2.907330E-01	
307	4.368555E-01	2.904881E-01	2.916395E-01	
308	3.403276E-01	3.099932E-01	2.919831E-01	
309	3.456780E-01	2.991912E-01	2.897978E-01	
310	4.182509E-01	2.782233E-01	2.901866E-01	
311	3.220097E-01	2.900262E-01	2.898526E-01	
312	2.899924E-01	2.926782E-01	2.923650E-01	
313	3.993010E-01	3.026482E-01	2.890066E-01	
314	2.881023E-01	3.033101E-01	2.934381E-01	
315	2.959017E-01	2.886665E-01	2.923496E-01	
316	4.106035E-01	2.986999E-01	2.913666E-01	
317	2.712038E-01	2.892283E-01	2.917071E-01	
318	3.285424E-01	2.905132E-01	2.927717E-01	
319	2.841245E-01	2.742997E-01	2.908495E-01	
320	3.488214E-01	2.635383E-01	2.909987E-01	
321	2.686801E-01	2.853992E-01	2.943660E-01	
322	3.854220E-01	3.009381E-01	2.908701E-01	
323	4.167338E-01	2.676202E-01	2.927756E-01	
324	3.150373E-01	2.683978E-01	2.914336E-01	
325	3.600709E-01	2.987588E-01	2.939425E-01	
326	3.611898E-01	2.742736E-01	2.922940E-01	
327	3.489880E-01	2.776925E-01	2.930801E-01	
328	3.410146E-01	3.012280E-01	2.933883E-01	
329	2.813034E-01	3.010337E-01	2.918299E-01	
330	3.161452E-01	2.976502E-01	2.917729E-01	
331	2.996071E-01	2.934406E-01	2.932559E-01	
332	3.259282E-01	2.886613E-01	2.909653E-01	
333	3.842741E-01	3.168931E-01	2.915463E-01	
334	2.846901E-01	3.240966E-01	2.912740E-01	
335	3.755245E-01	2.951222E-01	2.914887E-01	
336	2.908535E-01	3.139987E-01	2.886085E-01	
337	3.386487E-01	3.250410E-01	2.911998E-01	
338	3.107319E-01	3.100344E-01	2.899822E-01	
339	3.355547E-01	3.025423E-01	2.891835E-01	
340	2.512034E-01	2.888017E-01	2.865837E-01	
341	2.438399E-01	3.055325E-01	2.886036E-01	
342	3.421502E-01	2.806747E-01	2.866837E-01	
343	2.794980E-01	2.909092E-01	2.880241E-01	
344	2.663885E-01	2.908983E-01	2.911154E-01	
345	2.989039E-01	2.933964E-01	2.879756E-01	
346	2.887290E-01	2.968551E-01	2.884410E-01	
347	3.339040E-01	2.796380E-01	2.907813E-01	
348	2.532641E-01	2.843655E-01	2.910693E-01	
349	3.285734E-01	3.096871E-01	2.896817E-01	
350	1.855006E-01	2.713295E-01	2.889657E-01	
351	2.604230E-01	2.992528E-01	2.899617E-01	
352	2.592603E-01	2.825995E-01	2.919037E-01	
353	3.105907E-01	3.017922E-01	2.889470E-01	
354	3.948456E-01	2.949104E-01	2.901337E-01	
355	3.141349E-01	2.818404E-01	2.900815E-01	
356	2.754330E-01	2.885158E-01	2.865673E-01	
357	1.962616E-01	2.865969E-01	2.882755E-01	
358	3.304754E-01	2.882218E-01	2.883630E-01	
359	2.863344E-01	2.541489E-01	2.862604E-01	
360	2.741064E-01	2.760236E-01	2.876398E-01	
361	2.688404E-01	2.746352E-01	2.893982E-01	
362	3.024575E-01	2.792133E-01	2.871905E-01	
363	2.310928E-01	2.732379E-01	2.874530E-01	
364	2.264123E-01	2.489328E-01	2.889534E-01	
365	3.018708E-01	2.495456E-01	2.865506E-01	
366	2.726105E-01	2.613191E-01	2.863435E-01	
367	2.542412E-01	2.734234E-01	2.873775E-01	
368	2.657672E-01	2.828906E-01	2.832566E-01	
369	2.290373E-01	2.730172E-01	2.838896E-01	
370	3.172851E-01	2.896281E-01	2.821688E-01	
371	1.950510E-01	2.665220E-01	2.806717E-01	
372	1.703875E-01	2.729273E-01	2.853822E-01	
373	2.004139E-01	2.825783E-01	2.827604E-01	
374	1.779796E-01	2.764623E-01	2.825209E-01	
375	1.815783E-01	2.927601E-01	2.852319E-01	
376	1.679389E-01	2.863857E-01	2.828007E-01	
377	1.486575E-01	2.829699E-01	2.846331E-01	
378	2.019909E-01	3.031716E-01	2.847296E-01	
379	1.872957E-01	2.907692E-01	2.805973E-01	
380	2.398743E-01	2.625946E-01	2.850577E-01	
381	1.674200E-01	3.037074E-01	2.836389E-01	
382	2.169436E-01	2.756854E-01	2.801705E-01	
383	2.372120E-01	2.852012E-01	2.835067E-01	
384	2.715009E-01	2.822068E-01	2.829894E-01	
385	2.707555E-01	2.629624E-01	2.816957E-01	
386	2.784234E-01	2.750434E-01	2.860869E-01	
387	2.508898E-01	2.627541E-01	2.803571E-01	
388	2.693517E-01	2.929222E-01	2.813776E-01	
389	2.588139E-01	2.644204E-01	2.831308E-01	
390	3.018336E-01	2.913551E-01	2.817029E-01	
391	3.259830E-01	2.736490E-01	2.835359E-01	
392	3.259395E-01	2.851414E-01	2.835975E-01	
393	2.853864E-01	2.850134E-01	2.832649E-01	
394	3.145025E-01	2.829120E-01	2.790616E-01	
395	2.455458E-01	2.828674E-01	2.868005E-01	
396	2.084318E-01	2.977087E-01	2.807420E-01	
397	1.851550E-01	3.068171E-01	2.851497E-01	
398	2.873934E-01	2.857130E-01	2.809652E-01	
399	2.360697E-01	2.624109E-01	2.858137E-01	
400	2.200407E-01	2.783025E-01	2.837420E-01	
401	2.636508E-01	3.197508E-01	2.818911E-01	
402	1.997499E-01	2.849098E-01	2.866341E-01	
403	2.714314E-01	2.640857E-01	2.834454E-01	
404	2.716646E-01	2.766959E-01	2.825829E-01	
405	2.293699E-01	2.915846E-01	2.847022E-01	
406	2.297038E-01	2.657474E-01	2.844667E-01	
407	2.777413E-01	2.928647E-01	2.864149E-01	
408	3.405702E-01	2.712867E-01	2.819204E-01	
409	3.231821E-01	3.058138E-01	2.840902E-01	
410	2.847909E-01	2.899898E-01	2.877718E-01	
411	2.558668E-01	2.465953E-01	2.916458E-01	
412	2.323365E-01	2.934602E-01	2.857086E-01	
413	2.588084E-01	2.939423E-01	2.927417E-01	
414	2.672301E-01	3.138624E-01	2.917857E-01	
415	3.500751E-01	2.674577E-01	2.937849E-01	
416	2.680323E-01	2.988682E-01	2.920731E-01	
417	2.769685E-01	2.703601E-01	2.914155E-01	
418	2.773015E-01	2.942153E-01	2.963922E-01	
419	2.916636E-01	3.210764E-01	2.938606E-01	
420	3.728871E-01	2.963995E-01	2.953112E-01	
421	3.957502E-01	3.292208E-01	2.962604E-01	
422	3.846205E-01	3.092363E-01	2.974205E-01	
423	4.163102E-01	3.058198E-01	2.987396E-01	
424	4.127474E-01	3.249790E-01	2.991641E-01	
425	3.794114E-01	3.445275E-01	2.975646E-01	
426	3.375976E-01	3.389231E-01	2.969033E-01	
427	3.776452E-01	3.325956E-01	2.954556E-01	
428	3.856655E-01	4.073982E-01	2.931919E-01	
429	3.896560E-01	3.397120E-01	2.933292E-01	
430	3.849003E-01	3.665498E-01	2.899850E-01	
431	6.575994E-01	3.652997E-01	2.920840E-01	
432	2.350497E-01	3.131373E-01	2.947110E-01	
433	1.862471E-01	3.424038E-01	3.032023E-01	
434	2.097261E-01	3.060583E-01	2.906943E-01	
435	0	3.480407E-01	2.910373E-01	
436	4.183184E-01	3.329176E-01	2.947251E-01	
437	2.149649E-01	2.971333E-01	2.941275E-01	
438	3.395810E-01	3.175673E-01	3.000572E-01	
439	0	2.748596E-01	2.872839E-01	
440	3.771220E-01	3.224265E-01	2.972664E-01	
441	0	2.943311E-01	2.943881E-01	
442	2.437143E-01	3.683715E-01	2.964217E-01	
443	0	3.295971E-01	2.843743E-01	
444	0	2.823410E-01	2.936309E-01	
445	3.135792E-01	3.072465E-01	2.948589E-01	
446	3.539807E-01	2.706457E-01	2.908615E-01	
447	0	2.928795E-01	2.858478E-01	
448	3.447492E-01	3.289031E-01	2.959734E-01	
449	0	3.260304E-01	2.938885E-01	
450	0	3.036114E-01	2.957092E-01	
451	0	3.274822E-01	2.911958E-01	
452	0	3.286558E-01	2.998422E-01	
453	0	2.858383E-01	2.924430E-01	
454	0	3.132219E-01	3.043744E-01	
455	0	3.307675E-01	2.864433E-01	
456	0	3.030056E-01	2.961785E-01	
457	0	3.077351E-01	2.904899E-01	
458	0	3.358501E-01	3.068963E-01	
459	0	3.246422E-01	3.097124E-01	
460	0	3.273790E-01	2.880068E-01	
461	0	3.569606E-01	2.985970E-01	
462	0	3.158897E-01	2.941518E-01	
463	0	4.149811E-01	3.066606E-01	
464	0	2.825508E-01	2.892763E-01	
465	0	3.855548E-01	3.023991E-01	
466	0	3.515891E-01	3.081682E-01	
467	0	3.628108E-01	3.003332E-01	
468	0	2.787090E-01	3.133110E-01	
469	0	3.779720E-01	3.009613E-01	
470	0	2.913494E-01	3.283642E-01	
471	0	3.318848E-01	3.122071E-01	
472	0	3.380804E-01	3.210763E-01	
473	0	3.224830E-01	3.199773E-01	
474	0	2.711118E-01	3.236618E-01	
475	0	3.458230E-01	3.111358E-01	
476	0	3.739053E-01	3.289281E-01	
477	0	3.503963E-01	3.413219E-01	
478	0	3.824977E-01	3.229857E-01	
479	0	2.947371E-01	3.396963E-01	
480	0	2.724476E-01	3.087172E-01	
481	0	3.474052E-01	3.484705E-01	
482	0	2.611288E-01	3.125008E-01	
483	0	3.318589E-01	3.366780E-01	
484	0	5.667829E-01	4.011374E-01	
485	0	2.830252E-01	3.265540E-01	
486	0	6.517305E-01	3.988754E-01	
487	0	2.217229E-01	3.265114E-01	
488	0	4.615887E-01	3.765119E-01	
489	0	1.698115E-01	3.201210E-01	
490	0	3.654163E-01	3.559705E-01	
491	0	2.150048E-01	3.570021E-01	
492	0	2.078858E-01	3.518244E-01	
493	0	0	4.702829E-01	
494	0	2.707105E-01	3.541452E-01	
495	0	0	4.378186E-01	
496	0	3.217482E-01	3.660695E-01	
497	0	2.374298E-01	4.425325E-01	
498	0	2.893080E-01	3.674849E-01	
499	0	1.836888E-01	4.057941E-01	
500	0	0	0	
501	0	4.021015E-01	4.083668E-01	
502	0	0	0	
503	0	4.007666E-01	4.468054E-01	
504	0	0	0	
505	0	4.856008E-01	4.814730E-01	
506	0	0	3.775620E-01	
507	0	0	0	
508	0	6.015493E-01	5.189508E-01	
509	0	0	0	
510	0	6.769390E-01	5.282981E-01	
511	0	0	0	
512	0	9.020799E-01	6.194555E-01	
513	0	0	0	
514	0	0	0	
515	0	0	6.148436E-01	
516	0	0	0	
517	0	0	6.259292E-01	
518	0	0	0	
519	0	0	7.213617E-01	
520	0	0	0	
521	0	0	0	
522	0	0	0	
523	0	0	0	
524	0	0	0	
525	0	0	0	
526	0	0	0	
527	0	0	0	
528	0	0	0	
529	0	0	0	
530	0	0	0	
531	0	0	0	
532	0	0	0	
533	0	0	0	
534	0	0	0	
535	0	0	0	
536	0	0	0	
537	0	0	0	
538	0	0	0	
539	0	0	0	
540	0	0	0	
541	0	0	0	
542	0	0	0	
543	0	0	0	
544	0	0	0	
545	0	0	0	
546	0	0	0	
547	0	0	0	
548	0	0	0	
549	0	0	0	
550	0	0	0	
551	0	0	0	
552	0	0	0	
553	0	0	0	
554	0	0	0	
555	0	0	0	
556	0	0	0	
557	0	0	0	
558	0	0	0	
559	0	0	0	
560	0	0	0	
561	0	0	0	
562	0	0	0	
563	0	0	0	
564	0	0	0	
565	0	0	0	
566	0	0	0	
567	0	0	0	
568	0	0	0	
569	0	0	0	
570	0	0	0	
571	0	0	0	
572	0	0	0	
573	0	0	0	
574	0	0	0	
575	0	0	0	
576	0	0	0	
577	0	0	0	
578	0	0	0	
579	0	0	0	
580	0	0	0	
581	0	0	0	
582	0	0	0	
583	0	0	0	
584	0	0	0	
585	0	0	0	
586	0	0	0	
587	0	0	0	
588	0	0	0	
589	0	0	0	
590	0	0	0	
591	0	0	0	
592	0	0	0	
593	0	0	0	
594	0	0	0	
595	0	0	0	
596	0	0	0	
597	0	0	0	
598	0	0	0	
599	0	0	0	
#NewRun
