#COM_Bin	Avg_cosine_squared
#Order is chain type
0	0	0	0	
1	0	0	0	
2	0	0	0	
3	0	0	0	
4	3.231024E-01	2.640841E-01	3.127813E-01	
5	3.155551E-01	3.569534E-01	3.655645E-01	
6	3.140607E-01	3.189352E-01	2.981887E-01	
7	0	0	0	
8	3.038302E-01	3.389690E-01	3.328280E-01	
9	3.541505E-01	2.865592E-01	3.220014E-01	
10	0	0	0	
11	3.348130E-01	3.344674E-01	3.128121E-01	
12	3.209284E-01	3.272256E-01	3.346931E-01	
13	3.538144E-01	3.370261E-01	3.298808E-01	
14	3.283032E-01	2.921625E-01	3.375811E-01	
15	0	0	0	
16	3.423622E-01	3.123388E-01	3.434824E-01	
17	3.157461E-01	3.390757E-01	3.293258E-01	
18	3.305077E-01	2.984698E-01	3.619151E-01	
19	3.154901E-01	3.807052E-01	3.423239E-01	
20	3.234584E-01	3.125478E-01	3.466646E-01	
21	3.312393E-01	3.186305E-01	3.307027E-01	
22	3.353386E-01	3.233277E-01	3.499686E-01	
23	3.487109E-01	3.260588E-01	3.114951E-01	
24	3.235256E-01	3.390104E-01	3.518565E-01	
25	3.219074E-01	3.287417E-01	3.318458E-01	
26	3.278691E-01	3.458643E-01	3.330003E-01	
27	3.333126E-01	3.179933E-01	3.314549E-01	
28	3.224427E-01	3.350609E-01	3.346391E-01	
29	3.226186E-01	3.419732E-01	3.489819E-01	
30	3.282662E-01	3.260406E-01	3.556363E-01	
31	3.406108E-01	3.334354E-01	3.487408E-01	
32	3.250462E-01	3.267542E-01	3.641962E-01	
33	3.326595E-01	3.367467E-01	3.236608E-01	
34	3.354713E-01	3.394537E-01	3.435811E-01	
35	3.380669E-01	3.375439E-01	3.382547E-01	
36	3.241052E-01	3.358646E-01	3.506549E-01	
37	3.282341E-01	3.328401E-01	3.347390E-01	
38	3.346418E-01	3.328491E-01	3.330874E-01	
39	3.422979E-01	3.452061E-01	3.472018E-01	
40	3.377894E-01	3.497348E-01	3.464696E-01	
41	3.332805E-01	3.483649E-01	3.488505E-01	
42	3.318665E-01	3.496460E-01	3.335583E-01	
43	3.296846E-01	3.396036E-01	3.572371E-01	
44	3.420415E-01	3.409103E-01	3.568994E-01	
45	3.333550E-01	3.481199E-01	3.505425E-01	
46	3.340923E-01	3.396064E-01	3.632203E-01	
47	3.205784E-01	3.443002E-01	3.540256E-01	
48	3.363142E-01	3.420629E-01	3.528931E-01	
49	3.400505E-01	3.367460E-01	3.524502E-01	
50	3.338550E-01	3.368620E-01	3.411459E-01	
51	3.331148E-01	3.506172E-01	3.556988E-01	
52	3.314596E-01	3.466793E-01	3.351666E-01	
53	3.406564E-01	3.338554E-01	3.396074E-01	
54	3.320973E-01	3.432235E-01	3.364801E-01	
55	3.383836E-01	3.523388E-01	3.409906E-01	
56	3.308187E-01	3.433141E-01	3.308414E-01	
57	3.407936E-01	3.569718E-01	3.353292E-01	
58	3.363864E-01	3.524280E-01	3.232428E-01	
59	3.330697E-01	3.473891E-01	3.266695E-01	
60	3.316722E-01	3.440971E-01	3.325030E-01	
61	3.405516E-01	3.421805E-01	3.166925E-01	
62	3.322022E-01	3.353188E-01	3.356278E-01	
63	3.328477E-01	3.409679E-01	3.330120E-01	
64	3.398649E-01	3.343717E-01	3.318262E-01	
65	3.348896E-01	3.335811E-01	3.247505E-01	
66	3.493396E-01	3.309430E-01	3.209500E-01	
67	3.362333E-01	3.332865E-01	3.324390E-01	
68	3.353555E-01	3.336687E-01	3.233667E-01	
69	3.318723E-01	3.244931E-01	3.311267E-01	
70	3.393670E-01	3.217663E-01	3.303689E-01	
71	3.373521E-01	3.261568E-01	3.342345E-01	
72	3.377456E-01	3.253389E-01	3.430962E-01	
73	3.317572E-01	3.288913E-01	3.416717E-01	
74	3.361690E-01	3.193512E-01	3.410852E-01	
75	3.404668E-01	3.297321E-01	3.402579E-01	
76	3.395339E-01	3.278034E-01	3.438315E-01	
77	3.327855E-01	3.202007E-01	3.395793E-01	
78	3.345091E-01	3.213924E-01	3.382148E-01	
79	3.304869E-01	3.327434E-01	3.421430E-01	
80	3.338134E-01	3.316869E-01	3.329661E-01	
81	3.340285E-01	3.330649E-01	3.337327E-01	
82	3.364743E-01	3.315046E-01	3.406347E-01	
83	3.291181E-01	3.413113E-01	3.356004E-01	
84	3.353769E-01	3.355362E-01	3.262965E-01	
85	3.289339E-01	3.332686E-01	3.323522E-01	
86	3.273298E-01	3.373998E-01	3.290180E-01	
87	3.280133E-01	3.287552E-01	3.298641E-01	
88	3.307935E-01	3.419245E-01	3.318933E-01	
89	3.321116E-01	3.342548E-01	3.314570E-01	
90	3.256980E-01	3.360886E-01	3.357116E-01	
91	3.321580E-01	3.388173E-01	3.306672E-01	
92	3.307395E-01	3.334417E-01	3.339913E-01	
93	3.352205E-01	3.351652E-01	3.344943E-01	
94	3.349723E-01	3.365203E-01	3.401638E-01	
95	3.258643E-01	3.360861E-01	3.473629E-01	
96	3.333871E-01	3.394798E-01	3.402720E-01	
97	3.268810E-01	3.384117E-01	3.360743E-01	
98	3.310651E-01	3.366454E-01	3.386577E-01	
99	3.268822E-01	3.333665E-01	3.402894E-01	
100	3.308222E-01	3.339627E-01	3.404333E-01	
101	3.274780E-01	3.349886E-01	3.337081E-01	
102	3.305684E-01	3.394284E-01	3.383121E-01	
103	3.306011E-01	3.362313E-01	3.391120E-01	
104	3.298540E-01	3.332416E-01	3.329119E-01	
105	3.371038E-01	3.346453E-01	3.334017E-01	
106	3.320449E-01	3.326210E-01	3.357585E-01	
107	3.334143E-01	3.311928E-01	3.376275E-01	
108	3.315534E-01	3.309056E-01	3.346574E-01	
109	3.271711E-01	3.310468E-01	3.329890E-01	
110	3.353688E-01	3.320306E-01	3.319912E-01	
111	3.302084E-01	3.326613E-01	3.331480E-01	
112	3.338073E-01	3.292606E-01	3.329399E-01	
113	3.302750E-01	3.276811E-01	3.362592E-01	
114	3.342679E-01	3.264805E-01	3.322327E-01	
115	3.383526E-01	3.327042E-01	3.287730E-01	
116	3.357034E-01	3.317927E-01	3.299218E-01	
117	3.362927E-01	3.287239E-01	3.318880E-01	
118	3.378876E-01	3.336467E-01	3.327920E-01	
119	3.387530E-01	3.331861E-01	3.300509E-01	
120	3.360342E-01	3.317769E-01	3.320578E-01	
121	3.364428E-01	3.305898E-01	3.340875E-01	
122	3.387130E-01	3.289436E-01	3.279788E-01	
123	3.388667E-01	3.323100E-01	3.375911E-01	
124	3.356462E-01	3.324988E-01	3.329278E-01	
125	3.365996E-01	3.318984E-01	3.325980E-01	
126	3.379636E-01	3.263730E-01	3.333719E-01	
127	3.384519E-01	3.320045E-01	3.326885E-01	
128	3.405401E-01	3.275584E-01	3.382157E-01	
129	3.364705E-01	3.340387E-01	3.338205E-01	
130	3.407179E-01	3.364712E-01	3.359683E-01	
131	3.379389E-01	3.303954E-01	3.354741E-01	
132	3.371048E-01	3.318837E-01	3.364239E-01	
133	3.398957E-01	3.391554E-01	3.425948E-01	
134	3.358900E-01	3.343689E-01	3.415953E-01	
135	3.375339E-01	3.387237E-01	3.354622E-01	
136	3.349618E-01	3.358705E-01	3.384824E-01	
137	3.293952E-01	3.361415E-01	3.428746E-01	
138	3.336992E-01	3.381145E-01	3.408727E-01	
139	3.308753E-01	3.343713E-01	3.380577E-01	
140	3.334987E-01	3.438439E-01	3.380646E-01	
141	3.314645E-01	3.377089E-01	3.430664E-01	
142	3.305533E-01	3.327023E-01	3.421037E-01	
143	3.320649E-01	3.392531E-01	3.388512E-01	
144	3.366179E-01	3.353983E-01	3.351842E-01	
145	3.304776E-01	3.316979E-01	3.377996E-01	
146	3.362337E-01	3.329037E-01	3.430797E-01	
147	3.354321E-01	3.328287E-01	3.425696E-01	
148	3.355686E-01	3.396189E-01	3.406846E-01	
149	3.316986E-01	3.334905E-01	3.407229E-01	
150	3.338531E-01	3.316946E-01	3.438370E-01	
151	3.304039E-01	3.313930E-01	3.381654E-01	
152	3.355035E-01	3.352565E-01	3.396281E-01	
153	3.330998E-01	3.324731E-01	3.409482E-01	
154	3.338380E-01	3.344361E-01	3.414587E-01	
155	3.322258E-01	3.335014E-01	3.443625E-01	
156	3.345430E-01	3.356511E-01	3.415100E-01	
157	3.389758E-01	3.351257E-01	3.452482E-01	
158	3.359845E-01	3.373303E-01	3.435072E-01	
159	3.341993E-01	3.348832E-01	3.368529E-01	
160	3.335151E-01	3.330945E-01	3.405535E-01	
161	3.334208E-01	3.328968E-01	3.415394E-01	
162	3.323693E-01	3.337907E-01	3.402617E-01	
163	3.319796E-01	3.319515E-01	3.414115E-01	
164	3.319297E-01	3.335927E-01	3.423079E-01	
165	3.311732E-01	3.334735E-01	3.399752E-01	
166	3.307832E-01	3.339594E-01	3.394454E-01	
167	3.323470E-01	3.322532E-01	3.394699E-01	
168	3.299235E-01	3.329960E-01	3.355804E-01	
169	3.312564E-01	3.313766E-01	3.374869E-01	
170	3.283343E-01	3.313332E-01	3.377837E-01	
171	3.315176E-01	3.340232E-01	3.384026E-01	
172	3.321159E-01	3.332331E-01	3.375236E-01	
173	3.342445E-01	3.339967E-01	3.376246E-01	
174	3.306033E-01	3.329423E-01	3.357490E-01	
175	3.342684E-01	3.294976E-01	3.405280E-01	
176	3.338672E-01	3.354562E-01	3.332323E-01	
177	3.324041E-01	3.352196E-01	3.349800E-01	
178	3.338040E-01	3.334060E-01	3.360160E-01	
179	3.342872E-01	3.329430E-01	3.342107E-01	
180	3.348006E-01	3.322229E-01	3.312824E-01	
181	3.353513E-01	3.319668E-01	3.345168E-01	
182	3.345328E-01	3.327602E-01	3.322848E-01	
183	3.353310E-01	3.294808E-01	3.331465E-01	
184	3.335855E-01	3.294876E-01	3.339243E-01	
185	3.373074E-01	3.328148E-01	3.287302E-01	
186	3.359243E-01	3.293527E-01	3.339990E-01	
187	3.379985E-01	3.298635E-01	3.368574E-01	
188	3.367938E-01	3.311985E-01	3.319462E-01	
189	3.380604E-01	3.310601E-01	3.318178E-01	
190	3.372682E-01	3.344586E-01	3.300995E-01	
191	3.343520E-01	3.315942E-01	3.330100E-01	
192	3.359506E-01	3.346894E-01	3.305874E-01	
193	3.359134E-01	3.323515E-01	3.302538E-01	
194	3.351829E-01	3.319832E-01	3.306552E-01	
195	3.344631E-01	3.310780E-01	3.297817E-01	
196	3.358196E-01	3.322963E-01	3.294908E-01	
197	3.348300E-01	3.317803E-01	3.291300E-01	
198	3.336002E-01	3.313168E-01	3.290203E-01	
199	3.352378E-01	3.306691E-01	3.312679E-01	
200	3.361806E-01	3.302257E-01	3.286898E-01	
201	3.347911E-01	3.299869E-01	3.284718E-01	
202	3.333006E-01	3.323119E-01	3.300920E-01	
203	3.381243E-01	3.322422E-01	3.298350E-01	
204	3.345963E-01	3.311744E-01	3.307154E-01	
205	3.356653E-01	3.338632E-01	3.276316E-01	
206	3.328144E-01	3.340516E-01	3.296151E-01	
207	3.336949E-01	3.325744E-01	3.266941E-01	
208	3.333109E-01	3.324091E-01	3.268443E-01	
209	3.338684E-01	3.323964E-01	3.331603E-01	
210	3.311148E-01	3.323897E-01	3.313914E-01	
211	3.309494E-01	3.322275E-01	3.286520E-01	
212	3.322302E-01	3.311413E-01	3.291086E-01	
213	3.317064E-01	3.324195E-01	3.277680E-01	
214	3.291106E-01	3.290623E-01	3.320341E-01	
215	3.301436E-01	3.330892E-01	3.309919E-01	
216	3.292463E-01	3.317965E-01	3.309426E-01	
217	3.309961E-01	3.319960E-01	3.315712E-01	
218	3.298807E-01	3.334658E-01	3.302249E-01	
219	3.285934E-01	3.329873E-01	3.302762E-01	
220	3.326645E-01	3.337770E-01	3.303791E-01	
221	3.337341E-01	3.334483E-01	3.316181E-01	
222	3.295648E-01	3.327319E-01	3.300752E-01	
223	3.299053E-01	3.342793E-01	3.303931E-01	
224	3.315353E-01	3.341560E-01	3.311139E-01	
225	3.299375E-01	3.337165E-01	3.306983E-01	
226	3.324602E-01	3.320219E-01	3.316065E-01	
227	3.304627E-01	3.295026E-01	3.309534E-01	
228	3.281099E-01	3.344217E-01	3.315436E-01	
229	3.314947E-01	3.308805E-01	3.298501E-01	
230	3.322077E-01	3.316878E-01	3.319616E-01	
231	3.334166E-01	3.292696E-01	3.336538E-01	
232	3.318682E-01	3.291525E-01	3.330617E-01	
233	3.330567E-01	3.315770E-01	3.307406E-01	
234	3.334515E-01	3.324923E-01	3.313965E-01	
235	3.334595E-01	3.312032E-01	3.347510E-01	
236	3.298714E-01	3.276807E-01	3.325423E-01	
237	3.287004E-01	3.295670E-01	3.323930E-01	
238	3.310685E-01	3.294715E-01	3.291080E-01	
239	3.320267E-01	3.294082E-01	3.328006E-01	
240	3.285266E-01	3.287138E-01	3.283531E-01	
241	3.294283E-01	3.290760E-01	3.277634E-01	
242	3.285231E-01	3.274330E-01	3.294329E-01	
243	3.283456E-01	3.297629E-01	3.268489E-01	
244	3.251947E-01	3.243055E-01	3.267056E-01	
245	3.255729E-01	3.232269E-01	3.251907E-01	
246	3.250468E-01	3.268097E-01	3.269755E-01	
247	3.257479E-01	3.271312E-01	3.266670E-01	
248	3.239688E-01	3.242902E-01	3.225672E-01	
249	3.235438E-01	3.247473E-01	3.235472E-01	
250	3.241915E-01	3.238913E-01	3.247922E-01	
251	3.240814E-01	3.263387E-01	3.243464E-01	
252	3.214642E-01	3.226575E-01	3.210425E-01	
253	3.202179E-01	3.212868E-01	3.219224E-01	
254	3.231186E-01	3.209456E-01	3.216658E-01	
255	3.209074E-01	3.202005E-01	3.230395E-01	
256	3.183086E-01	3.199323E-01	3.183770E-01	
257	3.183593E-01	3.193461E-01	3.190273E-01	
258	3.182253E-01	3.194038E-01	3.191959E-01	
259	3.171842E-01	3.162983E-01	3.176569E-01	
260	3.150069E-01	3.177275E-01	3.170591E-01	
261	3.151301E-01	3.144726E-01	3.169083E-01	
262	3.154106E-01	3.141338E-01	3.155916E-01	
263	3.146689E-01	3.156047E-01	3.161437E-01	
264	3.125761E-01	3.124294E-01	3.125812E-01	
265	3.099202E-01	3.099809E-01	3.108892E-01	
266	3.135166E-01	3.137497E-01	3.146820E-01	
267	3.107500E-01	3.109759E-01	3.103727E-01	
268	3.083561E-01	3.087713E-01	3.075551E-01	
269	3.104137E-01	3.076133E-01	3.085888E-01	
270	3.084021E-01	3.077485E-01	3.064850E-01	
271	3.091581E-01	3.084630E-01	3.082425E-01	
272	3.078485E-01	3.037470E-01	3.027491E-01	
273	3.072923E-01	3.053813E-01	3.055010E-01	
274	3.098230E-01	3.022854E-01	3.029855E-01	
275	3.074992E-01	3.064069E-01	3.068894E-01	
276	3.024468E-01	3.027066E-01	3.005421E-01	
277	3.050853E-01	2.993445E-01	3.007360E-01	
278	3.040795E-01	3.017329E-01	3.010989E-01	
279	3.023755E-01	3.005377E-01	3.009233E-01	
280	3.005184E-01	2.979837E-01	2.979442E-01	
281	2.994367E-01	2.981205E-01	2.989840E-01	
282	2.995783E-01	2.968553E-01	2.963599E-01	
283	2.980502E-01	2.980803E-01	2.964488E-01	
284	2.972940E-01	2.953436E-01	2.954850E-01	
285	2.961120E-01	2.935199E-01	2.943771E-01	
286	2.958710E-01	2.952097E-01	2.955530E-01	
287	2.956249E-01	2.975459E-01	2.942867E-01	
288	2.926476E-01	2.914774E-01	2.909787E-01	
289	2.952522E-01	2.946706E-01	2.928857E-01	
290	2.926490E-01	2.931975E-01	2.904843E-01	
291	2.949913E-01	2.934190E-01	2.936722E-01	
292	2.912315E-01	2.925990E-01	2.899137E-01	
293	2.907524E-01	2.909464E-01	2.882672E-01	
294	2.911526E-01	2.923479E-01	2.910131E-01	
295	2.927568E-01	2.903738E-01	2.897150E-01	
296	2.919367E-01	2.897281E-01	2.896930E-01	
297	2.914803E-01	2.918489E-01	2.883868E-01	
298	2.922210E-01	2.896634E-01	2.894849E-01	
299	2.909443E-01	2.891645E-01	2.871295E-01	
300	2.938094E-01	2.906783E-01	2.909524E-01	
301	2.915878E-01	2.899053E-01	2.893659E-01	
302	2.906914E-01	2.915067E-01	2.904251E-01	
303	2.912297E-01	2.926506E-01	2.933412E-01	
304	2.881819E-01	2.896338E-01	2.901510E-01	
305	2.928103E-01	2.925847E-01	2.920253E-01	
306	2.906785E-01	2.889022E-01	2.902469E-01	
307	2.903857E-01	2.909305E-01	2.898563E-01	
308	2.910233E-01	2.924780E-01	2.926227E-01	
309	2.898005E-01	2.917917E-01	2.921554E-01	
310	2.910358E-01	2.914806E-01	2.925907E-01	
311	2.912086E-01	2.919142E-01	2.929564E-01	
312	2.905487E-01	2.928009E-01	2.943732E-01	
313	2.886919E-01	2.906252E-01	2.913508E-01	
314	2.902908E-01	2.915764E-01	2.950975E-01	
315	2.895594E-01	2.920577E-01	2.929924E-01	
316	2.894911E-01	2.913378E-01	2.938158E-01	
317	2.900945E-01	2.901738E-01	2.933556E-01	
318	2.890255E-01	2.897757E-01	2.949554E-01	
319	2.913419E-01	2.908941E-01	2.956807E-01	
320	2.893930E-01	2.887341E-01	2.945015E-01	
321	2.911717E-01	2.897365E-01	2.957587E-01	
322	2.882179E-01	2.880067E-01	2.928762E-01	
323	2.902266E-01	2.883705E-01	2.947360E-01	
324	2.880589E-01	2.881313E-01	2.931793E-01	
325	2.876454E-01	2.899716E-01	2.937972E-01	
326	2.905316E-01	2.875925E-01	2.925343E-01	
327	2.869521E-01	2.859710E-01	2.907479E-01	
328	2.905370E-01	2.884649E-01	2.942397E-01	
329	2.884560E-01	2.892593E-01	2.929137E-01	
330	2.883718E-01	2.891146E-01	2.913881E-01	
331	2.905831E-01	2.884093E-01	2.915850E-01	
332	2.887371E-01	2.875319E-01	2.912455E-01	
333	2.888373E-01	2.853098E-01	2.905640E-01	
334	2.869586E-01	2.852453E-01	2.873873E-01	
335	2.880767E-01	2.849248E-01	2.913129E-01	
336	2.868911E-01	2.866150E-01	2.903372E-01	
337	2.870446E-01	2.855391E-01	2.902167E-01	
338	2.874869E-01	2.858618E-01	2.883941E-01	
339	2.895779E-01	2.867336E-01	2.921354E-01	
340	2.862419E-01	2.859905E-01	2.893820E-01	
341	2.826606E-01	2.856235E-01	2.896120E-01	
342	2.870073E-01	2.852420E-01	2.877669E-01	
343	2.858724E-01	2.842373E-01	2.858158E-01	
344	2.873946E-01	2.853622E-01	2.910219E-01	
345	2.850408E-01	2.833865E-01	2.874789E-01	
346	2.852882E-01	2.833118E-01	2.866696E-01	
347	2.860225E-01	2.842782E-01	2.880065E-01	
348	2.834468E-01	2.837717E-01	2.847006E-01	
349	2.860797E-01	2.841431E-01	2.865427E-01	
350	2.851696E-01	2.820062E-01	2.882318E-01	
351	2.862791E-01	2.827914E-01	2.860136E-01	
352	2.876996E-01	2.846955E-01	2.852971E-01	
353	2.856972E-01	2.843254E-01	2.847633E-01	
354	2.853039E-01	2.829285E-01	2.870831E-01	
355	2.867755E-01	2.836271E-01	2.868907E-01	
356	2.884786E-01	2.842905E-01	2.857192E-01	
357	2.863675E-01	2.820604E-01	2.837990E-01	
358	2.859822E-01	2.855021E-01	2.854039E-01	
359	2.870218E-01	2.824813E-01	2.842948E-01	
360	2.843084E-01	2.823551E-01	2.858401E-01	
361	2.861218E-01	2.823390E-01	2.870322E-01	
362	2.861682E-01	2.826584E-01	2.840125E-01	
363	2.841171E-01	2.835676E-01	2.872411E-01	
364	2.858719E-01	2.811966E-01	2.855289E-01	
365	2.841540E-01	2.829473E-01	2.854240E-01	
366	2.832982E-01	2.833362E-01	2.877271E-01	
367	2.849167E-01	2.827609E-01	2.894482E-01	
368	2.834761E-01	2.806697E-01	2.857692E-01	
369	2.851117E-01	2.806143E-01	2.853373E-01	
370	2.831139E-01	2.821688E-01	2.856000E-01	
371	2.823155E-01	2.799015E-01	2.848720E-01	
372	2.844409E-01	2.839352E-01	2.876419E-01	
373	2.836576E-01	2.808045E-01	2.846391E-01	
374	2.832526E-01	2.799763E-01	2.854676E-01	
375	2.830845E-01	2.823062E-01	2.829006E-01	
376	2.816760E-01	2.807114E-01	2.869521E-01	
377	2.811253E-01	2.817313E-01	2.817022E-01	
378	2.813777E-01	2.822796E-01	2.840275E-01	
379	2.799495E-01	2.790047E-01	2.831374E-01	
380	2.791416E-01	2.800490E-01	2.813092E-01	
381	2.805813E-01	2.821747E-01	2.829033E-01	
382	2.789868E-01	2.781561E-01	2.789594E-01	
383	2.811916E-01	2.812054E-01	2.830155E-01	
384	2.811025E-01	2.795835E-01	2.831078E-01	
385	2.775462E-01	2.784543E-01	2.796419E-01	
386	2.846941E-01	2.853845E-01	2.829587E-01	
387	2.801191E-01	2.805176E-01	2.792261E-01	
388	2.798975E-01	2.783723E-01	2.841899E-01	
389	2.803959E-01	2.813310E-01	2.812531E-01	
390	2.806290E-01	2.769142E-01	2.801549E-01	
391	2.793695E-01	2.790566E-01	2.812551E-01	
392	2.785234E-01	2.797099E-01	2.813988E-01	
393	2.815372E-01	2.751119E-01	2.807896E-01	
394	2.783302E-01	2.805538E-01	2.821262E-01	
395	2.835948E-01	2.842324E-01	2.891469E-01	
396	2.790080E-01	2.781617E-01	2.818256E-01	
397	2.810725E-01	2.821467E-01	2.852154E-01	
398	2.795852E-01	2.805505E-01	2.838542E-01	
399	2.792576E-01	2.814487E-01	2.839679E-01	
400	2.803537E-01	2.818457E-01	2.872692E-01	
401	2.783539E-01	2.777229E-01	2.820499E-01	
402	2.823237E-01	2.828529E-01	2.870416E-01	
403	2.814820E-01	2.808505E-01	2.833425E-01	
404	2.820547E-01	2.815603E-01	2.863241E-01	
405	2.826739E-01	2.824237E-01	2.890544E-01	
406	2.842847E-01	2.806779E-01	2.889124E-01	
407	2.882730E-01	2.913429E-01	2.923139E-01	
408	2.830856E-01	2.845259E-01	2.893381E-01	
409	2.817798E-01	2.831664E-01	2.910023E-01	
410	2.916468E-01	2.891099E-01	2.923127E-01	
411	2.914330E-01	2.886892E-01	2.901463E-01	
412	2.876758E-01	2.864180E-01	2.884334E-01	
413	2.957922E-01	2.926278E-01	2.999670E-01	
414	2.917839E-01	2.892524E-01	2.953070E-01	
415	2.997641E-01	2.912258E-01	2.992508E-01	
416	2.955143E-01	2.956297E-01	2.961022E-01	
417	2.942781E-01	2.911642E-01	2.945795E-01	
418	2.986108E-01	2.915469E-01	3.023827E-01	
419	2.998656E-01	2.915120E-01	3.027171E-01	
420	2.968918E-01	2.898856E-01	3.016629E-01	
421	2.975643E-01	2.917498E-01	2.980298E-01	
422	3.022557E-01	2.957997E-01	3.019086E-01	
423	2.955991E-01	2.889821E-01	3.000029E-01	
424	2.997090E-01	2.923471E-01	3.041556E-01	
425	2.967803E-01	2.876655E-01	2.995737E-01	
426	2.966825E-01	2.964059E-01	3.040699E-01	
427	2.959573E-01	2.923171E-01	3.024467E-01	
428	2.961841E-01	2.909966E-01	3.032213E-01	
429	2.931169E-01	2.932617E-01	2.986201E-01	
430	2.915615E-01	2.953113E-01	3.007707E-01	
431	2.963841E-01	2.947942E-01	3.070187E-01	
432	2.964304E-01	2.934223E-01	2.997594E-01	
433	2.948741E-01	3.026380E-01	3.071058E-01	
434	2.976935E-01	2.922129E-01	2.972063E-01	
435	2.921565E-01	2.938107E-01	2.998889E-01	
436	2.969537E-01	2.952337E-01	2.986913E-01	
437	2.960437E-01	2.930579E-01	3.026453E-01	
438	3.010751E-01	2.977168E-01	3.009464E-01	
439	2.888272E-01	2.874312E-01	2.883288E-01	
440	3.033708E-01	3.031791E-01	3.000366E-01	
441	2.978565E-01	2.896597E-01	2.996166E-01	
442	3.027305E-01	2.946571E-01	2.986212E-01	
443	2.933378E-01	2.852384E-01	2.928523E-01	
444	3.056604E-01	2.999202E-01	2.998104E-01	
445	3.078021E-01	3.007435E-01	2.951811E-01	
446	2.949489E-01	2.924431E-01	2.958251E-01	
447	2.895809E-01	2.928418E-01	2.926739E-01	
448	3.056885E-01	2.943613E-01	3.003794E-01	
449	3.034107E-01	2.986754E-01	3.031139E-01	
450	2.920327E-01	2.990733E-01	2.929156E-01	
451	2.928931E-01	2.860552E-01	2.955826E-01	
452	2.946867E-01	3.053314E-01	3.019034E-01	
453	2.895095E-01	3.023720E-01	2.931547E-01	
454	2.950709E-01	3.046221E-01	3.015065E-01	
455	2.913392E-01	2.978296E-01	2.939064E-01	
456	2.899724E-01	2.988544E-01	2.978005E-01	
457	2.924479E-01	2.955906E-01	2.995337E-01	
458	2.983123E-01	3.062841E-01	3.097152E-01	
459	2.998011E-01	3.053662E-01	3.016777E-01	
460	2.918155E-01	2.987298E-01	2.956800E-01	
461	3.049604E-01	3.009437E-01	3.022751E-01	
462	2.885595E-01	2.846877E-01	2.922343E-01	
463	3.086358E-01	3.107017E-01	3.154437E-01	
464	2.970362E-01	2.839610E-01	3.030078E-01	
465	2.978200E-01	2.962914E-01	3.073793E-01	
466	3.082688E-01	2.891863E-01	3.099158E-01	
467	3.039584E-01	2.950691E-01	3.136333E-01	
468	3.116549E-01	3.173648E-01	3.309112E-01	
469	3.065612E-01	2.935081E-01	3.073061E-01	
470	3.191331E-01	3.160832E-01	3.316866E-01	
471	3.084326E-01	2.951430E-01	3.145807E-01	
472	3.259131E-01	3.099672E-01	3.306038E-01	
473	3.052516E-01	2.921467E-01	3.072309E-01	
474	3.187378E-01	3.120179E-01	3.322101E-01	
475	3.167257E-01	3.109426E-01	3.319210E-01	
476	3.134337E-01	3.123154E-01	3.249592E-01	
477	3.376514E-01	3.379883E-01	3.698217E-01	
478	3.078505E-01	3.062031E-01	3.181035E-01	
479	3.349393E-01	3.556571E-01	3.626463E-01	
480	3.165957E-01	3.045957E-01	3.170859E-01	
481	3.314106E-01	3.401837E-01	3.542037E-01	
482	3.129847E-01	3.115247E-01	3.326920E-01	
483	3.359065E-01	3.316635E-01	3.458889E-01	
484	3.862270E-01	3.746056E-01	4.226013E-01	
485	3.188104E-01	3.197974E-01	3.190737E-01	
486	3.907274E-01	3.756494E-01	4.358924E-01	
487	3.245808E-01	3.365219E-01	3.338879E-01	
488	3.876668E-01	3.652646E-01	4.208005E-01	
489	3.023460E-01	3.418447E-01	3.397430E-01	
490	3.467446E-01	3.582991E-01	3.921830E-01	
491	3.485857E-01	3.668788E-01	3.823259E-01	
492	3.316925E-01	3.722078E-01	3.766633E-01	
493	3.591136E-01	4.346682E-01	4.764193E-01	
494	3.353438E-01	3.760083E-01	3.761244E-01	
495	3.841162E-01	4.427367E-01	4.677455E-01	
496	3.604538E-01	3.962320E-01	3.898285E-01	
497	3.886697E-01	4.179995E-01	4.525922E-01	
498	3.585886E-01	3.900548E-01	4.042242E-01	
499	3.874258E-01	4.284659E-01	4.237021E-01	
500	0	0	0	
501	4.065083E-01	4.366012E-01	4.273691E-01	
502	0	0	0	
503	4.328503E-01	4.694434E-01	4.602982E-01	
504	0	0	0	
505	4.442601E-01	4.647986E-01	4.645349E-01	
506	5.522749E-01	4.962359E-01	5.374820E-01	
507	0	0	0	
508	5.164536E-01	4.877196E-01	4.957853E-01	
509	0	0	0	
510	5.237900E-01	5.227622E-01	5.649999E-01	
511	0	0	0	
512	5.600464E-01	5.668849E-01	5.890764E-01	
513	0	0	0	
514	0	0	0	
515	5.857428E-01	6.202034E-01	6.884082E-01	
516	0	0	0	
517	7.148392E-01	6.235653E-01	7.838855E-01	
518	0	0	0	
519	7.833091E-01	6.582817E-01	0	
520	0	0	0	
521	0	0	0	
522	0	0	0	
523	0	0	0	
524	0	0	0	
525	0	0	0	
526	0	0	0	
527	0	0	0	
528	0	0	0	
529	0	0	0	
530	0	0	0	
531	0	0	0	
532	0	0	0	
533	0	0	0	
534	0	0	0	
535	0	0	0	
536	0	0	0	
537	0	0	0	
538	0	0	0	
539	0	0	0	
540	0	0	0	
541	0	0	0	
542	0	0	0	
543	0	0	0	
544	0	0	0	
545	0	0	0	
546	0	0	0	
547	0	0	0	
548	0	0	0	
549	0	0	0	
550	0	0	0	
551	0	0	0	
552	0	0	0	
553	0	0	0	
554	0	0	0	
555	0	0	0	
556	0	0	0	
557	0	0	0	
558	0	0	0	
559	0	0	0	
560	0	0	0	
561	0	0	0	
562	0	0	0	
563	0	0	0	
564	0	0	0	
565	0	0	0	
566	0	0	0	
567	0	0	0	
568	0	0	0	
569	0	0	0	
570	0	0	0	
571	0	0	0	
572	0	0	0	
573	0	0	0	
574	0	0	0	
575	0	0	0	
576	0	0	0	
577	0	0	0	
578	0	0	0	
579	0	0	0	
580	0	0	0	
581	0	0	0	
582	0	0	0	
583	0	0	0	
584	0	0	0	
585	0	0	0	
586	0	0	0	
587	0	0	0	
588	0	0	0	
589	0	0	0	
590	0	0	0	
591	0	0	0	
592	0	0	0	
593	0	0	0	
594	0	0	0	
595	0	0	0	
596	0	0	0	
597	0	0	0	
598	0	0	0	
599	0	0	0	
#NewRun
0	0	0	0	
1	0	0	0	
2	0	0	0	
3	0	0	0	
4	3.747435E-01	3.734840E-01	2.986719E-01	
5	3.492901E-01	2.838399E-01	3.715146E-01	
6	3.405915E-01	4.009077E-01	3.816746E-01	
7	0	0	0	
8	3.221806E-01	2.994411E-01	3.380370E-01	
9	3.556569E-01	3.142476E-01	2.754961E-01	
10	0	0	0	
11	3.190405E-01	3.771400E-01	2.606196E-01	
12	3.098579E-01	3.787615E-01	3.082948E-01	
13	3.109656E-01	3.439347E-01	2.916422E-01	
14	3.291540E-01	3.865445E-01	2.926866E-01	
15	0	0	0	
16	3.326033E-01	3.527013E-01	3.123632E-01	
17	3.529842E-01	3.350993E-01	3.034748E-01	
18	3.294653E-01	3.503377E-01	2.859299E-01	
19	3.129536E-01	3.205426E-01	2.640951E-01	
20	3.491612E-01	3.474724E-01	2.970470E-01	
21	3.396985E-01	3.430963E-01	3.147993E-01	
22	3.524536E-01	3.689620E-01	3.032263E-01	
23	3.345183E-01	3.553978E-01	3.295348E-01	
24	3.364066E-01	3.505880E-01	2.904252E-01	
25	3.340442E-01	3.390603E-01	3.159902E-01	
26	3.164381E-01	3.527393E-01	3.111923E-01	
27	3.517870E-01	3.251277E-01	3.169996E-01	
28	3.389464E-01	3.389493E-01	3.127078E-01	
29	3.349103E-01	3.411403E-01	3.158120E-01	
30	3.446676E-01	3.413799E-01	3.126257E-01	
31	3.482885E-01	3.413856E-01	3.150397E-01	
32	3.433762E-01	3.335848E-01	3.336515E-01	
33	3.717231E-01	3.285957E-01	3.181671E-01	
34	3.393332E-01	3.237969E-01	3.241466E-01	
35	3.642224E-01	3.471911E-01	3.311065E-01	
36	3.512149E-01	3.062562E-01	3.287313E-01	
37	3.582162E-01	3.380522E-01	3.319268E-01	
38	3.529976E-01	3.109235E-01	3.238684E-01	
39	3.570962E-01	3.104706E-01	3.376267E-01	
40	3.564037E-01	3.334212E-01	3.115644E-01	
41	3.473204E-01	3.246408E-01	3.133767E-01	
42	3.479030E-01	3.219834E-01	3.087095E-01	
43	3.554530E-01	3.281101E-01	3.258962E-01	
44	3.465231E-01	3.296471E-01	3.213443E-01	
45	3.214693E-01	3.281983E-01	3.214398E-01	
46	3.298810E-01	3.356063E-01	3.306879E-01	
47	3.343362E-01	3.330326E-01	3.409515E-01	
48	3.364370E-01	3.309744E-01	3.335730E-01	
49	3.427115E-01	3.323589E-01	3.310116E-01	
50	3.331279E-01	3.429159E-01	3.295054E-01	
51	3.325102E-01	3.352054E-01	3.462378E-01	
52	3.330929E-01	3.246913E-01	3.301329E-01	
53	3.381393E-01	3.356989E-01	3.342970E-01	
54	3.352505E-01	3.364384E-01	3.398937E-01	
55	3.387064E-01	3.374616E-01	3.373288E-01	
56	3.273755E-01	3.392888E-01	3.358973E-01	
57	3.262262E-01	3.279230E-01	3.276125E-01	
58	3.315474E-01	3.240063E-01	3.485976E-01	
59	3.218620E-01	3.248950E-01	3.323709E-01	
60	3.249024E-01	3.201637E-01	3.402817E-01	
61	3.361169E-01	3.295495E-01	3.381527E-01	
62	3.274940E-01	3.276321E-01	3.453405E-01	
63	3.308433E-01	3.207417E-01	3.435436E-01	
64	3.333057E-01	3.148001E-01	3.395082E-01	
65	3.363966E-01	3.236954E-01	3.475536E-01	
66	3.377697E-01	3.198053E-01	3.533270E-01	
67	3.365206E-01	3.172721E-01	3.472369E-01	
68	3.360080E-01	3.238500E-01	3.406040E-01	
69	3.435762E-01	3.238115E-01	3.426136E-01	
70	3.394966E-01	3.179533E-01	3.351091E-01	
71	3.368496E-01	3.200119E-01	3.453018E-01	
72	3.389317E-01	3.174589E-01	3.412075E-01	
73	3.295477E-01	3.191916E-01	3.412415E-01	
74	3.460011E-01	3.172101E-01	3.484379E-01	
75	3.267327E-01	3.267950E-01	3.410185E-01	
76	3.385991E-01	3.203681E-01	3.221150E-01	
77	3.274461E-01	3.258464E-01	3.368568E-01	
78	3.341032E-01	3.150527E-01	3.370144E-01	
79	3.286089E-01	3.138940E-01	3.379141E-01	
80	3.384763E-01	3.122246E-01	3.331305E-01	
81	3.283719E-01	3.176927E-01	3.296704E-01	
82	3.276606E-01	3.165565E-01	3.209167E-01	
83	3.242270E-01	3.188933E-01	3.307099E-01	
84	3.337646E-01	3.241320E-01	3.311715E-01	
85	3.278480E-01	3.192114E-01	3.246292E-01	
86	3.330395E-01	3.249449E-01	3.258540E-01	
87	3.351390E-01	3.198879E-01	3.299589E-01	
88	3.343675E-01	3.270647E-01	3.259646E-01	
89	3.340961E-01	3.293039E-01	3.274494E-01	
90	3.381962E-01	3.292247E-01	3.270184E-01	
91	3.316371E-01	3.275423E-01	3.320389E-01	
92	3.385252E-01	3.239564E-01	3.293967E-01	
93	3.317379E-01	3.252267E-01	3.281975E-01	
94	3.307305E-01	3.294919E-01	3.298047E-01	
95	3.370219E-01	3.326564E-01	3.337183E-01	
96	3.328911E-01	3.331130E-01	3.327782E-01	
97	3.326664E-01	3.307687E-01	3.320128E-01	
98	3.332162E-01	3.346091E-01	3.340905E-01	
99	3.253990E-01	3.328861E-01	3.371926E-01	
100	3.335920E-01	3.333294E-01	3.367179E-01	
101	3.298858E-01	3.372760E-01	3.319450E-01	
102	3.283550E-01	3.383677E-01	3.356864E-01	
103	3.312667E-01	3.324472E-01	3.329875E-01	
104	3.336384E-01	3.373206E-01	3.322616E-01	
105	3.353311E-01	3.358798E-01	3.308762E-01	
106	3.338553E-01	3.335128E-01	3.335411E-01	
107	3.344043E-01	3.333982E-01	3.319216E-01	
108	3.333480E-01	3.351341E-01	3.395893E-01	
109	3.341134E-01	3.346739E-01	3.337782E-01	
110	3.315008E-01	3.359520E-01	3.252639E-01	
111	3.353706E-01	3.323034E-01	3.313991E-01	
112	3.306488E-01	3.319908E-01	3.338675E-01	
113	3.289662E-01	3.345184E-01	3.307171E-01	
114	3.306614E-01	3.338783E-01	3.377871E-01	
115	3.264618E-01	3.363874E-01	3.343996E-01	
116	3.241368E-01	3.314464E-01	3.366920E-01	
117	3.323386E-01	3.333633E-01	3.377349E-01	
118	3.271710E-01	3.304874E-01	3.352675E-01	
119	3.269691E-01	3.288876E-01	3.361483E-01	
120	3.268940E-01	3.309646E-01	3.352292E-01	
121	3.270213E-01	3.296530E-01	3.327670E-01	
122	3.348390E-01	3.325938E-01	3.316750E-01	
123	3.251548E-01	3.246736E-01	3.352106E-01	
124	3.280108E-01	3.313875E-01	3.329420E-01	
125	3.303122E-01	3.278932E-01	3.293094E-01	
126	3.316758E-01	3.210406E-01	3.246120E-01	
127	3.319895E-01	3.275168E-01	3.333494E-01	
128	3.297202E-01	3.237622E-01	3.346396E-01	
129	3.290762E-01	3.250481E-01	3.326942E-01	
130	3.263740E-01	3.221273E-01	3.361469E-01	
131	3.270699E-01	3.240294E-01	3.366106E-01	
132	3.334793E-01	3.292466E-01	3.368808E-01	
133	3.292066E-01	3.295362E-01	3.358498E-01	
134	3.319120E-01	3.273831E-01	3.332442E-01	
135	3.331478E-01	3.301464E-01	3.384477E-01	
136	3.285322E-01	3.268858E-01	3.341873E-01	
137	3.286431E-01	3.323282E-01	3.302731E-01	
138	3.270887E-01	3.303237E-01	3.333867E-01	
139	3.287816E-01	3.345882E-01	3.324648E-01	
140	3.298297E-01	3.317764E-01	3.339026E-01	
141	3.293029E-01	3.307117E-01	3.349973E-01	
142	3.295537E-01	3.312892E-01	3.320569E-01	
143	3.261209E-01	3.342198E-01	3.353647E-01	
144	3.298273E-01	3.372124E-01	3.384810E-01	
145	3.278652E-01	3.322793E-01	3.352021E-01	
146	3.285001E-01	3.327330E-01	3.367799E-01	
147	3.290036E-01	3.346712E-01	3.358734E-01	
148	3.345762E-01	3.328797E-01	3.352889E-01	
149	3.265897E-01	3.308948E-01	3.354495E-01	
150	3.287109E-01	3.349321E-01	3.392935E-01	
151	3.246698E-01	3.341095E-01	3.372781E-01	
152	3.308493E-01	3.306414E-01	3.385709E-01	
153	3.276803E-01	3.332868E-01	3.403933E-01	
154	3.270784E-01	3.317709E-01	3.354218E-01	
155	3.267532E-01	3.367342E-01	3.384902E-01	
156	3.295714E-01	3.310419E-01	3.386053E-01	
157	3.290356E-01	3.337744E-01	3.403190E-01	
158	3.241431E-01	3.341980E-01	3.384233E-01	
159	3.269304E-01	3.344551E-01	3.416566E-01	
160	3.275184E-01	3.342808E-01	3.356014E-01	
161	3.297819E-01	3.312965E-01	3.372686E-01	
162	3.274793E-01	3.317076E-01	3.358865E-01	
163	3.283796E-01	3.320695E-01	3.374440E-01	
164	3.287108E-01	3.338659E-01	3.358837E-01	
165	3.317884E-01	3.320639E-01	3.376663E-01	
166	3.320869E-01	3.345779E-01	3.370976E-01	
167	3.315224E-01	3.323206E-01	3.356291E-01	
168	3.306611E-01	3.321287E-01	3.367813E-01	
169	3.315084E-01	3.286446E-01	3.371033E-01	
170	3.332897E-01	3.307218E-01	3.342714E-01	
171	3.320008E-01	3.307268E-01	3.352187E-01	
172	3.325480E-01	3.291128E-01	3.359453E-01	
173	3.311243E-01	3.303634E-01	3.341231E-01	
174	3.344337E-01	3.247649E-01	3.335917E-01	
175	3.294468E-01	3.299299E-01	3.343090E-01	
176	3.323205E-01	3.261969E-01	3.358025E-01	
177	3.322283E-01	3.283980E-01	3.343499E-01	
178	3.359239E-01	3.294214E-01	3.365285E-01	
179	3.358825E-01	3.278113E-01	3.374478E-01	
180	3.299344E-01	3.252939E-01	3.380823E-01	
181	3.328160E-01	3.278824E-01	3.366286E-01	
182	3.332271E-01	3.260187E-01	3.365157E-01	
183	3.331541E-01	3.254965E-01	3.348969E-01	
184	3.310387E-01	3.306543E-01	3.365016E-01	
185	3.381106E-01	3.265865E-01	3.354155E-01	
186	3.364246E-01	3.278285E-01	3.364428E-01	
187	3.329809E-01	3.300527E-01	3.333192E-01	
188	3.357719E-01	3.308109E-01	3.338775E-01	
189	3.352434E-01	3.295504E-01	3.353346E-01	
190	3.339551E-01	3.306947E-01	3.345198E-01	
191	3.349418E-01	3.280236E-01	3.342121E-01	
192	3.372597E-01	3.295045E-01	3.357546E-01	
193	3.355984E-01	3.331866E-01	3.340789E-01	
194	3.340507E-01	3.303517E-01	3.333472E-01	
195	3.351410E-01	3.346874E-01	3.371607E-01	
196	3.362329E-01	3.331834E-01	3.319222E-01	
197	3.341021E-01	3.328065E-01	3.344603E-01	
198	3.335968E-01	3.344080E-01	3.365186E-01	
199	3.354351E-01	3.321496E-01	3.368534E-01	
200	3.343240E-01	3.333828E-01	3.314250E-01	
201	3.340906E-01	3.303528E-01	3.361181E-01	
202	3.307885E-01	3.308156E-01	3.360859E-01	
203	3.335516E-01	3.340321E-01	3.350914E-01	
204	3.335985E-01	3.312320E-01	3.330183E-01	
205	3.353717E-01	3.326554E-01	3.366535E-01	
206	3.335816E-01	3.319172E-01	3.354785E-01	
207	3.349752E-01	3.312918E-01	3.358225E-01	
208	3.323119E-01	3.337763E-01	3.354684E-01	
209	3.336578E-01	3.336375E-01	3.354393E-01	
210	3.304768E-01	3.331108E-01	3.345739E-01	
211	3.317159E-01	3.320547E-01	3.382735E-01	
212	3.319854E-01	3.334838E-01	3.350012E-01	
213	3.324446E-01	3.339821E-01	3.364961E-01	
214	3.319978E-01	3.323760E-01	3.350836E-01	
215	3.346017E-01	3.306586E-01	3.352557E-01	
216	3.288500E-01	3.322125E-01	3.352035E-01	
217	3.344914E-01	3.344165E-01	3.330086E-01	
218	3.322874E-01	3.306876E-01	3.305974E-01	
219	3.318195E-01	3.313421E-01	3.332049E-01	
220	3.325101E-01	3.313541E-01	3.345192E-01	
221	3.317979E-01	3.346112E-01	3.325620E-01	
222	3.316886E-01	3.313914E-01	3.322465E-01	
223	3.295135E-01	3.320150E-01	3.347148E-01	
224	3.289876E-01	3.326474E-01	3.338225E-01	
225	3.329557E-01	3.335393E-01	3.327719E-01	
226	3.292242E-01	3.337166E-01	3.313833E-01	
227	3.264487E-01	3.329684E-01	3.322353E-01	
228	3.286977E-01	3.331256E-01	3.343747E-01	
229	3.305586E-01	3.319826E-01	3.325521E-01	
230	3.279191E-01	3.312767E-01	3.319892E-01	
231	3.293420E-01	3.336556E-01	3.309799E-01	
232	3.279830E-01	3.312459E-01	3.314093E-01	
233	3.257116E-01	3.299891E-01	3.319690E-01	
234	3.270327E-01	3.318288E-01	3.287352E-01	
235	3.275381E-01	3.303713E-01	3.268005E-01	
236	3.246100E-01	3.293690E-01	3.288023E-01	
237	3.261742E-01	3.280421E-01	3.279606E-01	
238	3.222601E-01	3.306086E-01	3.265993E-01	
239	3.244014E-01	3.289301E-01	3.283441E-01	
240	3.215290E-01	3.280390E-01	3.251997E-01	
241	3.230656E-01	3.268575E-01	3.236076E-01	
242	3.246208E-01	3.267057E-01	3.259996E-01	
243	3.235021E-01	3.285877E-01	3.268134E-01	
244	3.214134E-01	3.255281E-01	3.259306E-01	
245	3.247864E-01	3.255405E-01	3.255299E-01	
246	3.241143E-01	3.230622E-01	3.235040E-01	
247	3.256002E-01	3.240514E-01	3.236424E-01	
248	3.222945E-01	3.219419E-01	3.236817E-01	
249	3.232475E-01	3.242864E-01	3.238131E-01	
250	3.222808E-01	3.225030E-01	3.195872E-01	
251	3.234536E-01	3.239576E-01	3.238078E-01	
252	3.221074E-01	3.218249E-01	3.226234E-01	
253	3.232155E-01	3.240747E-01	3.226516E-01	
254	3.221061E-01	3.238073E-01	3.226292E-01	
255	3.236097E-01	3.222770E-01	3.233039E-01	
256	3.196744E-01	3.212932E-01	3.216865E-01	
257	3.223442E-01	3.221279E-01	3.198824E-01	
258	3.214168E-01	3.223307E-01	3.193852E-01	
259	3.184735E-01	3.205166E-01	3.210754E-01	
260	3.188706E-01	3.199550E-01	3.187525E-01	
261	3.166852E-01	3.206768E-01	3.154173E-01	
262	3.167829E-01	3.163946E-01	3.153168E-01	
263	3.184784E-01	3.189998E-01	3.164076E-01	
264	3.148444E-01	3.151602E-01	3.128341E-01	
265	3.127959E-01	3.152516E-01	3.098745E-01	
266	3.151789E-01	3.176737E-01	3.152673E-01	
267	3.139496E-01	3.144057E-01	3.123477E-01	
268	3.098774E-01	3.118162E-01	3.110673E-01	
269	3.087460E-01	3.108526E-01	3.091241E-01	
270	3.095524E-01	3.102675E-01	3.101671E-01	
271	3.100978E-01	3.132119E-01	3.072273E-01	
272	3.051997E-01	3.115031E-01	3.051042E-01	
273	3.052260E-01	3.126812E-01	3.034639E-01	
274	3.035089E-01	3.067990E-01	3.053453E-01	
275	3.055600E-01	3.090500E-01	3.050356E-01	
276	3.008796E-01	3.061161E-01	3.008410E-01	
277	3.006398E-01	3.028751E-01	3.006229E-01	
278	3.018248E-01	3.050441E-01	3.005530E-01	
279	3.002956E-01	3.017836E-01	3.007045E-01	
280	3.003911E-01	3.025572E-01	2.979848E-01	
281	2.972027E-01	2.980638E-01	2.979798E-01	
282	2.960061E-01	2.996518E-01	2.966065E-01	
283	2.969339E-01	2.985120E-01	2.977684E-01	
284	2.963332E-01	2.994714E-01	2.944998E-01	
285	2.969661E-01	2.981478E-01	2.937396E-01	
286	2.951042E-01	2.944691E-01	2.943229E-01	
287	2.954784E-01	2.950457E-01	2.944404E-01	
288	2.928666E-01	2.929190E-01	2.891565E-01	
289	2.932409E-01	2.939043E-01	2.913618E-01	
290	2.933551E-01	2.906996E-01	2.906545E-01	
291	2.937922E-01	2.927557E-01	2.917701E-01	
292	2.902523E-01	2.890325E-01	2.887381E-01	
293	2.901550E-01	2.891439E-01	2.890438E-01	
294	2.919977E-01	2.899056E-01	2.913525E-01	
295	2.916611E-01	2.897307E-01	2.912192E-01	
296	2.921328E-01	2.892367E-01	2.883700E-01	
297	2.921742E-01	2.887447E-01	2.888586E-01	
298	2.896854E-01	2.896884E-01	2.896524E-01	
299	2.886966E-01	2.901587E-01	2.900556E-01	
300	2.922934E-01	2.921373E-01	2.910743E-01	
301	2.901709E-01	2.897859E-01	2.869458E-01	
302	2.890280E-01	2.911742E-01	2.894046E-01	
303	2.921261E-01	2.935430E-01	2.907867E-01	
304	2.891285E-01	2.909818E-01	2.884904E-01	
305	2.915998E-01	2.926256E-01	2.919751E-01	
306	2.897675E-01	2.903984E-01	2.879801E-01	
307	2.900010E-01	2.908249E-01	2.889309E-01	
308	2.913503E-01	2.925375E-01	2.909071E-01	
309	2.910533E-01	2.927502E-01	2.871313E-01	
310	2.898721E-01	2.932647E-01	2.889282E-01	
311	2.886394E-01	2.910235E-01	2.900061E-01	
312	2.902226E-01	2.936131E-01	2.912867E-01	
313	2.881800E-01	2.908496E-01	2.871589E-01	
314	2.920337E-01	2.948269E-01	2.923361E-01	
315	2.888403E-01	2.931954E-01	2.882303E-01	
316	2.891327E-01	2.931092E-01	2.884457E-01	
317	2.929626E-01	2.908720E-01	2.891084E-01	
318	2.913583E-01	2.937337E-01	2.886928E-01	
319	2.905279E-01	2.913078E-01	2.886692E-01	
320	2.906639E-01	2.911810E-01	2.869946E-01	
321	2.911865E-01	2.937573E-01	2.914364E-01	
322	2.887419E-01	2.909126E-01	2.861917E-01	
323	2.894161E-01	2.923235E-01	2.898305E-01	
324	2.881403E-01	2.909602E-01	2.876574E-01	
325	2.894938E-01	2.924553E-01	2.891075E-01	
326	2.871023E-01	2.906596E-01	2.866887E-01	
327	2.876720E-01	2.894820E-01	2.877159E-01	
328	2.897431E-01	2.895664E-01	2.914604E-01	
329	2.876270E-01	2.891201E-01	2.874786E-01	
330	2.876483E-01	2.881054E-01	2.898324E-01	
331	2.900405E-01	2.878850E-01	2.876913E-01	
332	2.875071E-01	2.875547E-01	2.903067E-01	
333	2.900168E-01	2.881992E-01	2.906629E-01	
334	2.876551E-01	2.873498E-01	2.895474E-01	
335	2.901874E-01	2.881033E-01	2.900826E-01	
336	2.876702E-01	2.869629E-01	2.897634E-01	
337	2.886160E-01	2.873662E-01	2.904848E-01	
338	2.872076E-01	2.873012E-01	2.899010E-01	
339	2.873776E-01	2.870822E-01	2.891113E-01	
340	2.859608E-01	2.881239E-01	2.912527E-01	
341	2.846671E-01	2.845429E-01	2.874488E-01	
342	2.865171E-01	2.872111E-01	2.902017E-01	
343	2.856135E-01	2.853339E-01	2.892010E-01	
344	2.879335E-01	2.871714E-01	2.898050E-01	
345	2.865491E-01	2.838260E-01	2.881267E-01	
346	2.847962E-01	2.849105E-01	2.844716E-01	
347	2.873678E-01	2.866518E-01	2.895986E-01	
348	2.843883E-01	2.875092E-01	2.874774E-01	
349	2.867946E-01	2.865331E-01	2.874131E-01	
350	2.876022E-01	2.855868E-01	2.868569E-01	
351	2.859698E-01	2.850376E-01	2.881873E-01	
352	2.824927E-01	2.850465E-01	2.868201E-01	
353	2.873162E-01	2.875391E-01	2.864786E-01	
354	2.863975E-01	2.857151E-01	2.845242E-01	
355	2.868254E-01	2.834761E-01	2.870946E-01	
356	2.882917E-01	2.841409E-01	2.860276E-01	
357	2.847297E-01	2.848194E-01	2.854131E-01	
358	2.876244E-01	2.850264E-01	2.871895E-01	
359	2.876442E-01	2.849699E-01	2.852277E-01	
360	2.851843E-01	2.852347E-01	2.857616E-01	
361	2.863491E-01	2.866841E-01	2.859467E-01	
362	2.857245E-01	2.827287E-01	2.830211E-01	
363	2.868610E-01	2.867115E-01	2.877731E-01	
364	2.846462E-01	2.859178E-01	2.869137E-01	
365	2.867824E-01	2.865586E-01	2.877519E-01	
366	2.856898E-01	2.859560E-01	2.866709E-01	
367	2.862192E-01	2.864540E-01	2.870387E-01	
368	2.837440E-01	2.815638E-01	2.846885E-01	
369	2.848320E-01	2.868237E-01	2.850955E-01	
370	2.825181E-01	2.852274E-01	2.847038E-01	
371	2.817258E-01	2.832010E-01	2.842298E-01	
372	2.835594E-01	2.901844E-01	2.869157E-01	
373	2.798395E-01	2.845352E-01	2.841100E-01	
374	2.810578E-01	2.819073E-01	2.828767E-01	
375	2.806302E-01	2.846590E-01	2.836464E-01	
376	2.809273E-01	2.848826E-01	2.813354E-01	
377	2.797791E-01	2.831529E-01	2.813711E-01	
378	2.821633E-01	2.839554E-01	2.840098E-01	
379	2.817048E-01	2.820161E-01	2.845710E-01	
380	2.776129E-01	2.784821E-01	2.823308E-01	
381	2.840742E-01	2.821771E-01	2.828409E-01	
382	2.795337E-01	2.809840E-01	2.810176E-01	
383	2.850466E-01	2.804026E-01	2.840251E-01	
384	2.813905E-01	2.821768E-01	2.831957E-01	
385	2.767386E-01	2.782748E-01	2.786735E-01	
386	2.885085E-01	2.818586E-01	2.841416E-01	
387	2.802621E-01	2.773504E-01	2.803447E-01	
388	2.813197E-01	2.831873E-01	2.827465E-01	
389	2.850704E-01	2.772627E-01	2.830865E-01	
390	2.788234E-01	2.759164E-01	2.791750E-01	
391	2.857072E-01	2.786401E-01	2.823794E-01	
392	2.802307E-01	2.764586E-01	2.835347E-01	
393	2.850263E-01	2.771489E-01	2.819708E-01	
394	2.820201E-01	2.800006E-01	2.829321E-01	
395	2.852343E-01	2.776646E-01	2.829490E-01	
396	2.839170E-01	2.761960E-01	2.800329E-01	
397	2.863552E-01	2.750141E-01	2.830386E-01	
398	2.840860E-01	2.763657E-01	2.804122E-01	
399	2.866522E-01	2.739824E-01	2.833344E-01	
400	2.885738E-01	2.773802E-01	2.829319E-01	
401	2.837242E-01	2.738808E-01	2.806750E-01	
402	2.908153E-01	2.794057E-01	2.854374E-01	
403	2.857938E-01	2.814881E-01	2.842791E-01	
404	2.862488E-01	2.781985E-01	2.826803E-01	
405	2.871120E-01	2.811897E-01	2.862934E-01	
406	2.871151E-01	2.811703E-01	2.844363E-01	
407	2.914042E-01	2.858303E-01	2.895657E-01	
408	2.898860E-01	2.842881E-01	2.867918E-01	
409	2.858329E-01	2.857007E-01	2.866477E-01	
410	2.978189E-01	2.902007E-01	2.926044E-01	
411	2.935796E-01	2.893945E-01	2.880461E-01	
412	2.876114E-01	2.860236E-01	2.833198E-01	
413	2.978583E-01	2.925201E-01	2.950747E-01	
414	2.908421E-01	2.880753E-01	2.903075E-01	
415	2.962336E-01	2.983287E-01	2.983116E-01	
416	2.931291E-01	2.945488E-01	2.937033E-01	
417	2.972156E-01	2.899959E-01	2.925785E-01	
418	3.004842E-01	2.979499E-01	2.999243E-01	
419	2.997178E-01	2.967432E-01	2.985549E-01	
420	2.937999E-01	2.980871E-01	2.960608E-01	
421	2.957351E-01	2.978045E-01	2.990071E-01	
422	2.978195E-01	2.982181E-01	3.039773E-01	
423	2.928516E-01	2.953135E-01	2.991059E-01	
424	2.957982E-01	2.967149E-01	3.015616E-01	
425	2.916402E-01	2.994534E-01	2.979844E-01	
426	2.940434E-01	2.976122E-01	3.018725E-01	
427	2.918178E-01	2.925487E-01	3.072936E-01	
428	2.930513E-01	2.944689E-01	2.991092E-01	
429	2.890746E-01	2.937465E-01	3.002658E-01	
430	2.934804E-01	2.936369E-01	3.006657E-01	
431	2.943081E-01	2.954614E-01	3.038761E-01	
432	2.974789E-01	2.950735E-01	2.998141E-01	
433	2.981320E-01	2.968970E-01	3.037572E-01	
434	2.890675E-01	2.908104E-01	3.057374E-01	
435	2.919847E-01	2.926922E-01	3.007631E-01	
436	2.941412E-01	2.948313E-01	3.040801E-01	
437	3.005606E-01	2.982029E-01	3.025487E-01	
438	3.001757E-01	2.939207E-01	3.053819E-01	
439	2.866200E-01	2.886408E-01	2.972698E-01	
440	3.001171E-01	3.023469E-01	3.033762E-01	
441	2.873860E-01	2.934489E-01	3.038171E-01	
442	3.008812E-01	2.993359E-01	3.056523E-01	
443	2.837425E-01	2.890967E-01	2.992214E-01	
444	3.042097E-01	2.933529E-01	3.045685E-01	
445	2.971108E-01	2.955244E-01	3.112152E-01	
446	2.990425E-01	2.882442E-01	2.983967E-01	
447	2.942196E-01	2.942988E-01	3.064752E-01	
448	2.987165E-01	2.900636E-01	3.062652E-01	
449	3.004143E-01	2.986841E-01	3.040317E-01	
450	2.935710E-01	2.907673E-01	3.095292E-01	
451	2.959672E-01	2.909421E-01	3.072990E-01	
452	2.997940E-01	2.978070E-01	3.055094E-01	
453	2.955119E-01	2.993311E-01	3.074341E-01	
454	3.006664E-01	2.945661E-01	3.099030E-01	
455	2.924607E-01	2.982618E-01	3.026187E-01	
456	3.031088E-01	3.003196E-01	3.127831E-01	
457	2.953444E-01	2.929351E-01	3.076542E-01	
458	3.134287E-01	3.035216E-01	3.180811E-01	
459	3.006729E-01	3.063161E-01	3.114567E-01	
460	2.918663E-01	2.954186E-01	3.079689E-01	
461	3.095751E-01	3.045352E-01	3.161425E-01	
462	2.904442E-01	2.920693E-01	3.129425E-01	
463	3.169764E-01	3.150130E-01	3.275651E-01	
464	3.048022E-01	3.024309E-01	3.137551E-01	
465	3.032600E-01	3.003756E-01	3.218095E-01	
466	3.103342E-01	3.056268E-01	3.167990E-01	
467	3.016612E-01	3.044649E-01	3.244999E-01	
468	3.240771E-01	3.114845E-01	3.304759E-01	
469	3.026748E-01	3.059537E-01	3.164994E-01	
470	3.222881E-01	3.210175E-01	3.473310E-01	
471	3.011855E-01	3.085095E-01	3.193527E-01	
472	3.155457E-01	3.296442E-01	3.462033E-01	
473	3.014177E-01	3.040961E-01	3.139608E-01	
474	3.126748E-01	3.266266E-01	3.281871E-01	
475	3.168261E-01	3.188639E-01	3.244602E-01	
476	3.113616E-01	3.226452E-01	3.310282E-01	
477	3.536678E-01	3.577534E-01	3.653131E-01	
478	3.034883E-01	3.111760E-01	3.265522E-01	
479	3.527475E-01	3.668627E-01	3.785165E-01	
480	3.134392E-01	3.118474E-01	3.144205E-01	
481	3.471685E-01	3.572530E-01	3.598009E-01	
482	3.155488E-01	3.178058E-01	3.270342E-01	
483	3.382982E-01	3.370333E-01	3.435708E-01	
484	4.057742E-01	3.873103E-01	4.216510E-01	
485	3.158090E-01	3.296977E-01	3.273783E-01	
486	4.207929E-01	3.990307E-01	4.293346E-01	
487	2.953905E-01	3.265649E-01	3.295828E-01	
488	3.861609E-01	3.853013E-01	4.277148E-01	
489	2.988920E-01	3.403247E-01	3.212351E-01	
490	3.764364E-01	3.905569E-01	4.110290E-01	
491	3.553455E-01	3.501863E-01	3.604746E-01	
492	3.349392E-01	3.794101E-01	3.702322E-01	
493	4.974957E-01	4.523164E-01	4.879951E-01	
494	3.383242E-01	3.811944E-01	3.812337E-01	
495	4.344130E-01	4.463388E-01	4.322591E-01	
496	3.429068E-01	3.993442E-01	4.024228E-01	
497	3.974742E-01	4.444505E-01	4.815711E-01	
498	3.565438E-01	3.998360E-01	4.065275E-01	
499	3.856894E-01	4.454351E-01	4.618318E-01	
500	0	0	0	
501	4.025624E-01	4.334513E-01	4.462610E-01	
502	0	0	0	
503	4.377824E-01	4.564748E-01	4.692428E-01	
504	0	0	0	
505	4.402119E-01	4.778745E-01	4.910329E-01	
506	5.192861E-01	4.578999E-01	5.574927E-01	
507	0	0	0	
508	4.694679E-01	5.051937E-01	5.298880E-01	
509	0	0	0	
510	5.152063E-01	5.508077E-01	5.616165E-01	
511	0	0	0	
512	5.521969E-01	5.963125E-01	6.215429E-01	
513	0	0	0	
514	0	0	0	
515	5.992274E-01	6.385229E-01	6.281052E-01	
516	0	0	0	
517	6.593529E-01	6.291540E-01	6.669709E-01	
518	0	0	0	
519	7.960068E-01	7.730159E-01	6.393588E-01	
520	0	0	0	
521	0	0	0	
522	0	0	0	
523	0	0	0	
524	0	0	0	
525	0	0	0	
526	0	0	0	
527	0	0	0	
528	0	0	0	
529	0	0	0	
530	0	0	0	
531	0	0	0	
532	0	0	0	
533	0	0	0	
534	0	0	0	
535	0	0	0	
536	0	0	0	
537	0	0	0	
538	0	0	0	
539	0	0	0	
540	0	0	0	
541	0	0	0	
542	0	0	0	
543	0	0	0	
544	0	0	0	
545	0	0	0	
546	0	0	0	
547	0	0	0	
548	0	0	0	
549	0	0	0	
550	0	0	0	
551	0	0	0	
552	0	0	0	
553	0	0	0	
554	0	0	0	
555	0	0	0	
556	0	0	0	
557	0	0	0	
558	0	0	0	
559	0	0	0	
560	0	0	0	
561	0	0	0	
562	0	0	0	
563	0	0	0	
564	0	0	0	
565	0	0	0	
566	0	0	0	
567	0	0	0	
568	0	0	0	
569	0	0	0	
570	0	0	0	
571	0	0	0	
572	0	0	0	
573	0	0	0	
574	0	0	0	
575	0	0	0	
576	0	0	0	
577	0	0	0	
578	0	0	0	
579	0	0	0	
580	0	0	0	
581	0	0	0	
582	0	0	0	
583	0	0	0	
584	0	0	0	
585	0	0	0	
586	0	0	0	
587	0	0	0	
588	0	0	0	
589	0	0	0	
590	0	0	0	
591	0	0	0	
592	0	0	0	
593	0	0	0	
594	0	0	0	
595	0	0	0	
596	0	0	0	
597	0	0	0	
598	0	0	0	
599	0	0	0	
#NewRun
0	0	0	0	
1	0	0	0	
2	0	0	0	
3	0	0	0	
4	3.584352E-01	3.135937E-01	2.723447E-01	
5	3.507112E-01	3.505695E-01	3.319365E-01	
6	3.530882E-01	2.384944E-01	3.163760E-01	
7	0	0	0	
8	2.835408E-01	3.267197E-01	3.042318E-01	
9	3.381866E-01	3.573725E-01	3.254362E-01	
10	0	0	0	
11	3.158845E-01	3.777487E-01	3.013960E-01	
12	3.338485E-01	3.325721E-01	3.103856E-01	
13	3.494770E-01	3.080214E-01	2.883655E-01	
14	3.710719E-01	3.302708E-01	3.444940E-01	
15	0	0	0	
16	3.415705E-01	3.398528E-01	3.395126E-01	
17	3.135236E-01	3.277251E-01	3.413482E-01	
18	3.692724E-01	3.370479E-01	3.483076E-01	
19	3.465406E-01	3.155672E-01	3.408339E-01	
20	3.191553E-01	3.372131E-01	3.423444E-01	
21	3.176941E-01	3.377665E-01	3.296069E-01	
22	3.615169E-01	3.105371E-01	3.187918E-01	
23	3.417163E-01	3.037211E-01	3.516900E-01	
24	3.305264E-01	3.290925E-01	3.246185E-01	
25	3.379428E-01	3.222088E-01	3.367250E-01	
26	3.295272E-01	3.238276E-01	3.444861E-01	
27	3.123993E-01	2.878131E-01	3.405637E-01	
28	3.306116E-01	3.036547E-01	3.484670E-01	
29	3.211224E-01	3.030495E-01	3.386690E-01	
30	3.217939E-01	3.267892E-01	3.442094E-01	
31	3.206973E-01	3.234725E-01	3.175093E-01	
32	3.248135E-01	3.298246E-01	3.376442E-01	
33	3.050506E-01	3.272760E-01	3.284040E-01	
34	3.234942E-01	3.379085E-01	3.320584E-01	
35	3.113900E-01	3.228454E-01	3.155522E-01	
36	3.164478E-01	3.412055E-01	3.361928E-01	
37	3.077199E-01	3.320253E-01	3.367269E-01	
38	3.174811E-01	3.494795E-01	3.492823E-01	
39	3.220152E-01	3.391081E-01	3.355452E-01	
40	3.107574E-01	3.350906E-01	3.368309E-01	
41	3.241596E-01	3.550969E-01	3.391651E-01	
42	3.205736E-01	3.417684E-01	3.510947E-01	
43	3.297620E-01	3.442353E-01	3.283292E-01	
44	3.292807E-01	3.315944E-01	3.437993E-01	
45	3.283720E-01	3.303385E-01	3.345348E-01	
46	3.148018E-01	3.436638E-01	3.385532E-01	
47	3.252797E-01	3.467524E-01	3.311951E-01	
48	3.197358E-01	3.407669E-01	3.396556E-01	
49	3.257294E-01	3.388029E-01	3.400622E-01	
50	3.229961E-01	3.386839E-01	3.381672E-01	
51	3.196338E-01	3.443454E-01	3.310096E-01	
52	3.221969E-01	3.326534E-01	3.359272E-01	
53	3.196713E-01	3.363761E-01	3.349273E-01	
54	3.257861E-01	3.355284E-01	3.385866E-01	
55	3.102341E-01	3.419122E-01	3.332406E-01	
56	3.220065E-01	3.371216E-01	3.373414E-01	
57	3.312639E-01	3.366217E-01	3.377598E-01	
58	3.242461E-01	3.369235E-01	3.420606E-01	
59	3.151036E-01	3.438336E-01	3.298829E-01	
60	3.174994E-01	3.371513E-01	3.348865E-01	
61	3.269091E-01	3.322731E-01	3.313182E-01	
62	3.169541E-01	3.348850E-01	3.250368E-01	
63	3.244611E-01	3.408164E-01	3.343862E-01	
64	3.198732E-01	3.323847E-01	3.332013E-01	
65	3.210462E-01	3.295932E-01	3.374175E-01	
66	3.160431E-01	3.366613E-01	3.253100E-01	
67	3.274924E-01	3.247445E-01	3.269049E-01	
68	3.203698E-01	3.313159E-01	3.308615E-01	
69	3.238324E-01	3.328938E-01	3.278452E-01	
70	3.270050E-01	3.290070E-01	3.284775E-01	
71	3.300959E-01	3.244818E-01	3.325479E-01	
72	3.241105E-01	3.243130E-01	3.281767E-01	
73	3.288514E-01	3.208965E-01	3.225012E-01	
74	3.337240E-01	3.308338E-01	3.247917E-01	
75	3.223718E-01	3.218399E-01	3.266045E-01	
76	3.308015E-01	3.254119E-01	3.252989E-01	
77	3.251450E-01	3.276736E-01	3.262027E-01	
78	3.280979E-01	3.244026E-01	3.256458E-01	
79	3.311701E-01	3.261197E-01	3.252023E-01	
80	3.348224E-01	3.252358E-01	3.214406E-01	
81	3.388743E-01	3.207750E-01	3.332591E-01	
82	3.292919E-01	3.214145E-01	3.305759E-01	
83	3.319273E-01	3.228042E-01	3.334761E-01	
84	3.329819E-01	3.269382E-01	3.295540E-01	
85	3.346528E-01	3.282657E-01	3.296082E-01	
86	3.352197E-01	3.330677E-01	3.334037E-01	
87	3.325823E-01	3.227388E-01	3.327802E-01	
88	3.302216E-01	3.308006E-01	3.343970E-01	
89	3.338142E-01	3.276168E-01	3.387456E-01	
90	3.393495E-01	3.328274E-01	3.244990E-01	
91	3.337077E-01	3.331001E-01	3.283772E-01	
92	3.363268E-01	3.310913E-01	3.361370E-01	
93	3.257608E-01	3.343968E-01	3.338353E-01	
94	3.346115E-01	3.340280E-01	3.398848E-01	
95	3.274079E-01	3.341641E-01	3.312934E-01	
96	3.318080E-01	3.331375E-01	3.368742E-01	
97	3.331913E-01	3.354305E-01	3.356304E-01	
98	3.313236E-01	3.339947E-01	3.297837E-01	
99	3.326879E-01	3.381896E-01	3.304554E-01	
100	3.354902E-01	3.371412E-01	3.328695E-01	
101	3.332225E-01	3.378190E-01	3.282275E-01	
102	3.328973E-01	3.432404E-01	3.332814E-01	
103	3.328949E-01	3.394091E-01	3.334842E-01	
104	3.402830E-01	3.386406E-01	3.358284E-01	
105	3.350864E-01	3.388031E-01	3.337972E-01	
106	3.341547E-01	3.412024E-01	3.335413E-01	
107	3.339948E-01	3.405709E-01	3.311959E-01	
108	3.397134E-01	3.340503E-01	3.338265E-01	
109	3.385723E-01	3.376898E-01	3.340851E-01	
110	3.377992E-01	3.374605E-01	3.327165E-01	
111	3.391567E-01	3.376804E-01	3.345613E-01	
112	3.373624E-01	3.344415E-01	3.327599E-01	
113	3.342811E-01	3.366425E-01	3.352985E-01	
114	3.368362E-01	3.318081E-01	3.296724E-01	
115	3.324140E-01	3.319260E-01	3.320371E-01	
116	3.380465E-01	3.333191E-01	3.290421E-01	
117	3.355849E-01	3.333666E-01	3.286956E-01	
118	3.371183E-01	3.310673E-01	3.314930E-01	
119	3.348775E-01	3.292750E-01	3.292700E-01	
120	3.378150E-01	3.269960E-01	3.279451E-01	
121	3.387911E-01	3.278301E-01	3.351696E-01	
122	3.426185E-01	3.325497E-01	3.371624E-01	
123	3.407659E-01	3.289477E-01	3.370735E-01	
124	3.395018E-01	3.327193E-01	3.353087E-01	
125	3.406034E-01	3.290537E-01	3.391230E-01	
126	3.458172E-01	3.311494E-01	3.379338E-01	
127	3.469033E-01	3.311353E-01	3.360711E-01	
128	3.446830E-01	3.391224E-01	3.437799E-01	
129	3.445913E-01	3.332247E-01	3.408052E-01	
130	3.500078E-01	3.287902E-01	3.368709E-01	
131	3.482364E-01	3.325579E-01	3.400116E-01	
132	3.410379E-01	3.288649E-01	3.358395E-01	
133	3.448941E-01	3.292099E-01	3.388323E-01	
134	3.450643E-01	3.324241E-01	3.421071E-01	
135	3.445391E-01	3.348755E-01	3.407006E-01	
136	3.429106E-01	3.292381E-01	3.397057E-01	
137	3.435104E-01	3.335371E-01	3.363948E-01	
138	3.430896E-01	3.345326E-01	3.442138E-01	
139	3.452051E-01	3.325002E-01	3.430880E-01	
140	3.438016E-01	3.322636E-01	3.437056E-01	
141	3.373495E-01	3.373822E-01	3.448317E-01	
142	3.433969E-01	3.377345E-01	3.449807E-01	
143	3.423049E-01	3.336352E-01	3.438231E-01	
144	3.412145E-01	3.344403E-01	3.453533E-01	
145	3.417231E-01	3.333444E-01	3.443758E-01	
146	3.396127E-01	3.329597E-01	3.456283E-01	
147	3.426732E-01	3.359862E-01	3.453045E-01	
148	3.410716E-01	3.334054E-01	3.394291E-01	
149	3.391994E-01	3.333211E-01	3.430678E-01	
150	3.385635E-01	3.370540E-01	3.385980E-01	
151	3.370737E-01	3.304382E-01	3.423220E-01	
152	3.387648E-01	3.349043E-01	3.401784E-01	
153	3.390820E-01	3.328414E-01	3.408308E-01	
154	3.378763E-01	3.350508E-01	3.418385E-01	
155	3.401949E-01	3.348334E-01	3.423072E-01	
156	3.323511E-01	3.320673E-01	3.431994E-01	
157	3.377955E-01	3.329378E-01	3.415102E-01	
158	3.357532E-01	3.351510E-01	3.420591E-01	
159	3.346523E-01	3.349022E-01	3.398904E-01	
160	3.363670E-01	3.294866E-01	3.384707E-01	
161	3.363092E-01	3.329029E-01	3.405838E-01	
162	3.363505E-01	3.302250E-01	3.387703E-01	
163	3.345224E-01	3.330200E-01	3.336604E-01	
164	3.381596E-01	3.344984E-01	3.375868E-01	
165	3.321941E-01	3.318624E-01	3.370130E-01	
166	3.374819E-01	3.335190E-01	3.345442E-01	
167	3.395995E-01	3.358747E-01	3.392166E-01	
168	3.365704E-01	3.346398E-01	3.368241E-01	
169	3.395756E-01	3.330909E-01	3.404125E-01	
170	3.397640E-01	3.353473E-01	3.396345E-01	
171	3.398908E-01	3.364595E-01	3.360586E-01	
172	3.374700E-01	3.331449E-01	3.392062E-01	
173	3.392004E-01	3.362697E-01	3.353494E-01	
174	3.405343E-01	3.347851E-01	3.394752E-01	
175	3.405081E-01	3.360608E-01	3.348597E-01	
176	3.399741E-01	3.352022E-01	3.347968E-01	
177	3.394514E-01	3.356670E-01	3.334270E-01	
178	3.405396E-01	3.370540E-01	3.349259E-01	
179	3.388400E-01	3.334429E-01	3.318852E-01	
180	3.387100E-01	3.339243E-01	3.359306E-01	
181	3.402657E-01	3.345535E-01	3.367280E-01	
182	3.365672E-01	3.378458E-01	3.326264E-01	
183	3.365635E-01	3.385862E-01	3.349918E-01	
184	3.378882E-01	3.354212E-01	3.334136E-01	
185	3.364333E-01	3.397397E-01	3.347746E-01	
186	3.352771E-01	3.394628E-01	3.327812E-01	
187	3.347180E-01	3.398420E-01	3.338126E-01	
188	3.357898E-01	3.431403E-01	3.319643E-01	
189	3.387455E-01	3.394813E-01	3.367586E-01	
190	3.381231E-01	3.408082E-01	3.373208E-01	
191	3.362631E-01	3.386613E-01	3.349556E-01	
192	3.350379E-01	3.424046E-01	3.339501E-01	
193	3.370675E-01	3.401219E-01	3.305952E-01	
194	3.393795E-01	3.373937E-01	3.364837E-01	
195	3.366111E-01	3.361741E-01	3.369688E-01	
196	3.360487E-01	3.402805E-01	3.357045E-01	
197	3.378620E-01	3.394027E-01	3.357748E-01	
198	3.366000E-01	3.390133E-01	3.364531E-01	
199	3.358321E-01	3.350231E-01	3.357992E-01	
200	3.370159E-01	3.378268E-01	3.359879E-01	
201	3.377225E-01	3.336731E-01	3.344227E-01	
202	3.348743E-01	3.355305E-01	3.329803E-01	
203	3.384384E-01	3.321956E-01	3.375344E-01	
204	3.348662E-01	3.319044E-01	3.349953E-01	
205	3.363474E-01	3.349782E-01	3.340572E-01	
206	3.379861E-01	3.318931E-01	3.334806E-01	
207	3.379890E-01	3.330916E-01	3.343974E-01	
208	3.316425E-01	3.340012E-01	3.348454E-01	
209	3.354638E-01	3.320270E-01	3.319251E-01	
210	3.362812E-01	3.338904E-01	3.362126E-01	
211	3.365653E-01	3.333887E-01	3.354641E-01	
212	3.363589E-01	3.348938E-01	3.340211E-01	
213	3.338319E-01	3.332243E-01	3.321486E-01	
214	3.349096E-01	3.301486E-01	3.332449E-01	
215	3.355338E-01	3.319051E-01	3.333825E-01	
216	3.347982E-01	3.307613E-01	3.347220E-01	
217	3.333407E-01	3.300535E-01	3.344127E-01	
218	3.326696E-01	3.269293E-01	3.356981E-01	
219	3.340697E-01	3.292972E-01	3.380404E-01	
220	3.302155E-01	3.298443E-01	3.364487E-01	
221	3.336084E-01	3.310123E-01	3.362718E-01	
222	3.310175E-01	3.285699E-01	3.382445E-01	
223	3.341554E-01	3.261742E-01	3.346445E-01	
224	3.307725E-01	3.258004E-01	3.380264E-01	
225	3.326521E-01	3.263535E-01	3.357543E-01	
226	3.287853E-01	3.278888E-01	3.361733E-01	
227	3.312834E-01	3.261441E-01	3.369470E-01	
228	3.308020E-01	3.242337E-01	3.351422E-01	
229	3.332605E-01	3.265444E-01	3.339072E-01	
230	3.327268E-01	3.291957E-01	3.336501E-01	
231	3.315969E-01	3.276075E-01	3.325895E-01	
232	3.326892E-01	3.252987E-01	3.341937E-01	
233	3.330931E-01	3.286520E-01	3.348828E-01	
234	3.312551E-01	3.269294E-01	3.318250E-01	
235	3.306538E-01	3.256956E-01	3.356679E-01	
236	3.318839E-01	3.270823E-01	3.331865E-01	
237	3.338100E-01	3.273724E-01	3.296277E-01	
238	3.343427E-01	3.255147E-01	3.314311E-01	
239	3.345833E-01	3.265334E-01	3.340481E-01	
240	3.337297E-01	3.257532E-01	3.303029E-01	
241	3.333780E-01	3.263687E-01	3.302881E-01	
242	3.341565E-01	3.252880E-01	3.300323E-01	
243	3.309522E-01	3.258841E-01	3.320233E-01	
244	3.298541E-01	3.259099E-01	3.305185E-01	
245	3.309233E-01	3.244771E-01	3.290664E-01	
246	3.314410E-01	3.254705E-01	3.284656E-01	
247	3.292683E-01	3.257097E-01	3.277278E-01	
248	3.261293E-01	3.230289E-01	3.285250E-01	
249	3.247297E-01	3.259946E-01	3.274919E-01	
250	3.270781E-01	3.250615E-01	3.280001E-01	
251	3.274776E-01	3.262331E-01	3.267214E-01	
252	3.215497E-01	3.244221E-01	3.265960E-01	
253	3.244192E-01	3.243053E-01	3.248127E-01	
254	3.252380E-01	3.220423E-01	3.272269E-01	
255	3.221401E-01	3.208065E-01	3.246937E-01	
256	3.235258E-01	3.217021E-01	3.251462E-01	
257	3.207364E-01	3.206756E-01	3.256927E-01	
258	3.208155E-01	3.198440E-01	3.242820E-01	
259	3.196687E-01	3.207609E-01	3.243257E-01	
260	3.203452E-01	3.162304E-01	3.189072E-01	
261	3.184719E-01	3.171507E-01	3.233338E-01	
262	3.170981E-01	3.174047E-01	3.220941E-01	
263	3.194584E-01	3.172749E-01	3.223211E-01	
264	3.167531E-01	3.138482E-01	3.180712E-01	
265	3.132712E-01	3.127631E-01	3.162413E-01	
266	3.166081E-01	3.138343E-01	3.184594E-01	
267	3.138485E-01	3.127723E-01	3.184387E-01	
268	3.110338E-01	3.109561E-01	3.132795E-01	
269	3.099121E-01	3.096855E-01	3.135345E-01	
270	3.102069E-01	3.092954E-01	3.124459E-01	
271	3.116432E-01	3.096024E-01	3.111954E-01	
272	3.065932E-01	3.083770E-01	3.104877E-01	
273	3.092629E-01	3.064106E-01	3.097120E-01	
274	3.079727E-01	3.070747E-01	3.113126E-01	
275	3.068622E-01	3.066846E-01	3.104352E-01	
276	3.030454E-01	3.032744E-01	3.041245E-01	
277	3.038880E-01	3.029123E-01	3.056849E-01	
278	3.042124E-01	3.023205E-01	3.062321E-01	
279	3.035246E-01	3.005691E-01	3.011569E-01	
280	3.019324E-01	2.992638E-01	3.023779E-01	
281	3.005485E-01	2.986191E-01	2.968155E-01	
282	3.004787E-01	2.986154E-01	2.993253E-01	
283	2.995256E-01	2.990896E-01	3.000105E-01	
284	2.958337E-01	2.948199E-01	2.978013E-01	
285	2.958551E-01	2.971522E-01	2.968611E-01	
286	2.978704E-01	2.965246E-01	2.980406E-01	
287	2.967651E-01	2.936644E-01	2.944648E-01	
288	2.931461E-01	2.922160E-01	2.923623E-01	
289	2.949416E-01	2.939459E-01	2.947918E-01	
290	2.951525E-01	2.915049E-01	2.907211E-01	
291	2.957285E-01	2.937814E-01	2.935619E-01	
292	2.940838E-01	2.897032E-01	2.908992E-01	
293	2.946176E-01	2.925159E-01	2.910575E-01	
294	2.928296E-01	2.936471E-01	2.935621E-01	
295	2.924477E-01	2.922328E-01	2.915759E-01	
296	2.930178E-01	2.925897E-01	2.909696E-01	
297	2.941068E-01	2.917311E-01	2.918902E-01	
298	2.932531E-01	2.924406E-01	2.920400E-01	
299	2.923140E-01	2.904034E-01	2.903233E-01	
300	2.943608E-01	2.936306E-01	2.948040E-01	
301	2.927582E-01	2.909675E-01	2.921360E-01	
302	2.927621E-01	2.928575E-01	2.927049E-01	
303	2.925116E-01	2.905756E-01	2.945725E-01	
304	2.913643E-01	2.886540E-01	2.915693E-01	
305	2.939124E-01	2.908307E-01	2.945481E-01	
306	2.921925E-01	2.893744E-01	2.921076E-01	
307	2.912876E-01	2.904005E-01	2.942647E-01	
308	2.917142E-01	2.918999E-01	2.949167E-01	
309	2.910213E-01	2.914718E-01	2.934600E-01	
310	2.897817E-01	2.879569E-01	2.953938E-01	
311	2.894368E-01	2.908407E-01	2.935006E-01	
312	2.896876E-01	2.912090E-01	2.953020E-01	
313	2.869750E-01	2.888646E-01	2.895592E-01	
314	2.906278E-01	2.932450E-01	2.932397E-01	
315	2.880171E-01	2.899597E-01	2.916285E-01	
316	2.899102E-01	2.885544E-01	2.911962E-01	
317	2.892087E-01	2.902207E-01	2.912503E-01	
318	2.884506E-01	2.905063E-01	2.912096E-01	
319	2.902898E-01	2.902457E-01	2.911593E-01	
320	2.870427E-01	2.896560E-01	2.898586E-01	
321	2.915395E-01	2.912645E-01	2.928237E-01	
322	2.877509E-01	2.881144E-01	2.872508E-01	
323	2.902961E-01	2.907325E-01	2.920777E-01	
324	2.890308E-01	2.885901E-01	2.899699E-01	
325	2.893107E-01	2.888935E-01	2.887414E-01	
326	2.911407E-01	2.902974E-01	2.894857E-01	
327	2.871144E-01	2.889430E-01	2.873679E-01	
328	2.919923E-01	2.902505E-01	2.911814E-01	
329	2.895234E-01	2.875704E-01	2.898579E-01	
330	2.916211E-01	2.897290E-01	2.882434E-01	
331	2.896225E-01	2.888737E-01	2.913270E-01	
332	2.894632E-01	2.886744E-01	2.887316E-01	
333	2.908329E-01	2.876694E-01	2.899018E-01	
334	2.901218E-01	2.887976E-01	2.907602E-01	
335	2.894214E-01	2.889222E-01	2.907275E-01	
336	2.888340E-01	2.890696E-01	2.895850E-01	
337	2.915963E-01	2.891438E-01	2.922119E-01	
338	2.888472E-01	2.864858E-01	2.887711E-01	
339	2.897228E-01	2.866496E-01	2.902490E-01	
340	2.892423E-01	2.864408E-01	2.899405E-01	
341	2.854834E-01	2.852642E-01	2.893593E-01	
342	2.907493E-01	2.876975E-01	2.920278E-01	
343	2.884578E-01	2.834210E-01	2.908380E-01	
344	2.904393E-01	2.870232E-01	2.919331E-01	
345	2.879735E-01	2.857389E-01	2.905918E-01	
346	2.899858E-01	2.850518E-01	2.875064E-01	
347	2.878144E-01	2.871737E-01	2.872406E-01	
348	2.886644E-01	2.853778E-01	2.882629E-01	
349	2.906346E-01	2.855707E-01	2.880325E-01	
350	2.898557E-01	2.846373E-01	2.881135E-01	
351	2.885130E-01	2.861624E-01	2.872725E-01	
352	2.891194E-01	2.876957E-01	2.870547E-01	
353	2.906942E-01	2.885468E-01	2.877810E-01	
354	2.889654E-01	2.861505E-01	2.876245E-01	
355	2.893799E-01	2.872086E-01	2.868199E-01	
356	2.895466E-01	2.861679E-01	2.878777E-01	
357	2.889407E-01	2.843153E-01	2.875887E-01	
358	2.908211E-01	2.857308E-01	2.891761E-01	
359	2.877201E-01	2.848851E-01	2.875620E-01	
360	2.886914E-01	2.842346E-01	2.844791E-01	
361	2.894229E-01	2.838646E-01	2.874762E-01	
362	2.875424E-01	2.813799E-01	2.833280E-01	
363	2.884959E-01	2.832134E-01	2.867817E-01	
364	2.849254E-01	2.821039E-01	2.825338E-01	
365	2.876519E-01	2.835324E-01	2.828755E-01	
366	2.858104E-01	2.835459E-01	2.829884E-01	
367	2.866812E-01	2.802122E-01	2.855169E-01	
368	2.841414E-01	2.811115E-01	2.851987E-01	
369	2.863624E-01	2.811421E-01	2.842324E-01	
370	2.851816E-01	2.817689E-01	2.809433E-01	
371	2.815510E-01	2.790188E-01	2.827011E-01	
372	2.855569E-01	2.817211E-01	2.835685E-01	
373	2.798936E-01	2.800445E-01	2.800511E-01	
374	2.844821E-01	2.796223E-01	2.818411E-01	
375	2.832715E-01	2.801472E-01	2.827682E-01	
376	2.788426E-01	2.784394E-01	2.807979E-01	
377	2.816857E-01	2.799468E-01	2.819534E-01	
378	2.822599E-01	2.786122E-01	2.808688E-01	
379	2.843340E-01	2.770008E-01	2.807740E-01	
380	2.831624E-01	2.772476E-01	2.769687E-01	
381	2.839893E-01	2.768373E-01	2.799678E-01	
382	2.819549E-01	2.741230E-01	2.739044E-01	
383	2.852977E-01	2.770710E-01	2.791818E-01	
384	2.840982E-01	2.780431E-01	2.764615E-01	
385	2.801439E-01	2.750919E-01	2.743027E-01	
386	2.859496E-01	2.762805E-01	2.759770E-01	
387	2.798255E-01	2.709871E-01	2.735715E-01	
388	2.815231E-01	2.786567E-01	2.730113E-01	
389	2.831434E-01	2.782767E-01	2.739977E-01	
390	2.813960E-01	2.721211E-01	2.738499E-01	
391	2.783495E-01	2.785164E-01	2.753533E-01	
392	2.788086E-01	2.772273E-01	2.746798E-01	
393	2.800769E-01	2.781003E-01	2.763692E-01	
394	2.790735E-01	2.795398E-01	2.742239E-01	
395	2.799560E-01	2.793872E-01	2.797697E-01	
396	2.787380E-01	2.761889E-01	2.788478E-01	
397	2.807370E-01	2.789429E-01	2.768118E-01	
398	2.777877E-01	2.792810E-01	2.749491E-01	
399	2.832224E-01	2.796719E-01	2.794153E-01	
400	2.832137E-01	2.785896E-01	2.798996E-01	
401	2.803896E-01	2.787280E-01	2.786820E-01	
402	2.857097E-01	2.817525E-01	2.814631E-01	
403	2.834363E-01	2.800414E-01	2.814393E-01	
404	2.819128E-01	2.821109E-01	2.838902E-01	
405	2.856025E-01	2.826545E-01	2.822087E-01	
406	2.822567E-01	2.799247E-01	2.824812E-01	
407	2.899291E-01	2.884898E-01	2.894863E-01	
408	2.821652E-01	2.818808E-01	2.843576E-01	
409	2.852219E-01	2.864322E-01	2.860923E-01	
410	2.894379E-01	2.880272E-01	2.917054E-01	
411	2.904471E-01	2.869435E-01	2.910952E-01	
412	2.877840E-01	2.884268E-01	2.888780E-01	
413	2.925734E-01	2.936797E-01	2.963236E-01	
414	2.936191E-01	2.928880E-01	2.927230E-01	
415	2.932051E-01	2.919705E-01	2.952556E-01	
416	2.936383E-01	2.894279E-01	2.938099E-01	
417	2.908269E-01	2.876156E-01	2.919512E-01	
418	2.943484E-01	2.932018E-01	2.953461E-01	
419	2.961181E-01	2.921307E-01	2.982425E-01	
420	2.960147E-01	2.908565E-01	2.962499E-01	
421	2.931451E-01	2.920257E-01	2.954817E-01	
422	2.884790E-01	2.979207E-01	2.981108E-01	
423	2.886268E-01	2.890369E-01	2.959633E-01	
424	2.889354E-01	2.936719E-01	3.008691E-01	
425	2.929486E-01	2.904439E-01	2.994099E-01	
426	2.895761E-01	2.891063E-01	2.981758E-01	
427	2.886472E-01	2.918208E-01	2.971878E-01	
428	2.950457E-01	2.864856E-01	2.992538E-01	
429	2.946312E-01	2.857787E-01	2.958167E-01	
430	2.935372E-01	2.899224E-01	2.981514E-01	
431	2.949857E-01	2.925488E-01	2.961472E-01	
432	2.966128E-01	2.945655E-01	2.984420E-01	
433	2.975798E-01	2.970571E-01	3.028301E-01	
434	2.949123E-01	2.945756E-01	3.001023E-01	
435	2.991401E-01	2.937338E-01	2.955872E-01	
436	3.045186E-01	2.936299E-01	2.977572E-01	
437	3.020157E-01	2.939909E-01	3.036301E-01	
438	3.047387E-01	2.974581E-01	3.043161E-01	
439	2.968286E-01	2.903352E-01	2.933874E-01	
440	3.079719E-01	2.976351E-01	2.962178E-01	
441	3.018828E-01	2.941345E-01	2.956002E-01	
442	3.069559E-01	2.986027E-01	3.025974E-01	
443	2.927539E-01	2.960790E-01	2.948528E-01	
444	3.081847E-01	3.072901E-01	3.069391E-01	
445	3.003727E-01	3.070560E-01	3.005142E-01	
446	2.989169E-01	3.018246E-01	2.964522E-01	
447	3.053831E-01	2.967237E-01	2.919407E-01	
448	3.007404E-01	3.042133E-01	2.979393E-01	
449	3.057056E-01	3.053432E-01	3.050436E-01	
450	3.081076E-01	3.037646E-01	2.946023E-01	
451	2.993160E-01	3.046674E-01	2.963083E-01	
452	3.136045E-01	3.076542E-01	2.953354E-01	
453	3.059538E-01	3.013384E-01	2.975614E-01	
454	3.074110E-01	3.087494E-01	3.046383E-01	
455	2.932752E-01	3.066071E-01	2.892945E-01	
456	3.014541E-01	3.078612E-01	2.961111E-01	
457	2.969784E-01	3.018705E-01	2.907276E-01	
458	3.051434E-01	3.124684E-01	2.989290E-01	
459	3.023616E-01	3.106646E-01	2.967701E-01	
460	2.969158E-01	3.036693E-01	2.920437E-01	
461	3.112623E-01	3.190108E-01	3.077678E-01	
462	2.951584E-01	2.997842E-01	2.835504E-01	
463	3.201058E-01	3.284114E-01	3.127046E-01	
464	2.886495E-01	3.066494E-01	2.938937E-01	
465	3.016390E-01	3.183800E-01	3.042202E-01	
466	3.004378E-01	3.097884E-01	3.006395E-01	
467	3.058546E-01	3.119471E-01	3.046783E-01	
468	3.059930E-01	3.287998E-01	3.184520E-01	
469	2.983246E-01	3.102109E-01	2.921423E-01	
470	3.278485E-01	3.396894E-01	3.286955E-01	
471	3.028192E-01	3.103847E-01	2.953412E-01	
472	3.187348E-01	3.371179E-01	3.292165E-01	
473	2.822451E-01	3.059653E-01	2.951831E-01	
474	3.157202E-01	3.371282E-01	3.149643E-01	
475	3.106253E-01	3.195452E-01	3.132303E-01	
476	3.133074E-01	3.264055E-01	2.949133E-01	
477	3.671307E-01	3.796576E-01	3.475450E-01	
478	2.991708E-01	3.000188E-01	2.866594E-01	
479	3.506071E-01	3.604981E-01	3.459301E-01	
480	3.126194E-01	2.977247E-01	2.887254E-01	
481	3.431727E-01	3.413661E-01	3.188516E-01	
482	3.260937E-01	3.149169E-01	3.183682E-01	
483	3.287525E-01	3.195663E-01	3.163216E-01	
484	3.881234E-01	3.960612E-01	4.201869E-01	
485	3.263626E-01	3.112776E-01	3.104478E-01	
486	4.139776E-01	4.162925E-01	4.196413E-01	
487	3.435865E-01	3.226574E-01	3.184067E-01	
488	3.941927E-01	3.773226E-01	3.960131E-01	
489	3.478063E-01	3.208304E-01	3.259583E-01	
490	3.830068E-01	3.586859E-01	3.667172E-01	
491	3.837133E-01	3.696206E-01	3.651208E-01	
492	3.762947E-01	3.480929E-01	3.582620E-01	
493	4.911203E-01	4.254782E-01	4.203758E-01	
494	3.970839E-01	3.574486E-01	3.692178E-01	
495	5.033107E-01	3.722548E-01	4.809630E-01	
496	3.983584E-01	3.483217E-01	3.797784E-01	
497	4.488179E-01	4.111684E-01	4.419782E-01	
498	3.965099E-01	3.946940E-01	3.952551E-01	
499	4.544596E-01	4.193008E-01	4.409187E-01	
500	0	0	0	
501	4.506019E-01	4.316636E-01	4.439613E-01	
502	0	0	0	
503	4.628706E-01	4.493592E-01	4.603725E-01	
504	0	0	0	
505	5.054612E-01	5.210136E-01	5.177844E-01	
506	6.284928E-01	5.876998E-01	5.830488E-01	
507	0	0	0	
508	5.328038E-01	5.545688E-01	5.495426E-01	
509	0	0	0	
510	5.762504E-01	5.960817E-01	5.746219E-01	
511	0	0	0	
512	5.830784E-01	5.929351E-01	6.186073E-01	
513	0	0	0	
514	0	0	0	
515	6.425503E-01	6.117434E-01	6.977722E-01	
516	0	0	0	
517	6.759817E-01	7.227399E-01	7.187455E-01	
518	0	0	0	
519	7.656418E-01	7.775473E-01	7.517285E-01	
520	0	0	0	
521	0	0	0	
522	0	0	0	
523	0	0	0	
524	0	0	0	
525	0	0	0	
526	0	0	0	
527	0	0	0	
528	0	0	0	
529	0	0	0	
530	0	0	0	
531	0	0	0	
532	0	0	0	
533	0	0	0	
534	0	0	0	
535	0	0	0	
536	0	0	0	
537	0	0	0	
538	0	0	0	
539	0	0	0	
540	0	0	0	
541	0	0	0	
542	0	0	0	
543	0	0	0	
544	0	0	0	
545	0	0	0	
546	0	0	0	
547	0	0	0	
548	0	0	0	
549	0	0	0	
550	0	0	0	
551	0	0	0	
552	0	0	0	
553	0	0	0	
554	0	0	0	
555	0	0	0	
556	0	0	0	
557	0	0	0	
558	0	0	0	
559	0	0	0	
560	0	0	0	
561	0	0	0	
562	0	0	0	
563	0	0	0	
564	0	0	0	
565	0	0	0	
566	0	0	0	
567	0	0	0	
568	0	0	0	
569	0	0	0	
570	0	0	0	
571	0	0	0	
572	0	0	0	
573	0	0	0	
574	0	0	0	
575	0	0	0	
576	0	0	0	
577	0	0	0	
578	0	0	0	
579	0	0	0	
580	0	0	0	
581	0	0	0	
582	0	0	0	
583	0	0	0	
584	0	0	0	
585	0	0	0	
586	0	0	0	
587	0	0	0	
588	0	0	0	
589	0	0	0	
590	0	0	0	
591	0	0	0	
592	0	0	0	
593	0	0	0	
594	0	0	0	
595	0	0	0	
596	0	0	0	
597	0	0	0	
598	0	0	0	
599	0	0	0	
#NewRun
